   0.0000000e+00   0.0000000e+00   0.0000000e+00   0.0000000e+00   0.0000000e+00   4.3368087e-19
   6.8614053e-03  -4.4173761e-02   1.8852961e-01  -4.5434685e-03  -4.4021633e-04   2.5528204e-04
  -1.5396495e-02   3.6593473e-01  -2.3748299e-01  -2.7472853e-02   2.5997897e-03  -2.2390715e-03
   1.5889315e-02   1.8936536e-01  -2.1905833e-01  -1.9212536e-02   2.2845368e-03  -1.5704633e-03
   3.3052901e-03   2.1246239e-01  -1.5091601e-01  -2.1223442e-02   2.6925089e-03  -1.5737901e-03
  -7.8281452e-03   1.8480764e-01  -9.2054420e-02  -2.0704022e-02   2.7526838e-03  -1.8376711e-03
   5.1887588e-03  -1.0346521e-01   1.5270677e-02  -1.4997166e-02   2.4364074e-03  -1.5594506e-03
   1.7342518e-02  -2.4103135e-02  -6.1529523e-01  -1.3459276e-02   1.3434258e-03  -2.0918107e-03
  -5.9062386e-02  -1.0545168e-02  -1.0279310e+00  -1.0398280e-02   2.2991887e-03  -3.6071961e-03
   2.2497714e-02   1.7101266e-02  -1.0525990e+00  -1.0510790e-02   3.9974195e-04  -2.6199977e-03
  -6.6577171e-03  -4.6022717e-02  -9.7179874e-01  -9.9046130e-03   2.7438560e-04  -4.4011959e-03
  -2.8814061e-02  -9.6237364e-02  -1.0078300e+00  -7.2799480e-03   3.2308304e-04  -5.1976870e-03
  -3.1153927e-02  -1.1435543e-01  -1.0957885e+00  -5.4109151e-03  -3.9684192e-04  -5.2345881e-03
  -1.8702919e-02  -1.8023345e-01  -1.2051327e+00  -1.5820473e-03  -2.1186075e-03  -5.1790997e-03
  -3.2935498e-02  -2.1096149e-01  -1.2474447e+00  -9.0527987e-05  -3.1175319e-03  -5.9022673e-03
  -6.3686937e-02  -1.8974840e-01  -1.2476417e+00  -5.5008770e-04  -2.6921867e-03  -6.2140443e-03
  -1.4281578e-02  -1.8627589e-01  -1.3343172e+00   2.2703421e-03  -3.4474407e-03  -5.1993747e-03
   3.8734557e-03  -2.2207695e-01  -1.3714743e+00   2.1435923e-03  -4.5915807e-03  -4.8478502e-03
  -4.4632872e-03  -2.7487852e-01  -1.4358972e+00   6.0972047e-03  -5.1748781e-03  -5.2336620e-03
  -2.3870554e-02  -3.0954735e-01  -1.4792119e+00   8.8013068e-03  -4.7005296e-03  -6.0158482e-03
  -7.4058821e-02  -2.5936003e-01  -1.4634420e+00   7.2925398e-03  -3.8915514e-03  -6.8315409e-03
  -4.9373002e-02  -2.9840773e-01  -1.4574194e+00   8.1140707e-03  -3.9936471e-03  -5.7386084e-03
  -1.6433187e-02  -3.3582354e-01  -1.4216852e+00   9.8222201e-03  -4.6692664e-03  -5.2447139e-03
  -7.1425457e-03  -3.4888146e-01  -1.4477667e+00   1.1193069e-02  -5.5020003e-03  -5.4109960e-03
   1.3245972e-02  -2.5158746e-01  -1.3366823e+00   6.0403861e-03  -4.9803428e-03  -3.8745224e-03
   8.0511027e-02  -6.9989654e-03  -1.0167137e+00  -7.5469136e-03  -4.1753357e-03  -2.3365516e-03
   7.1435373e-02   3.3643870e-02  -1.0451483e+00  -6.8978139e-03  -4.0840644e-03  -2.2883576e-03
   7.1636733e-02   3.1001681e-02  -9.9504586e-01  -9.3280482e-03  -3.9709171e-03  -1.9953226e-03
   9.7531391e-02   4.0226738e-02  -9.8143783e-01  -9.2370257e-03  -4.2630986e-03  -1.8785553e-03
   1.0700101e-01   4.7379755e-02  -9.5502004e-01  -9.2929407e-03  -4.5182374e-03  -1.7180482e-03
   1.0744494e-01   5.3863735e-02  -8.9837683e-01  -1.0108690e-02  -4.4195569e-03  -1.5460543e-03
   1.1489157e-01   7.5112333e-02  -8.8481867e-01  -1.0533397e-02  -4.3886238e-03  -1.5233445e-03
   1.1720789e-01   2.8482295e-02  -8.4659029e-01  -9.4930215e-03  -4.6970003e-03  -1.4848681e-03
   1.1391293e-01   4.7317498e-02  -8.2495417e-01  -1.0529046e-02  -4.5729375e-03  -1.5940948e-03
   9.9851183e-02   5.9033188e-02  -8.6306683e-01  -1.1171503e-02  -4.3913964e-03  -1.7141121e-03
   1.2294219e-01   5.5875447e-02  -9.0155514e-01  -1.0370977e-02  -4.2970739e-03  -1.6221442e-03
   1.0796057e-01   6.9397534e-02  -9.0652481e-01  -1.1204963e-02  -4.1593328e-03  -1.7482808e-03
   8.2705632e-02  -1.3781053e-01  -1.1129454e+00  -2.8154298e-03  -4.8942114e-03  -2.9341069e-03
   1.3475269e-01  -1.8580713e-01  -1.2668434e+00   2.1000776e-03  -7.5655757e-03  -2.0857791e-03
   1.2112882e-01  -3.0454863e-01  -1.3414852e+00   6.5144082e-03  -8.8689633e-03  -2.7124291e-03
   7.8521610e-02  -3.1136670e-01  -1.3764238e+00   8.2003432e-03  -8.7820378e-03  -3.8885347e-03
   7.8839074e-02  -3.5275160e-01  -1.4441397e+00   1.0645030e-02  -9.6784890e-03  -4.3344990e-03
   1.7014211e-01  -3.5899604e-01  -1.5345743e+00   1.2068340e-02  -1.3626339e-02  -2.8145541e-03
   1.5524542e-01  -4.3899020e-01  -1.5167275e+00   1.5443393e-02  -1.5027995e-02  -4.1001521e-03
   1.4560278e-01  -3.3443504e-01  -1.4338453e+00   1.1558535e-02  -1.2103979e-02  -2.9314520e-03
   5.9095850e-02  -1.2852713e-01  -7.1944360e-01  -1.3504447e-02  -7.8286902e-03  -2.2410579e-03
  -2.5837967e-02   4.8546703e-01  -1.2624724e+00  -3.8523371e-02  -1.1292853e-03  -2.4575460e-03
  -4.0146172e-02   3.8800988e-01  -8.2573336e-01  -4.0198610e-02  -8.1857002e-04  -2.5180815e-03
   1.2876681e-03   2.8318629e-01  -9.6192628e-01  -3.5117865e-02  -2.5489212e-03  -2.2829246e-03
   1.4976978e-02   3.2240306e-01  -9.5786806e-01  -3.6203766e-02  -3.0608755e-03  -2.3862747e-03
   1.9551301e-02   2.4635261e-01  -8.1459079e-01  -3.5567340e-02  -3.0086872e-03  -2.3159528e-03
   6.1138905e-03   3.5714540e-02  -1.3272600e+00  -2.5287182e-02  -6.1057404e-03  -4.2461115e-03
   1.7282236e-03  -2.8038062e-02  -1.4238509e+00  -1.9496489e-02  -6.8381457e-03  -4.5244557e-03
   6.8128023e-02  -1.1392993e-01  -1.6055385e+00  -1.0501780e-02  -1.0471275e-02  -3.7112497e-03
  -1.4359959e-02  -2.6007889e-01  -1.6718784e+00  -3.7747131e-03  -9.5035045e-03  -6.0156449e-03
  -9.1170535e-02  -2.2351967e-01  -1.6409438e+00  -3.9813783e-03  -8.6832060e-03  -7.5314169e-03
  -7.8658349e-02  -2.8396559e-01  -1.6681529e+00  -2.7005705e-03  -9.5182643e-03  -7.3950793e-03
  -4.3970806e-03  -2.5364833e-01  -1.6592710e+00  -4.3009061e-03  -9.8794192e-03  -6.1559798e-03
   4.6875982e-02   6.8809673e-02  -1.2412832e+00  -2.0553477e-02  -7.4129812e-03  -3.0917108e-03
   7.5623788e-02   1.7606034e-01  -1.1827125e+00  -2.4625615e-02  -7.6975180e-03  -2.8469894e-03
   5.0963999e-02   2.0819348e-01  -1.1953983e+00  -2.5745886e-02  -7.5205967e-03  -3.0285733e-03
   1.8638805e-02   5.0667417e-02  -1.0177382e+00  -2.4973682e-02  -7.0837606e-03  -3.3245038e-03
   5.1333214e-02   1.7435565e-01  -1.2417679e+00  -2.4641357e-02  -7.5344183e-03  -2.8999439e-03
   7.0409201e-02   1.8059824e-01  -1.3308321e+00  -2.3681131e-02  -7.0121410e-03  -2.5423050e-03
   5.4857963e-02   1.9213829e-01  -1.1973142e+00  -2.5474132e-02  -6.7430285e-03  -2.6607361e-03
  -5.2604385e-03  -3.4296436e-02  -5.4568530e-01  -2.5066913e-02  -5.7459212e-03  -3.4931832e-03
   2.2832871e-04  -5.4455462e-02  -9.2812844e-01  -2.4363608e-02  -5.6736218e-03  -1.8860466e-03
   2.5430132e-02   1.3614953e-01  -1.2333655e+00  -2.6001876e-02  -6.6974112e-03  -2.1298218e-03
   3.3888562e-02   1.8518144e-01  -1.1746338e+00  -2.6045651e-02  -7.1451807e-03  -2.2996411e-03
   4.5135513e-02   2.0981248e-01  -1.1248303e+00  -2.6222993e-02  -7.7559664e-03  -2.4658020e-03
   5.4043694e-02   2.2658573e-01  -1.0744053e+00  -2.6376476e-02  -7.8155904e-03  -2.5085379e-03
   7.0302770e-02   2.1086067e-01  -1.1045854e+00  -2.6538815e-02  -7.8790771e-03  -2.2684492e-03
   4.0584990e-02   1.8191604e-01  -1.0371350e+00  -2.7251079e-02  -7.0097051e-03  -2.1562715e-03
   2.4914188e-03   1.8262240e-01  -9.6735603e-01  -2.7451862e-02  -5.2282939e-03  -1.7838361e-03
  -8.7232708e-02   6.0485434e-02  -1.2649977e+00  -1.7285739e-02  -4.8766852e-03  -4.9089861e-03
  -6.3926355e-02  -3.6398575e-01  -1.5958365e+00  -2.4282149e-03  -8.7569662e-03  -5.7571196e-03
  -8.0414383e-02  -2.4999793e-01  -1.8213060e+00   4.2304735e-03  -9.0580953e-03  -6.4593618e-03
  -1.3950291e-01  -6.7312328e-01  -2.0908133e+00   1.6788348e-02  -9.4938071e-03  -9.2147160e-03
   3.0177920e-02  -5.8728490e-01  -2.1109047e+00   1.6982195e-02  -1.2641613e-02  -4.5574799e-03
  -3.4293248e-02  -6.1881211e-01  -2.0144325e+00   1.6900734e-02  -1.2457175e-02  -6.0747517e-03
  -7.9200109e-02  -6.2465643e-01  -2.0619819e+00   1.9181846e-02  -1.1520637e-02  -7.2730164e-03
  -6.8400930e-02  -6.5566010e-01  -2.0172056e+00   1.9099431e-02  -1.2174479e-02  -6.4965109e-03
  -2.5334318e-02  -6.6106079e-01  -1.9793150e+00   1.7896463e-02  -1.3825051e-02  -5.6902966e-03
   7.4278167e-02  -6.4981040e-01  -2.0245735e+00   1.9429471e-02  -1.7482260e-02  -3.4204249e-03
   6.8821878e-02  -7.8423725e-01  -2.0123926e+00   2.4736929e-02  -1.8495577e-02  -2.8822966e-03
  -5.1999738e-02  -6.1491151e-01  -1.9943104e+00   1.8159175e-02  -1.4956113e-02  -4.0717930e-03
   7.5031492e-03  -6.4224643e-01  -2.0879493e+00   2.1081041e-02  -1.7164745e-02  -3.1926589e-03
  -3.4807913e-03  -6.4246596e-01  -2.1068804e+00   2.2014941e-02  -1.5772960e-02  -3.7905885e-03
   2.2267976e-02  -7.5737064e-01  -2.0795922e+00   2.5173421e-02  -1.6492485e-02  -3.3925072e-03
   1.0777881e-01  -7.7785475e-01  -2.0980137e+00   2.6314875e-02  -2.0003661e-02  -2.1076899e-03
   5.1971223e-02  -7.2500994e-01  -2.0883569e+00   2.3824609e-02  -1.7867510e-02  -3.0679780e-03
   1.1367110e-01  -3.4957251e-01  -1.8495616e+00   7.6007332e-03  -1.6015849e-02  -9.7592272e-04
  -5.8515046e-02  -1.8268824e-01  -9.6377710e-01  -2.0952801e-02  -1.3211178e-02  -2.2095522e-03
  -1.0153619e-01   4.7974931e-01  -1.3369286e+00  -5.4288784e-02  -1.1826274e-02  -5.4381716e-03
  -1.0406254e-01   1.8032162e-01  -8.8139627e-01  -5.1952290e-02  -1.0532100e-02  -5.0023347e-03
  -1.0457893e-01   3.3536580e-01  -1.5301224e+00  -4.9982103e-02  -1.1251749e-02  -4.8969066e-03
  -6.8457787e-02   4.6910568e-01  -1.4328657e+00  -5.3425279e-02  -1.1803414e-02  -4.4622848e-03
  -7.8011769e-02   4.6191764e-01  -1.4767914e+00  -5.1010204e-02  -1.1198676e-02  -4.2511450e-03
  -3.4985054e-02   3.8712228e-01  -1.5280406e+00  -4.6559526e-02  -1.2362177e-02  -4.1565166e-03
   5.6164171e-02   2.0393678e-01  -1.8245846e+00  -3.6015187e-02  -1.4490440e-02  -2.6649478e-03
   6.8163667e-02   2.2894240e-01  -2.0220324e+00  -3.1471781e-02  -1.5675074e-02  -2.3962861e-03
   2.5062468e-02   9.4969764e-02  -1.9905279e+00  -2.9948625e-02  -1.4571228e-02  -3.6344338e-03
   4.0309653e-03   2.4292361e-01  -1.6434765e+00  -3.9854336e-02  -1.2654508e-02  -3.6499970e-03
  -7.5518692e-03   3.0572331e-01  -1.6076625e+00  -4.1992390e-02  -1.2231527e-02  -3.8046121e-03
  -1.1461120e-03   3.5941288e-01  -1.6169007e+00  -4.2628050e-02  -1.2680036e-02  -3.8439796e-03
   2.6873256e-02   3.2702297e-01  -1.6886714e+00  -4.0757556e-02  -1.2875473e-02  -3.2812288e-03
   4.7682299e-02   2.4970016e-01  -1.8238971e+00  -3.5127423e-02  -1.3809991e-02  -2.7904703e-03
   6.3255499e-02   8.4575933e-02  -2.1325332e+00  -2.6593426e-02  -1.5801276e-02  -3.6867178e-03
  -1.4157315e-02  -2.1437507e-01  -2.2571554e+00  -1.7389590e-02  -1.5770031e-02  -5.9111290e-03
  -1.3477512e-02  -2.7889794e-01  -2.3481645e+00  -1.1864817e-02  -1.6791615e-02  -6.5650716e-03
  -8.2466932e-04  -3.4047920e-01  -2.3269290e+00  -9.9222585e-03  -1.7240084e-02  -6.4643854e-03
  -5.4486353e-02  -3.8648445e-01  -2.3260087e+00  -9.3326295e-03  -1.5826188e-02  -7.5062225e-03
  -1.4109316e-02  -3.4367333e-01  -2.2783181e+00  -1.1288245e-02  -1.5810213e-02  -6.0859763e-03
   9.2997571e-04  -3.2453914e-01  -2.3010040e+00  -1.0497489e-02  -1.6052344e-02  -5.7937252e-03
   9.2806116e-04  -3.7096699e-01  -2.2881632e+00  -9.7726258e-03  -1.6943285e-02  -5.8777155e-03
  -1.2458279e-02  -4.7442021e-01  -2.3650830e+00  -4.7467487e-03  -1.5939752e-02  -5.8925959e-03
   2.3083419e-02  -3.7835579e-01  -2.3053694e+00  -8.0589745e-03  -1.6514882e-02  -5.1614949e-03
  -1.6409948e-02  -4.2789645e-01  -2.2943193e+00  -7.5296887e-03  -1.6255446e-02  -6.3351118e-03
  -3.8071345e-02  -4.3100251e-01  -2.2744050e+00  -5.6757908e-03  -1.4573377e-02  -5.8559357e-03
  -3.2912524e-02   2.8975631e-04  -1.8813101e+00  -2.9315560e-02  -1.3306990e-02  -5.0753178e-03
