   0.0000000e+00   0.0000000e+00   0.0000000e+00   0.0000000e+00   0.0000000e+00   0.0000000e+00
  -4.4318891e-03   8.9460561e-03   2.5250800e-02  -8.8432452e-05  -6.6308382e-05  -1.2757815e-04
  -1.0862285e-02   2.1643327e-02   1.4562213e-02  -1.4593535e-04   2.0986384e-05  -1.2757393e-04
  -6.1917226e-03   3.3057583e-02  -2.8479881e-02  -3.8617753e-04  -2.2220507e-04  -8.4082340e-05
  -1.6615458e-02   4.4918158e-02  -4.3651274e-02  -7.4173474e-04  -6.5433229e-05  -3.4791310e-04
   8.7432135e-03   4.0971131e-02  -1.1349074e-02  -9.1412852e-04  -3.7568848e-04  -3.2677516e-04
  -1.3596485e-02   6.2200670e-02  -3.3645239e-02  -1.2277667e-03  -2.9022717e-04  -5.3549617e-04
  -3.4846078e-02   8.0566071e-02  -5.0617772e-02  -1.8246028e-03  -4.1188511e-04  -6.4924619e-04
  -3.7798007e-02   7.6184580e-02  -7.8567263e-02  -1.7910089e-03  -1.8831650e-04  -8.1374691e-04
  -2.8601085e-02   5.9994889e-02  -7.0866021e-02  -1.2802872e-03  -1.3716948e-04  -9.4420266e-04
  -3.9243539e-02   4.4358549e-02  -5.2578786e-02  -1.5688476e-03   1.7164609e-05  -1.0422227e-03
  -4.1691500e-02   5.4207480e-02  -6.5688411e-02  -1.6646141e-03  -1.1547836e-05  -1.1403787e-03
  -4.5797007e-02   5.3547617e-02  -9.3828749e-02  -1.2950685e-03  -2.3470856e-04  -1.2713274e-03
  -5.5752014e-02   6.2674276e-02  -3.7856407e-02  -1.5521994e-03  -1.0035926e-04  -1.2328823e-03
  -5.6010791e-02   5.2830131e-02  -7.0849984e-02  -1.1231863e-03  -3.7636773e-05  -1.1375652e-03
  -6.6275823e-02   6.8059524e-02  -8.0190196e-02  -1.4536727e-03   2.8830183e-04  -1.2071686e-03
  -6.7426778e-02   6.0357345e-02  -9.9356608e-02  -1.7758751e-03   2.5318624e-05  -1.3077445e-03
  -7.6485252e-02   5.7162229e-02  -6.5873117e-02  -1.1390786e-03   3.4714371e-04  -1.4298342e-03
  -8.0149312e-02   5.6458931e-02  -4.7208186e-02  -8.4115206e-04   3.2726718e-04  -1.2940027e-03
  -7.9343213e-02   7.5952424e-02  -8.0032423e-02  -1.1661714e-03   3.2319330e-04  -1.4132436e-03
  -7.1257835e-02   8.3666491e-02  -1.1139564e-01  -1.2100381e-03   1.7073311e-04  -1.3658084e-03
  -7.9695967e-02   7.7599361e-02  -1.0696777e-01  -9.7607494e-04   4.3489607e-04  -1.3823846e-03
  -7.9718264e-02   6.7167048e-02  -4.1746643e-02  -6.9234923e-04   4.5823012e-04  -1.5055725e-03
  -7.3235919e-02   1.7903856e-02   7.3018163e-02   2.4100298e-03  -1.9732759e-04  -1.0023404e-03
  -7.3669834e-02   4.1265167e-02  -2.4821887e-02   9.5321592e-04   1.7378325e-04  -1.8390668e-03
  -8.1283363e-02   3.4437621e-02  -1.5157532e-02   2.0152077e-03   5.1575274e-05  -1.9702061e-03
  -8.6959092e-02   1.8467447e-02   1.2273994e-03   1.4230080e-03   4.4288645e-05  -1.8699466e-03
  -6.2744346e-02   1.0336120e-02  -4.8294694e-02   1.6755609e-03   7.1521064e-05  -1.6762273e-03
  -6.2896555e-02   1.4206841e-02   2.6298832e-02   1.3835471e-03   2.3063424e-04  -1.6733131e-03
  -5.6510715e-02   2.3566287e-02   5.7097685e-03   1.4512406e-03   1.4750481e-04  -1.6871966e-03
  -1.0049082e-01   3.3814818e-03  -1.7417018e-02   1.7730966e-03  -2.9032596e-04  -2.8244600e-03
  -1.0430669e-01  -6.2868116e-03  -2.6721270e-02   1.2621808e-03  -1.3717084e-03  -3.7732351e-03
  -8.5534699e-02   2.4529131e-02   1.0836054e-02   1.7950377e-03  -1.4228597e-03  -3.0517466e-03
  -8.8727196e-02   1.4262238e-02   1.0924386e-02   2.2548079e-03  -1.2140695e-03  -3.0019318e-03
  -8.5058628e-02   1.4900709e-02   5.9025824e-02   2.7494104e-03  -1.2740713e-03  -3.0347024e-03
  -7.8405599e-02   1.6071254e-02   3.6060197e-02   3.1304620e-03  -1.3452954e-03  -2.7828935e-03
  -8.7826642e-02   3.3019179e-02   3.9865384e-02   3.0376847e-03  -1.3443478e-03  -3.1240153e-03
  -8.9342413e-02   2.6746817e-02   1.4032591e-02   3.5052126e-03  -1.4323284e-03  -3.1528331e-03
  -8.3095507e-02   4.3853447e-02   2.0146162e-02   2.9976312e-03  -1.6431885e-03  -3.4504071e-03
  -8.2590635e-02   3.6010053e-02  -1.8064913e-04   3.6758048e-03  -1.7319158e-03  -3.2868077e-03
  -9.1311448e-02   2.3315894e-02  -3.9991304e-03   3.7385101e-03  -1.7937884e-03  -3.3426150e-03
  -9.4979798e-02  -1.1597344e-02   1.8290211e-02   3.8968337e-03  -1.5830507e-03  -3.4151409e-03
  -9.5180871e-02  -2.9202540e-02   1.7921398e-03   3.8804810e-03  -1.6187667e-03  -3.4649323e-03
  -8.7145304e-02  -3.6711435e-02   2.4278127e-02   3.7544468e-03  -1.9247849e-03  -3.6549423e-03
  -9.8065209e-02  -2.8834456e-02  -9.9497053e-03   4.0064154e-03  -1.8876828e-03  -3.6800535e-03
  -1.0699139e-01  -2.6901640e-02  -3.7385686e-02   3.9145567e-03  -2.0401529e-03  -3.8806155e-03
  -1.0740231e-01  -4.3719100e-02  -1.7507063e-02   4.0810503e-03  -2.4119790e-03  -4.1162727e-03
  -1.0619850e-01  -3.9502480e-02   8.6016443e-03   4.1847332e-03  -2.5321634e-03  -4.3074015e-03
  -1.0616798e-01  -5.0688193e-02   6.2224043e-02   4.1520036e-03  -2.6793553e-03  -4.6025344e-03
  -1.1549098e-01  -4.0679177e-02   2.6860471e-02   4.6196072e-03  -2.6342134e-03  -4.7592070e-03
  -1.2240435e-01  -2.9867630e-02   1.8789084e-02   4.2929521e-03  -2.8337584e-03  -5.0760267e-03
  -1.2328532e-01  -4.1640839e-02   8.0744459e-02   4.1243727e-03  -2.6336350e-03  -5.2009815e-03
  -1.1049962e-01  -6.3085336e-02   1.0255742e-01   4.2752952e-03  -2.9528384e-03  -5.2843551e-03
  -9.8079520e-02  -6.4876436e-02   1.3715051e-01   4.4839323e-03  -2.9899588e-03  -4.9618746e-03
  -1.0403466e-01  -2.4614026e-02  -1.5569086e-02   3.7965983e-03  -3.2043276e-03  -4.8081770e-03
  -1.4007724e-01  -4.0582369e-02  -6.8495563e-02   3.2191323e-03  -3.7630242e-03  -5.6233004e-03
  -1.1779718e-01  -6.6162687e-02   1.8548087e-02   2.7158432e-03  -3.3538465e-03  -5.1670782e-03
  -9.7557425e-02  -7.6266190e-02   2.7527233e-02   4.3246370e-03  -3.3900591e-03  -4.9031372e-03
  -1.0012940e-01  -3.6050472e-02   3.4995429e-02   4.1976606e-03  -3.1017223e-03  -4.6541804e-03
  -1.1183284e-01  -4.0835610e-02   4.7000466e-02   4.2614108e-03  -3.8209105e-03  -5.5662145e-03
  -1.0133494e-01  -6.3157839e-02   8.1955746e-02   4.6827829e-03  -3.8147514e-03  -5.4769519e-03
  -9.4389968e-02  -7.9930652e-02   7.0462889e-02   4.8519141e-03  -4.1178484e-03  -5.3594991e-03
  -1.1032996e-01  -7.9320205e-02   3.0354751e-02   4.9932720e-03  -3.8771632e-03  -5.4333970e-03
  -1.1529830e-01  -7.4156536e-02   3.9461607e-02   4.7817970e-03  -3.7850901e-03  -5.5465218e-03
  -1.1742838e-01  -8.8498697e-02   5.1126337e-02   4.6594374e-03  -3.4751874e-03  -5.4903523e-03
  -1.0820165e-01  -1.0222568e-01   5.8426744e-02   5.0632634e-03  -3.4690634e-03  -5.4043385e-03
  -9.9286700e-02  -9.2106934e-02   6.2469570e-02   4.8806313e-03  -3.5546625e-03  -5.2961555e-03
  -1.0414254e-01  -1.0003227e-01   4.8836703e-02   4.8127570e-03  -3.3558917e-03  -5.2092159e-03
  -1.0328345e-01  -1.2414262e-01   4.8458569e-02   5.2745796e-03  -3.6862290e-03  -5.3203966e-03
  -1.0755322e-01  -1.2563118e-01   6.9870017e-02   5.0935206e-03  -3.6146643e-03  -5.3723462e-03
  -1.0100735e-01  -1.3101888e-01   1.1422700e-01   5.4638410e-03  -3.3855357e-03  -5.2584582e-03
  -9.1115103e-02  -1.1685927e-01   1.1492400e-01   5.2928710e-03  -3.3005709e-03  -5.1644181e-03
  -9.6020773e-02  -1.2219486e-01   1.0388200e-01   5.1789655e-03  -3.2751588e-03  -5.0713232e-03
  -9.6891701e-02  -1.1209278e-01   7.6514538e-02   5.5016412e-03  -3.6953643e-03  -5.2583496e-03
  -9.6243390e-02  -9.8893884e-02   7.7990777e-02   4.9420103e-03  -3.6304392e-03  -5.1098118e-03
  -1.0188968e-01  -1.0013821e-01   1.1887854e-01   5.1639371e-03  -3.6314423e-03  -5.0931346e-03
  -1.1482395e-01  -8.3335830e-02   1.2971387e-01   5.1554903e-03  -3.6749255e-03  -5.0364733e-03
  -1.2880983e-01  -5.8676333e-02   7.2333387e-02   4.9733289e-03  -3.4496469e-03  -5.2384730e-03
  -1.2943065e-01  -5.9427749e-02   1.3522551e-01   5.2247039e-03  -3.7289534e-03  -5.3342959e-03
  -1.3739083e-01  -9.5904858e-02   1.1476629e-01   5.0876578e-03  -3.7189571e-03  -5.3209034e-03
  -1.2403461e-01  -1.1345241e-01   8.4414736e-02   5.0524103e-03  -3.5800214e-03  -5.4174613e-03
  -1.1380474e-01  -1.3733345e-01   1.1088634e-01   5.3905776e-03  -3.6051471e-03  -5.3882767e-03
  -1.1192098e-01  -1.2654769e-01   1.2884729e-01   5.3998151e-03  -3.5276127e-03  -5.3561437e-03
  -1.0914715e-01  -1.1531000e-01   7.6458402e-02   5.1028254e-03  -3.4669132e-03  -5.2679577e-03
  -9.8357791e-02  -1.1985890e-01   6.0458231e-02   5.0708036e-03  -3.7843170e-03  -5.3214991e-03
  -1.1519301e-01  -1.3442271e-01   1.1703779e-01   5.4829710e-03  -3.6536383e-03  -5.5257733e-03
  -1.1168355e-01  -1.3139374e-01   1.2380659e-01   5.4709646e-03  -3.8666722e-03  -5.6452359e-03
  -1.0564587e-01  -1.0466758e-01   9.7626070e-02   5.1635196e-03  -4.3614066e-03  -5.5415961e-03
  -1.0992513e-01  -1.0501055e-01   7.8473152e-02   5.3627254e-03  -4.1941529e-03  -5.5191373e-03
  -1.1592514e-01  -1.2960072e-01   1.1252220e-01   5.5188514e-03  -4.0971672e-03  -5.6515042e-03
  -1.1509352e-01  -1.4169156e-01   1.2241609e-01   5.7547857e-03  -4.0043123e-03  -5.6273026e-03
  -1.1963262e-01  -1.3540628e-01   1.3184772e-01   5.2888041e-03  -4.0836251e-03  -5.6597330e-03
  -1.2920479e-01  -1.4061507e-01   1.0846704e-01   5.2401029e-03  -3.8352699e-03  -5.6574190e-03
  -1.1974102e-01  -1.3959662e-01   9.1963188e-02   5.5567784e-03  -4.1273150e-03  -5.7515966e-03
  -1.1455318e-01  -1.5627560e-01   9.5119269e-02   5.7310384e-03  -4.0130601e-03  -5.7096000e-03
  -1.1247342e-01  -1.6104471e-01   1.0255786e-01   6.0253282e-03  -4.2747678e-03  -5.6707557e-03
  -1.1610168e-01  -1.3578631e-01   1.1856554e-01   5.5772832e-03  -4.3585902e-03  -5.6477449e-03
  -1.2607894e-01  -1.1659172e-01   6.8927218e-02   5.4021965e-03  -4.0491492e-03  -5.5619376e-03
  -1.1430616e-01  -1.1307722e-01   5.9014760e-02   4.6997516e-03  -4.4354792e-03  -5.6269259e-03
  -1.2282212e-01  -1.2908113e-01   6.6315065e-02   5.2200985e-03  -4.3198553e-03  -5.9469083e-03
  -1.2283146e-01  -1.2482151e-01   6.5785556e-02   5.6719767e-03  -4.3614383e-03  -5.8937476e-03
  -1.2324851e-01  -1.3520435e-01   1.1224525e-01   5.7266247e-03  -4.3974753e-03  -5.8987220e-03
  -1.2189472e-01  -1.5201113e-01   1.2092577e-01   5.9958004e-03  -4.4686880e-03  -5.7121518e-03
  -1.0745921e-01  -1.5186847e-01   9.2053369e-02   5.1339539e-03  -4.5129241e-03  -5.5488578e-03
  -1.0407469e-01  -1.3262746e-01   5.2719143e-02   5.4064608e-03  -4.0968692e-03  -5.7731254e-03
  -9.8639213e-02  -1.2728923e-01   5.8932295e-02   5.3975102e-03  -4.0856697e-03  -5.7822195e-03
  -9.2618006e-02  -1.5332734e-01   1.0801851e-01   5.8717478e-03  -3.9192125e-03  -5.6017902e-03
  -8.8405927e-02  -1.9137907e-01   9.3626096e-02   6.5977502e-03  -4.1250313e-03  -5.5679157e-03
  -9.3010763e-02  -1.9373720e-01   1.0180963e-01   6.2376680e-03  -4.1480413e-03  -5.6625520e-03
  -1.0014579e-01  -1.7719892e-01   8.5730577e-02   5.9449339e-03  -4.1754755e-03  -5.9257258e-03
  -1.1078993e-01  -1.7632362e-01   1.0718746e-01   5.5930816e-03  -4.7700001e-03  -6.0651310e-03
  -1.2536098e-01  -1.5967035e-01   1.1592413e-01   5.9656159e-03  -4.5590795e-03  -6.1564534e-03
  -1.2405040e-01  -1.7597861e-01   8.2412231e-02   6.1890450e-03  -4.4242236e-03  -5.9807949e-03
  -1.2006615e-01  -1.7436856e-01   9.0451016e-02   5.8015073e-03  -4.4538482e-03  -5.8495174e-03
  -1.3086538e-01  -1.8651078e-01   7.8156734e-02   5.8126671e-03  -4.2794704e-03  -5.9834066e-03
  -1.2465386e-01  -1.7816846e-01   8.3226387e-02   5.7814345e-03  -4.4540535e-03  -6.0351340e-03
  -1.1100426e-01  -1.6209414e-01   1.0665603e-01   5.5845853e-03  -4.5856107e-03  -5.7645956e-03
  -1.3308271e-01  -1.4987006e-01   8.4221842e-02   5.7619154e-03  -4.3453092e-03  -6.1432177e-03
  -1.3143214e-01  -1.7383484e-01   1.5593154e-01   5.8818856e-03  -4.3254909e-03  -5.9816284e-03
  -1.2356665e-01  -1.9668124e-01   1.7547881e-01   6.1305694e-03  -4.2541357e-03  -5.8582964e-03
