   0.0000000e+00   0.0000000e+00   0.0000000e+00   0.0000000e+00   3.4694470e-18   0.0000000e+00
  -6.0640504e-03  -1.7975977e-02   7.1228460e-03   3.7431440e-04   5.9862532e-05  -3.3525454e-05
  -4.6145075e-03  -2.8008182e-02   4.3828342e-02  -2.1301343e-04   2.1191128e-04  -1.2297959e-04
   7.2448055e-03  -1.7777784e-02   2.3080832e-02  -4.4010792e-04   3.2302472e-04  -5.3765103e-06
   7.6179531e-03  -2.6276892e-02   1.6229972e-02  -5.0458174e-04   3.4232407e-04  -5.7858224e-05
   2.6893148e-03  -1.7610303e-02   4.6736674e-03  -2.8302707e-04   2.6056669e-04  -6.8869495e-05
  -4.7243158e-03  -2.5744919e-02   9.0217390e-03  -5.6053197e-04   9.5613676e-05  -5.1240772e-04
  -1.1417900e-02  -1.9482095e-02   1.9336149e-02  -7.0193827e-04   5.3744319e-04  -4.4276999e-04
  -1.3437736e-02  -2.4066202e-02   1.0952749e-02  -1.0708474e-03   3.9945353e-04  -5.3098693e-04
  -1.7352089e-02  -1.6060358e-02   1.3954938e-02  -7.2783619e-04   2.7282713e-04  -4.0420028e-04
  -2.4376825e-02  -2.3099305e-02   1.2952251e-02  -8.9447597e-04   3.6537165e-04  -7.1044497e-04
   1.2583061e-03  -1.2678194e-02  -3.2109730e-03  -1.4973388e-03   2.1129344e-04   1.1128457e-04
   7.7038297e-02   2.4494054e-02  -2.3559149e-01  -2.2073255e-03  -5.9733400e-04   1.4281369e-03
   3.8214753e-02  -1.9384439e-02  -9.4607673e-02  -1.7379120e-03   2.1338290e-04   9.7150514e-04
   3.2449487e-02  -2.7306963e-03  -9.0268733e-02  -1.1864491e-03   1.2504607e-04   7.1044200e-04
   2.8990412e-02  -5.2513516e-02  -3.2768486e-02  -9.5361387e-04   5.2828412e-04   5.2693938e-04
   3.4358294e-02  -5.2113012e-02  -5.2553671e-03  -1.0040469e-03   8.1626160e-04   3.5002619e-04
   3.2794076e-02  -4.9895416e-02  -2.0056336e-02  -3.9109319e-04   1.0286354e-03   2.9582186e-04
   3.1966488e-02  -6.5800836e-02   3.4697643e-02  -1.1804635e-03   1.2202863e-03   2.8174165e-04
   3.5309559e-02  -6.4735512e-02   1.6879644e-02  -1.1697777e-03   1.2179090e-03   2.8948347e-04
   2.7339630e-02  -4.4957276e-02  -1.9511983e-03  -6.9167185e-04   9.7900589e-04   4.1483782e-04
   2.0657298e-02  -6.7472662e-02  -1.9834995e-03  -6.3602938e-04   1.0561105e-03   3.0200580e-04
   2.6677160e-02  -9.8145435e-02   2.5902885e-02  -4.9112234e-04   1.0478058e-03   3.0946176e-04
   2.4150713e-02  -1.1247269e-01   1.5852126e-02   8.3268707e-05   1.2583843e-03   4.1367536e-04
   2.7839895e-02  -1.1523596e-01   1.1169254e-02   3.1281398e-04   1.2900579e-03   5.1363401e-04
   2.5569217e-02  -1.3108972e-01   4.1838435e-02  -3.4087799e-04   1.3891281e-03   3.3761441e-04
   2.8900690e-02  -1.1910542e-01   3.1243939e-02   1.3264373e-06   1.3330237e-03   5.1804245e-04
   2.1657891e-02  -1.2598035e-01   1.0556708e-02   1.9746092e-04   1.4845424e-03   6.3795620e-04
   1.8134182e-02  -1.4367890e-01   5.1938970e-02   1.6607217e-04   1.5390053e-03   3.9218013e-04
   8.7134882e-03  -1.4756800e-01   7.6460149e-02  -1.6056333e-04   1.7949097e-03   4.3815328e-04
   8.6440054e-03  -1.3668939e-01   5.2503314e-02  -6.7284677e-05   1.8653968e-03   4.7810620e-04
   1.3707764e-02  -1.2796292e-01   2.5887270e-02  -1.0070898e-04   1.6425293e-03   5.0420730e-04
   8.5017823e-03  -1.3803184e-01   1.9706345e-02  -4.0227220e-05   1.7425105e-03   3.2104460e-04
   9.0873723e-03  -1.3632646e-01   4.0511310e-02   3.4237919e-05   1.5658789e-03   3.1539148e-04
   8.6213611e-03  -1.4532591e-01   5.8593962e-02  -3.7994956e-04   1.9966332e-03   3.0726097e-04
   1.1083474e-02  -1.4403657e-01  -1.5087493e-02   7.9466913e-05   1.8294755e-03   4.2585036e-04
   1.5062961e-02  -1.4096966e-01  -5.7311786e-02   7.3733326e-04   1.1423783e-03   8.5535589e-04
   8.7952682e-03  -1.4785903e-01  -1.4478004e-02   2.4533009e-04   1.3507526e-03   6.4265323e-04
   1.1872139e-02  -1.4199570e-01  -1.8254284e-02   1.1766568e-03   1.3772890e-03   5.8906473e-04
   1.3223352e-02  -1.7734859e-01  -1.2162394e-02   1.3885457e-03   1.5228223e-03   4.5206811e-04
   2.3831565e-02  -1.7834039e-01   2.7949603e-03   1.9525473e-03   1.4746411e-03   6.3223170e-04
   8.9511486e-03  -1.7469477e-01   7.5775046e-03   1.8924774e-03   2.1367091e-03   5.0986637e-04
   1.3750932e-02  -1.7904970e-01  -2.3459266e-03   1.2067231e-03   1.7945740e-03   4.4561967e-04
   1.1578461e-02  -1.7633714e-01   3.2428455e-03   1.1739258e-03   1.6611240e-03   5.3576013e-04
   6.0239612e-03  -1.7757664e-01   7.3572459e-03   1.0043558e-03   1.7859582e-03   5.8120186e-04
   1.3355522e-03  -1.8442279e-01   1.1361964e-03   1.1429792e-03   1.8303626e-03   4.5281255e-04
  -1.5365992e-03  -1.8393114e-01  -8.7923498e-03   9.4956039e-04   1.8655023e-03   3.5232020e-04
  -1.0638565e-03  -1.6594462e-01  -4.6683623e-02   1.2310067e-03   1.7211099e-03   4.0345365e-04
  -5.9265876e-03  -1.8928851e-01  -3.0066802e-02   7.0648028e-04   1.7970570e-03   2.3090810e-04
  -1.2740294e-03  -1.9183872e-01  -3.2353087e-03   9.3195028e-04   1.9639500e-03   6.2900656e-05
  -5.7129770e-04  -2.1238129e-01  -7.4415156e-03   1.2966716e-03   1.9238903e-03   1.0574112e-04
  -2.1381175e-03  -2.1349408e-01  -1.5597775e-02   1.5129782e-03   2.0252219e-03   2.9693181e-04
  -1.7803356e-03  -2.1611590e-01   9.0918661e-03   9.3542649e-04   1.9716308e-03   3.4371499e-04
  -1.2331181e-03  -2.1661433e-01   1.4549639e-02   6.6734410e-04   2.0053846e-03   3.0179007e-04
   4.1285002e-03  -2.1384714e-01  -3.6180096e-02   8.9172304e-04   1.7159312e-03   2.9219682e-04
   3.1723529e-03  -2.3099165e-01  -9.1855792e-03   1.1547396e-03   1.9738904e-03   3.8787962e-04
  -1.4398377e-03  -2.4921044e-01   1.4933848e-02   5.3739788e-04   2.0394905e-03   2.9642748e-04
  -5.5018622e-03  -2.4351482e-01   1.1316131e-02   5.7249466e-04   2.2212279e-03   1.0739256e-04
   2.0042053e-03  -2.2293936e-01  -4.2691310e-02   7.8712833e-04   1.9062592e-03   5.3680058e-04
   7.9180370e-05  -2.3775250e-01  -6.4644939e-02   9.3866484e-04   2.1212360e-03   6.4769769e-04
   4.7488815e-03  -2.6309892e-01  -4.8591772e-02   8.0516666e-04   2.4172373e-03   3.8807509e-04
   6.7593330e-03  -2.6245923e-01  -7.7400189e-02   1.6650600e-03   2.1512234e-03   7.1032227e-04
  -1.6497420e-03  -3.0016764e-01  -2.1303540e-03   6.0290310e-04   2.3826047e-03   4.2357636e-04
   9.4376595e-03  -2.6634684e-01  -4.7709189e-02   1.1492468e-03   1.8432561e-03   5.9159312e-04
   3.3232530e-03  -2.7790748e-01  -1.5976706e-02   1.2925203e-03   2.5399769e-03   3.7662940e-04
   3.9863029e-03  -2.5658319e-01  -2.1251898e-02   1.5641832e-03   2.3209771e-03   4.5386815e-04
   1.4745696e-02  -2.8052629e-01  -4.9983460e-02   2.2812336e-03   2.1546506e-03   4.8593968e-04
   8.6826931e-03  -3.1313925e-01  -1.6750929e-03   1.9908978e-03   2.1962119e-03   3.2235727e-04
   8.6029160e-03  -3.0861839e-01  -8.4702968e-03   1.6034460e-03   2.2515503e-03   4.4586261e-04
   4.3275021e-03  -2.9794795e-01  -4.6100756e-02   2.0378256e-03   2.2168884e-03   5.1733250e-04
  -2.2602677e-06  -3.0809762e-01  -2.8933852e-02   1.8576693e-03   2.1313950e-03   5.4138976e-04
   2.1436409e-03  -3.2215614e-01  -2.0748430e-02   1.7458147e-03   2.1543872e-03   5.6130497e-04
   7.6930440e-03  -3.3457546e-01  -4.1991178e-02   2.1760745e-03   1.9939840e-03   5.9746840e-04
   7.4321600e-03  -3.4909642e-01  -3.7559332e-02   1.9599474e-03   2.3712771e-03   7.4408245e-04
   6.3936565e-03  -3.6067170e-01  -1.4968152e-02   1.1474338e-03   2.3229980e-03   4.8072388e-04
   9.2174648e-03  -3.3514881e-01  -4.1540586e-02   1.2207094e-03   2.2155355e-03   3.4135713e-04
   5.5761643e-03  -3.3613804e-01  -5.2419742e-02   1.5273636e-03   2.3484378e-03   4.0359829e-04
   8.7825927e-03  -3.4020112e-01  -3.9560239e-02   9.1545600e-04   2.3984166e-03   2.9518015e-04
   1.9677586e-03  -3.3637023e-01  -5.0488465e-02   1.0352772e-03   2.4341456e-03   7.0230241e-05
   2.9114684e-04  -3.3837498e-01  -4.8226492e-02   1.8512903e-03   2.2569627e-03   1.5509457e-04
  -1.1150121e-03  -3.5113914e-01  -2.8809114e-02   1.3689217e-03   2.4782199e-03   1.7342305e-04
   1.5377755e-02  -3.6525419e-01  -3.6905730e-02   1.1186764e-03   2.3744009e-03   5.5746338e-04
   2.6339487e-02  -3.6016203e-01  -1.1344138e-01   5.6276663e-03   2.4714960e-03   8.3357279e-04
   2.4697109e-02  -3.5537634e-01  -8.2264845e-02   4.9376183e-03   2.2799492e-03   7.8651701e-04
   2.2429032e-02  -3.6007464e-01  -7.6466063e-02   5.2129648e-03   2.3416925e-03   5.1284495e-04
   3.1357161e-02  -3.5539432e-01  -9.4194843e-02   5.5208399e-03   2.2394829e-03   8.4652463e-04
   3.5651371e-02  -3.7242154e-01  -5.6792572e-02   5.5463900e-03   2.2463737e-03   7.6586577e-04
   4.1281886e-02  -3.8600052e-01  -5.5514392e-02   5.1057671e-03   2.0800170e-03   7.0595881e-04
   3.2839403e-02  -3.7519295e-01  -8.8769076e-02   5.5868747e-03   1.9827593e-03   6.8818914e-04
   1.9363225e-02  -3.7558765e-01  -7.7376353e-02   5.6190320e-03   2.1801401e-03   5.0665789e-04
   2.4048800e-02  -3.7027631e-01  -7.4571436e-02   5.4543814e-03   2.1532637e-03   5.8693472e-04
   2.4573375e-02  -3.6691171e-01  -9.6100234e-02   5.6207804e-03   2.1367954e-03   6.1713239e-04
   3.1312066e-02  -3.9067594e-01  -9.1455062e-02   5.8480891e-03   2.0673782e-03   6.4491130e-04
   3.4471869e-02  -3.9650112e-01  -7.0134554e-02   5.3798817e-03   2.0890423e-03   5.7820561e-04
   3.4458392e-02  -3.9330346e-01  -1.0265376e-01   6.2761041e-03   1.9959603e-03   6.4322347e-04
   2.8283983e-02  -4.0797315e-01  -1.0203156e-01   5.7800924e-03   2.1967861e-03   5.7723318e-04
   2.5669446e-02  -4.1443928e-01  -7.2692942e-02   5.7336675e-03   2.1518631e-03   5.3391749e-04
   2.5071561e-02  -4.2059513e-01  -9.6333801e-02   5.9196491e-03   2.2682129e-03   6.4030991e-04
   2.8864627e-02  -4.3063319e-01  -1.0165555e-01   5.5382772e-03   2.1983653e-03   7.5352199e-04
   2.9536153e-02  -4.2542989e-01  -7.1608837e-02   4.9282310e-03   2.4336486e-03   7.9309498e-04
   2.1465404e-02  -4.0737822e-01  -9.0722136e-02   4.8550622e-03   2.3389139e-03   4.9020416e-04
   1.7040654e-02  -4.0833947e-01  -1.0553674e-01   5.0886628e-03   2.5273347e-03   6.9322488e-04
   8.5180854e-03  -4.2593824e-01  -7.8618926e-02   4.5060177e-03   2.7728362e-03   3.5950710e-04
   1.0306230e-02  -4.3188212e-01  -8.0224136e-02   4.5498332e-03   2.5178062e-03   5.4171203e-04
   2.0358531e-03  -4.0800495e-01  -1.0442252e-01   4.9535721e-03   2.6717425e-03   3.9889346e-04
   9.3685495e-03  -4.1875806e-01  -1.1423726e-01   5.0470376e-03   2.5288553e-03   4.0635960e-04
   1.1917807e-02  -4.3926940e-01  -8.8127457e-02   5.0557935e-03   2.6049962e-03   3.9085325e-04
   1.1034775e-02  -4.5925798e-01  -6.9642301e-02   4.9857192e-03   2.7149120e-03   4.1050810e-04
   7.4549843e-03  -4.6477479e-01  -7.9483578e-02   5.5773896e-03   2.5257431e-03   4.5606360e-04
   8.4755853e-03  -4.6592870e-01  -7.2908121e-02   5.3614551e-03   2.7837418e-03   5.4926430e-04
   2.5594625e-03  -4.7402085e-01  -5.8876098e-02   4.6512356e-03   3.0713740e-03   4.1201905e-04
   1.9315972e-03  -4.6818388e-01  -7.4343632e-02   5.4948685e-03   2.6741035e-03   5.4163072e-04
  -1.9620791e-03  -4.6838560e-01  -8.2241765e-02   6.0558724e-03   2.9958817e-03   5.9852525e-04
   2.8611520e-02  -4.7296569e-01  -2.5836410e-01   5.7674851e-03   2.2726502e-03   6.8046891e-05
   1.1927385e-01  -4.6957204e-01  -2.5848383e-01   2.7438141e-04   3.3910998e-03   1.2752998e-03
   1.1685034e-01  -5.1277768e-01  -2.1007386e-01  -3.5934617e-04   4.5331437e-03   1.7431723e-03
   1.0348905e-01  -4.8295436e-01  -2.3397117e-01   1.0686805e-03   4.4362685e-03   1.4951189e-03
   9.8414329e-02  -5.1174745e-01  -2.3429576e-01   3.0185969e-03   4.9657720e-03   1.1225064e-03
   1.0342290e-01  -5.1000485e-01  -1.7919763e-01   3.1104033e-03   5.1602421e-03   7.6740407e-04
   1.1577648e-01  -6.0118418e-01  -1.0864492e-01   5.6317425e-03   4.8434832e-03   4.6827549e-04
