   0.0000000e+00   0.0000000e+00   0.0000000e+00   0.0000000e+00   1.7347235e-18   0.0000000e+00
   2.5737837e-02  -3.3016339e-02   5.7136546e-02   3.6689919e-04  -3.3215907e-04   3.1126118e-04
   7.1821732e-02  -1.2270483e-02   1.8810726e-02   3.9344606e-05  -2.8385280e-04   8.6709689e-04
   9.8919347e-02   3.0721899e-02  -1.8532386e-03  -1.2918144e-03  -5.7138836e-04   1.2800782e-03
   7.7715511e-02   1.4720116e-03   7.2964905e-02  -9.7372190e-04  -9.0454401e-04   1.3364961e-03
  -9.5913101e-03  -1.1263012e-01   3.4399422e-01  -3.7233337e-03  -7.3516107e-03   2.4512612e-03
  -9.6344698e-02  -1.5211590e-01   6.1229292e-01  -3.8028051e-03  -5.2835884e-03   1.2717967e-03
  -1.0612104e-01  -1.2751116e-01   6.1660444e-01  -4.8911366e-03  -4.3976546e-03   4.6288459e-04
  -6.2128411e-02  -2.1790514e-01   6.6961760e-01  -2.6113023e-03  -8.3040649e-03   1.5385919e-03
  -1.8346741e-02  -3.3873852e-01   8.3609344e-01   4.7366913e-04  -1.2626352e-02   2.1290925e-03
   4.0582832e-02  -3.8170696e-01   7.4604600e-01   2.5038764e-03  -1.4501725e-02   1.5973382e-03
   1.0991918e-02  -3.9896746e-01   6.9834550e-01   3.5462000e-03  -1.5136788e-02   7.1070846e-04
   1.2778767e-02  -3.8529735e-01   6.4924791e-01   4.4845827e-03  -1.5982269e-02   2.0745431e-04
   2.8572495e-02  -4.1360072e-01   5.9417587e-01   5.6720673e-03  -1.7420700e-02   1.0615213e-04
   2.9195527e-02  -4.4845768e-01   6.6932504e-01   7.0012350e-03  -1.8276999e-02  -6.8307036e-04
   4.7951044e-02  -5.0215823e-01   7.8986597e-01   7.5413298e-03  -2.0938272e-02  -2.2104579e-03
   4.2463861e-02  -4.8062569e-01   7.3691853e-01   5.9782063e-03  -2.1181059e-02  -2.8639806e-03
   7.4339065e-03  -4.6889572e-01   6.6046208e-01   6.1265764e-03  -2.1271281e-02  -3.0340378e-03
   1.7769148e-02  -4.7109922e-01   6.8548736e-01   5.7487474e-03  -2.1228873e-02  -2.8334556e-03
   2.3581432e-02  -4.6558301e-01   7.0248065e-01   5.9078792e-03  -2.1740886e-02  -2.7822977e-03
  -3.0440654e-02  -4.1967424e-01   4.9877362e-01  -8.9820290e-03  -9.1854055e-03  -6.7542082e-04
  -1.4678941e-01  -3.0380647e-02   3.2047027e-01  -2.1148993e-02  -1.2618135e-03   4.4622470e-04
  -1.6808849e-01  -6.0379810e-02   2.8510750e-01  -1.6697363e-02   8.0299149e-04  -2.9173195e-04
  -1.9862802e-01  -2.5295664e-01  -2.0493802e-01   6.8312021e-03  -4.0015523e-03  -5.7003393e-03
  -1.4695523e-01  -3.8773451e-01  -1.8994686e-01   1.5835146e-02  -6.5760430e-03  -6.6709778e-03
  -1.6206402e-01  -2.5372130e-01   1.5684103e-01   6.4587029e-03   9.2837192e-04  -5.0336523e-03
  -1.6287264e-01  -1.8295286e-01   1.9646003e-01   1.2640943e-03  -1.5483493e-05  -5.6247961e-03
  -1.5613111e-01  -1.6678999e-01   2.5156079e-01  -4.7651846e-05  -1.2386345e-03  -5.8738163e-03
  -1.2470731e-01  -1.9008242e-01   1.8066662e-01   9.3880681e-04  -1.4305431e-03  -5.7132875e-03
  -1.3231074e-01  -1.7513972e-01   2.0580022e-01   6.6145397e-04  -1.4510695e-03  -5.7178038e-03
  -1.2035621e-01  -1.5469592e-01   2.0370155e-01   4.1544090e-04  -1.3947228e-03  -5.3782416e-03
  -1.0708358e-01  -1.7149438e-01   2.5079865e-01  -3.1997744e-04  -1.0140977e-03  -5.6160296e-03
  -7.8588003e-02  -1.9573354e-01   2.0695987e-01   8.3523088e-04  -1.6024153e-03  -5.2440499e-03
  -9.2712433e-02  -1.6636434e-01   2.1084296e-01  -1.0793603e-04  -1.9925297e-03  -5.1761024e-03
  -6.9429903e-02  -1.4378553e-01   2.3341169e-01  -6.5495233e-04  -2.4451265e-03  -4.8451122e-03
  -3.4719924e-02  -1.5015531e-01   2.7368213e-01  -6.1897803e-04  -2.8666866e-03  -4.4636903e-03
  -2.2769953e-02  -1.6524080e-01   2.8921047e-01  -6.5062398e-04  -3.0961930e-03  -4.4018812e-03
  -6.5032858e-02  -2.0492843e-01   4.0206622e-01  -7.0356109e-04  -3.0062138e-03  -4.3428000e-03
  -1.2109400e-01  -2.6243337e-01   6.4170895e-01  -4.1082869e-03  -6.2251033e-03  -4.4269178e-03
  -8.5684016e-02  -3.2751051e-01   8.4422352e-01  -4.0760143e-03  -6.6960361e-03  -5.4672517e-03
  -6.8996763e-02  -3.3546923e-01   8.3370777e-01  -4.1527614e-03  -7.5405031e-03  -5.9079372e-03
   2.7311340e-02  -3.7860948e-01   8.9427035e-01  -4.0368874e-03  -9.6692770e-03  -5.6530878e-03
   6.2740673e-02  -4.0779375e-01   8.9433343e-01  -3.3165109e-03  -1.1632818e-02  -5.9745136e-03
   2.8716587e-02  -4.0331122e-01   8.5744798e-01  -3.4368714e-03  -1.1623533e-02  -6.4975100e-03
   1.5430717e-02  -4.3793061e-01   8.8395767e-01  -2.9315719e-03  -1.2005076e-02  -6.6670462e-03
   2.4426758e-02  -4.4529997e-01   9.1291047e-01  -2.8048258e-03  -1.1604116e-02  -6.5706057e-03
   4.5999583e-02  -4.9645285e-01   1.0097605e+00  -1.9447453e-03  -1.1935051e-02  -6.4602842e-03
   5.2299743e-02  -5.1211310e-01   1.0368164e+00  -1.1576358e-03  -1.3285418e-02  -6.8500575e-03
   3.0916494e-02  -5.0422726e-01   1.0020969e+00  -1.4679341e-03  -1.3568917e-02  -7.2405323e-03
   6.9357919e-03  -5.0395138e-01   9.7836156e-01  -1.0698640e-03  -1.3951548e-02  -7.7071385e-03
   1.1357827e-02  -4.9357605e-01   8.6018633e-01  -1.7626618e-03  -1.4160074e-02  -8.1981825e-03
  -5.6643695e-02  -3.3612194e-01   7.5472016e-01  -7.1197943e-03  -7.1264739e-03  -7.8513640e-03
  -7.5355148e-02  -3.2342206e-01   6.9505171e-01  -8.6736226e-03  -6.1533988e-03  -8.1014080e-03
  -8.2852560e-02  -3.0567281e-01   6.7376231e-01  -8.5640963e-03  -5.8651295e-03  -8.1176060e-03
  -6.8066592e-02  -3.0151195e-01   6.9235760e-01  -8.9368302e-03  -6.2321947e-03  -7.9952913e-03
  -6.1065235e-02  -3.1377595e-01   6.7909051e-01  -8.6631392e-03  -6.9430344e-03  -7.4427131e-03
  -4.6253911e-02  -3.0100023e-01   6.6611105e-01  -7.9434929e-03  -6.5502413e-03  -7.5816911e-03
  -3.5713741e-02  -3.0580108e-01   6.7076162e-01  -7.9629695e-03  -6.7919625e-03  -7.2826849e-03
  -7.4542125e-03  -2.8472304e-01   6.6235756e-01  -9.0574567e-03  -6.8080636e-03  -6.6031801e-03
  -2.3742250e-02  -2.8793995e-01   6.8213471e-01  -8.8882585e-03  -7.1727240e-03  -6.8518825e-03
  -7.7279478e-02  -4.1207601e-01   8.8992878e-01  -7.2849897e-03  -7.8702279e-03  -6.7357464e-03
  -3.5094119e-02  -4.1076601e-01   8.8099609e-01  -7.3260273e-03  -8.4085115e-03  -5.9882412e-03
  -1.9832692e-02  -4.1639554e-01   8.5635018e-01  -7.4641926e-03  -8.8718568e-03  -5.6650859e-03
  -1.7533007e-02  -4.3154718e-01   8.7383587e-01  -7.1058579e-03  -9.0017585e-03  -5.6537843e-03
  -7.4363860e-03  -4.6555171e-01   9.0289027e-01  -6.0666626e-03  -9.6139814e-03  -6.1177212e-03
  -1.6530746e-02  -4.8209269e-01   9.1494879e-01  -5.8872652e-03  -9.7572157e-03  -6.3077440e-03
  -5.7186729e-03  -4.9999098e-01   9.2727076e-01  -5.3466275e-03  -1.0078586e-02  -6.3383341e-03
   5.0196119e-03  -4.9226976e-01   9.0786871e-01  -4.8113257e-03  -1.0684328e-02  -6.3792981e-03
  -1.7410422e-02  -5.1392820e-01   8.9277456e-01  -4.1401520e-03  -1.1852757e-02  -7.2105462e-03
   2.0912945e-02  -5.5464132e-01   9.2918754e-01  -3.2673823e-03  -1.3328444e-02  -7.9931225e-03
   3.0936153e-04  -5.6024596e-01   9.1100719e-01  -2.9424478e-03  -1.4472724e-02  -9.0408516e-03
  -3.1084765e-02  -5.5131027e-01   8.9343491e-01  -2.7395406e-03  -1.5185590e-02  -1.0044090e-02
  -2.0204503e-02  -5.8901218e-01   9.1500114e-01  -2.0855392e-03  -1.5639195e-02  -1.0185291e-02
  -2.8988466e-02  -5.8662143e-01   8.9648572e-01  -1.7988285e-03  -1.5962149e-02  -1.0359653e-02
  -1.3699226e-02  -5.5679041e-01   8.7007453e-01  -2.4737946e-03  -1.6147131e-02  -1.0689694e-02
   3.4979985e-02  -5.0925214e-01   6.5930154e-01  -3.7039800e-03  -1.3432064e-02  -9.8248118e-03
   3.2119285e-02  -4.7230560e-01   5.9238085e-01  -3.6032138e-03  -1.2952135e-02  -9.7577345e-03
   4.0067889e-02  -4.8258358e-01   5.9691369e-01  -3.3061586e-03  -1.3350935e-02  -9.7178100e-03
   1.6620078e-02  -4.8203587e-01   6.1056789e-01  -4.2453157e-03  -1.2388710e-02  -1.0052571e-02
   3.2731357e-02  -4.5505426e-01   6.1773730e-01  -4.8925895e-03  -1.2720396e-02  -9.9633397e-03
   4.7921492e-02  -4.5253123e-01   6.3196047e-01  -5.0418991e-03  -1.3696670e-02  -1.0184219e-02
   4.2418463e-02  -4.6449245e-01   6.1890744e-01  -5.1054621e-03  -1.3970321e-02  -1.0319663e-02
   4.0950582e-02  -4.9024990e-01   6.7433891e-01  -4.9040189e-03  -1.4253090e-02  -9.7657756e-03
   5.3732916e-02  -4.8845346e-01   7.0134190e-01  -5.2939978e-03  -1.4476264e-02  -1.0079123e-02
   7.7362941e-02  -5.1891187e-01   7.2147211e-01  -4.7811712e-03  -1.4777249e-02  -9.8389547e-03
   7.5859098e-02  -5.4466682e-01   7.8751862e-01  -4.1184417e-03  -1.5180558e-02  -9.6492124e-03
   1.0919534e-01  -6.1700381e-01   9.1920790e-01  -3.7140618e-03  -1.7252114e-02  -8.6249664e-03
   1.2454565e-01  -6.2165184e-01   9.1601255e-01  -3.3457673e-03  -1.7608314e-02  -8.8607318e-03
   1.1973932e-01  -6.3892591e-01   9.7814288e-01  -3.0112833e-03  -1.7727698e-02  -9.1817426e-03
   1.2209416e-01  -6.7141888e-01   9.9315351e-01  -2.0562734e-03  -1.8352959e-02  -9.5360901e-03
   1.4941425e-01  -6.9127318e-01   1.0139779e+00  -1.4436316e-03  -1.8449531e-02  -9.1846194e-03
   1.6694454e-01  -7.3146654e-01   1.0459422e+00  -1.8896965e-04  -1.9172211e-02  -9.1287530e-03
   1.6597041e-01  -7.2827072e-01   1.0017554e+00  -1.2749600e-05  -1.9933543e-02  -9.7688940e-03
   1.6870787e-01  -7.4898672e-01   1.0076862e+00   9.4470287e-05  -2.0428981e-02  -1.0132904e-02
   1.7202590e-01  -7.4785671e-01   9.9044139e-01   1.5979792e-04  -2.0463731e-02  -9.9139114e-03
   1.6172906e-01  -7.5107072e-01   9.7732113e-01   4.2731974e-04  -2.0956792e-02  -1.0179042e-02
   1.6898629e-01  -7.6890459e-01   9.8802575e-01   1.1375893e-03  -2.1712520e-02  -1.0577192e-02
   1.6635765e-01  -7.8903208e-01   9.7178717e-01   2.1535210e-03  -2.2524945e-02  -1.1061579e-02
   1.4176887e-01  -8.0150821e-01   9.6169726e-01   2.3523699e-03  -2.2709358e-02  -1.1256582e-02
   1.7320736e-01  -8.1935445e-01   9.6557213e-01   2.7763790e-03  -2.2301279e-02  -1.0854624e-02
   1.5042536e-01  -8.2455173e-01   9.5066806e-01   3.1409580e-03  -2.2806570e-02  -1.1320310e-02
   1.2445632e-01  -8.0823834e-01   9.3476358e-01   2.6352833e-03  -2.2577311e-02  -1.1541157e-02
   1.1920276e-01  -8.2955989e-01   9.2374251e-01   2.9393679e-03  -2.2709437e-02  -1.1803536e-02
   8.4908969e-02  -8.1658312e-01   9.1557896e-01   2.7680566e-03  -2.2917136e-02  -1.2633865e-02
   7.2953719e-02  -8.1553005e-01   9.0408587e-01   1.5786082e-03  -2.1481278e-02  -1.1339172e-02
   5.6325841e-03  -8.2941505e-01   4.3080534e-01   5.2643336e-03  -1.9215226e-02  -1.2619540e-02
   1.3871602e-02  -7.6231355e-01   4.3061181e-01   3.7169301e-03  -1.8351856e-02  -1.1464897e-02
   5.7601340e-02  -6.8720649e-01   5.0273942e-01   8.5230851e-04  -2.4788281e-02  -1.1201565e-02
   3.9895332e-02  -7.5405502e-01   8.3725750e-01   1.0143332e-03  -2.1267926e-02  -9.2175109e-03
   1.5751324e-02  -7.1787254e-01   8.2351124e-01  -1.0238114e-03  -2.1064128e-02  -1.1292136e-02
  -1.5972257e-02  -7.7323736e-01   9.3206502e-01  -2.2761081e-03  -2.3094978e-02  -1.2535639e-02
   2.7751919e-03  -7.7599343e-01   9.0609475e-01  -2.4702468e-03  -2.2718759e-02  -1.2454669e-02
   2.3951040e-02  -8.2253353e-01   9.7095254e-01  -1.7100551e-03  -2.3466118e-02  -1.2564428e-02
   3.1885468e-02  -8.5606814e-01   9.9074076e-01  -1.3508618e-03  -2.4438254e-02  -1.2652932e-02
   3.0707303e-03  -8.9064198e-01   1.0457549e+00  -9.0702240e-04  -2.4379096e-02  -1.3324233e-02
  -8.9815931e-03  -8.8268926e-01   1.0475219e+00  -1.4676314e-03  -2.4894589e-02  -1.3912112e-02
  -2.1482318e-02  -8.6368955e-01   1.0215460e+00  -3.1609256e-03  -2.5108404e-02  -1.4945606e-02
  -4.1376780e-02  -8.6586107e-01   1.0320307e+00  -3.3193822e-03  -2.4706768e-02  -1.5217058e-02
  -1.3727567e-01  -7.1337464e-01   6.7838479e-01  -6.0197079e-03  -3.0499202e-03  -1.0317488e-02
  -1.5983106e-01  -5.1290312e-01   4.9724622e-01  -1.2416106e-02   6.2078436e-03  -6.3511726e-03
