   0.0000000e+00   0.0000000e+00   0.0000000e+00   5.4210109e-20   0.0000000e+00   0.0000000e+00
  -2.9807065e-02   1.8085859e-03  -2.6054882e-02   1.6162823e-04  -6.2060240e-04  -1.7786938e-04
  -1.0332455e-02   1.3711237e-01  -2.0488434e-01  -2.9767761e-03  -1.0628574e-03  -2.1664853e-04
   9.6472320e-04   8.3737956e-02  -1.4744387e-01  -2.7288469e-03  -9.9865958e-04  -3.2159057e-04
  -9.1476040e-03   3.2125725e-02  -1.3025695e-01  -1.6813821e-03  -9.1628586e-04  -5.9679367e-04
  -8.3554346e-03   1.3684299e-01  -1.6835193e-01  -3.1087588e-03  -1.3419296e-03  -4.1442442e-04
  -1.6038361e-02   5.1755142e-02  -1.1876445e-01  -2.8471930e-03  -9.1771737e-04  -4.0276439e-04
  -3.4250534e-02  -2.6799717e-03  -1.3518860e-01  -2.1105663e-03  -1.1588965e-03  -6.3554913e-04
  -1.4380473e-02   1.2852052e-01  -1.6529878e-01  -3.9495422e-03  -1.0274230e-03   3.1497593e-04
   2.5020239e-03  -2.5627366e-02  -1.3671845e-01  -3.1590493e-03  -4.0592639e-04   1.3875178e-04
  -2.2646235e-02   8.3034871e-02  -1.8644438e-01  -3.4690809e-03  -8.5972178e-04   1.3131566e-05
  -2.1824083e-02   1.3250214e-01  -1.6710470e-01  -3.8931032e-03  -7.5321366e-04  -9.8842166e-05
  -2.7440244e-02  -1.4248268e-02  -1.4479564e-01  -2.9624766e-03  -7.8073229e-04  -4.9041961e-04
  -5.0125245e-02  -1.2283958e-02  -1.7251648e-01  -3.1084374e-03  -6.0962018e-04  -5.4927867e-04
  -4.9318615e-02   8.9444298e-02  -1.3352930e-01  -4.4774291e-03  -6.5874578e-04  -5.1080425e-04
  -4.7617015e-02   1.0462514e-02  -1.3301562e-01  -4.4903603e-03  -7.0692204e-04  -8.8081334e-04
  -5.8116373e-02  -5.4424700e-02  -1.5757696e-01  -4.1461337e-03  -7.9963336e-04  -1.4177934e-03
  -5.3463750e-02   8.3220324e-02  -1.5892239e-01  -1.2147213e-02  -4.6673923e-04  -1.8165700e-03
  -3.6981691e-02  -2.9255962e-02  -1.1842745e-01  -1.0229735e-02  -7.3850112e-04  -2.3332597e-03
  -5.3325194e-02   6.7169450e-02  -1.3422942e-01  -9.9380521e-03  -9.0663748e-04  -2.2102572e-03
  -5.6443552e-02   1.0435786e-01  -1.1083928e-01  -1.0116964e-02  -1.2055836e-03  -1.8377239e-03
  -5.1404798e-02   1.2086190e-01  -9.7310064e-02  -1.0495825e-02  -1.0963424e-03  -1.6031438e-03
  -6.3837784e-02   3.9879619e-03  -1.1286518e-01  -1.0177689e-02  -7.6046140e-04  -2.2455594e-03
  -8.5368073e-02  -3.7905766e-02  -1.3180557e-01  -9.8585014e-03  -1.1929087e-03  -2.5597754e-03
  -7.0910768e-02   5.7586994e-02  -1.1857028e-01  -1.0474827e-02  -1.4882257e-03  -2.1973850e-03
  -6.2136166e-02   6.9661490e-02  -1.3234700e-01  -1.0923589e-02  -1.5880803e-03  -2.1461524e-03
  -7.6979267e-02  -4.9959398e-02  -1.3746693e-01  -1.0112870e-02  -1.4895939e-03  -2.6025429e-03
  -8.8235742e-02  -4.6394692e-02  -1.9079329e-01  -9.7520418e-03  -1.6139396e-03  -2.4529461e-03
  -8.6848098e-02   1.7669133e-02  -1.4579695e-01  -9.6412699e-03  -1.5328947e-03  -2.5947377e-03
  -7.7924743e-02  -4.1783640e-02  -4.8724614e-02  -8.7604389e-03  -1.4401756e-03  -3.1112245e-03
  -6.7453939e-02   5.4959935e-02  -1.2888516e-01  -9.3592126e-03  -1.9850558e-03  -2.6956382e-03
  -6.9635852e-02  -4.6235946e-02  -1.3075020e-01  -8.3118730e-03  -1.7647439e-03  -2.7957388e-03
  -6.8190581e-02  -2.5896157e-02  -1.3489834e-01  -8.3358467e-03  -1.3941946e-03  -2.5462850e-03
  -5.4807593e-02   3.9722589e-02  -1.1952197e-01  -8.8264593e-03  -1.6939874e-03  -2.0856052e-03
  -3.8308586e-02   1.3767987e-02  -1.1708605e-01  -8.6422799e-03  -1.5925115e-03  -1.8520670e-03
  -3.0075797e-02  -1.3085109e-01  -1.4714849e-01  -7.6733870e-03  -1.4972896e-03  -1.9801208e-03
  -1.9831210e-02   2.9546973e-02  -1.8949194e-01  -9.4022689e-03  -1.5404222e-03  -1.3962071e-03
   2.2536629e-03  -7.2286265e-02  -1.9152302e-01  -7.2663264e-03  -1.8489289e-03  -1.5738308e-03
  -1.5649411e-02  -1.7963379e-02  -1.8099637e-01  -6.9775169e-03  -2.0738644e-03  -1.7868575e-03
  -9.5928263e-03   6.2067533e-02  -1.7996349e-01  -7.9127185e-03  -2.2590975e-03  -1.5506078e-03
  -2.0784872e-02  -4.4299395e-02  -1.5017145e-01  -6.8093792e-03  -2.0370454e-03  -1.9356768e-03
  -4.0315579e-02   2.8249819e-02  -1.7053553e-01  -7.3425675e-03  -2.1039454e-03  -2.0402657e-03
  -4.6438888e-02  -4.5635997e-02  -1.3012420e-01  -7.1435447e-03  -2.0719577e-03  -2.0461594e-03
  -4.7504078e-02   3.9075731e-02  -1.7734991e-01  -7.5585111e-03  -2.6205543e-03  -1.8297457e-03
  -4.6480342e-02   1.4751614e-02  -1.8816559e-01  -7.6188748e-03  -2.4154695e-03  -1.9735878e-03
  -4.5141138e-02  -7.1719639e-02  -1.6248308e-01  -6.5812557e-03  -2.3198700e-03  -2.1816019e-03
  -2.7648235e-02   2.8515707e-02  -1.7406014e-01  -7.3780771e-03  -2.7904663e-03  -1.5854172e-03
  -3.8087032e-02  -4.7147850e-02  -1.6145392e-01  -6.8643204e-03  -2.6317931e-03  -1.6186227e-03
  -2.4554317e-02   6.1684772e-03  -1.7705578e-01  -7.6505644e-03  -2.6681374e-03  -1.4964319e-03
  -1.3342291e-02  -7.0917406e-03  -1.8431535e-01  -7.4985265e-03  -2.7466640e-03  -1.3379802e-03
  -2.2426769e-02  -7.0056524e-02  -1.5804205e-01  -7.4295488e-03  -2.2051713e-03  -1.7108127e-03
  -3.7381653e-02  -5.2263765e-03  -1.8133438e-01  -7.9978532e-03  -2.6429763e-03  -1.7594395e-03
  -3.2787524e-02  -2.8045244e-02  -1.6024352e-01  -8.0715762e-03  -2.4401891e-03  -1.5788867e-03
  -5.0608859e-02  -1.0785211e-01  -1.6645629e-01  -7.3483096e-03  -2.3851509e-03  -2.1121928e-03
  -4.7774443e-02  -4.3195156e-03  -1.8062698e-01  -8.1483305e-03  -2.8116302e-03  -1.8188006e-03
  -5.5338775e-02  -1.4327188e-01  -1.3694634e-01  -7.4149878e-03  -2.5915591e-03  -2.3375087e-03
  -6.1708717e-02  -9.1773939e-02  -1.8191998e-01  -6.9440797e-03  -2.7694481e-03  -2.2961144e-03
  -5.1575864e-02  -3.2627406e-02  -1.6679182e-01  -6.8601717e-03  -2.6952496e-03  -1.8082221e-03
  -5.2994464e-02  -1.3871884e-01  -1.2438304e-01  -4.5052186e-03  -2.6312395e-03  -1.9719213e-03
  -6.0514263e-02  -5.9648740e-02  -1.3579070e-01  -4.9820300e-03  -2.6982347e-03  -1.9979168e-03
  -6.3477442e-02  -1.0207075e-01  -1.1795823e-01  -4.7219785e-03  -2.7919737e-03  -2.1854235e-03
  -7.3412664e-02  -1.2077248e-01  -1.1497229e-01  -4.3870953e-03  -3.0480858e-03  -2.5692316e-03
  -7.5057792e-02  -9.3845388e-02  -1.1039678e-01  -4.7812491e-03  -3.3679309e-03  -2.4790732e-03
  -8.5385535e-02  -1.4774480e-01  -1.1872711e-01  -4.3320083e-03  -3.7025806e-03  -2.9066776e-03
  -9.2936178e-02  -1.0301575e-01  -1.3246131e-01  -4.8100451e-03  -4.3864126e-03  -3.2871857e-03
  -1.1286029e-01  -2.2527598e-01  -1.6681613e-01  -3.5867240e-03  -4.2230124e-03  -3.9274266e-03
  -1.0425412e-01  -1.0497836e-01  -1.5578279e-01  -4.3809750e-03  -4.2384111e-03  -3.6438643e-03
  -1.0755356e-01  -1.9009754e-01  -1.4210871e-01  -3.9578373e-03  -4.2865118e-03  -4.0544100e-03
  -1.0802220e-01  -8.7418392e-02  -1.5730819e-01  -4.6554816e-03  -4.2317730e-03  -3.7642143e-03
  -1.0684391e-01  -1.9028622e-01  -1.3761628e-01  -3.6666126e-03  -4.0670135e-03  -4.0018300e-03
  -1.1177887e-01  -1.2800915e-01  -1.4293397e-01  -4.1858966e-03  -4.2595625e-03  -3.7399898e-03
  -1.1120564e-01  -1.8646116e-01  -1.3010689e-01  -3.5224849e-03  -4.1991799e-03  -3.6525498e-03
  -1.1852187e-01  -1.5645082e-01  -1.1996065e-01  -4.5175248e-03  -4.2985698e-03  -3.9007625e-03
  -1.4034869e-01  -1.9678307e-01  -1.4523666e-01  -4.1702961e-03  -4.4896058e-03  -4.5050519e-03
  -1.3229996e-01  -1.5508867e-01  -1.3412464e-01  -4.2915529e-03  -4.7553525e-03  -4.1646303e-03
  -1.4507345e-01  -2.4301442e-01  -1.4578339e-01  -3.3685365e-03  -4.5810608e-03  -4.5963494e-03
  -1.4138677e-01  -1.3396408e-01  -1.3644505e-01  -4.2782976e-03  -5.0079216e-03  -4.4006952e-03
  -1.4849833e-01  -2.1369896e-01  -1.1937816e-01  -3.9358362e-03  -4.8507973e-03  -4.6315739e-03
  -2.0422324e-01  -3.2656827e-01  -7.1758551e-02  -2.2530765e-03  -5.2375581e-03  -5.9992015e-03
  -1.9398236e-01  -2.3517003e-01  -1.2312763e-01  -2.3813120e-03  -6.1399436e-03  -5.7013210e-03
  -1.6465961e-01  -1.5038886e-01  -1.7780407e-01  -3.8191758e-03  -5.9600166e-03  -4.7002773e-03
  -1.5674252e-01  -1.7115403e-01  -1.4060402e-01  -4.2660285e-03  -6.0861053e-03  -4.7216074e-03
  -1.7156298e-01  -2.5967836e-01  -1.2223915e-01  -2.9694630e-03  -6.1684324e-03  -5.1715653e-03
  -1.5888879e-01  -1.8064755e-01  -1.5771177e-01  -3.4657816e-03  -6.1962743e-03  -4.7199975e-03
  -1.6242191e-01  -2.9091748e-01  -6.3725781e-02  -1.5076596e-03  -6.6432102e-03  -4.6662067e-03
  -1.4885925e-01  -1.8697738e-01  -1.2853794e-01  -2.7488130e-03  -6.6057726e-03  -4.1996245e-03
  -1.6347478e-01  -2.3122428e-01  -1.1425610e-01  -2.3591683e-03  -6.4079404e-03  -4.1373322e-03
  -1.4466858e-01  -1.6456562e-01  -1.1947735e-01  -3.2821003e-03  -6.2523463e-03  -3.4598971e-03
  -1.4273891e-01  -1.7074508e-01  -1.2597534e-01  -2.9623637e-03  -6.1666261e-03  -3.6212972e-03
  -1.3689400e-01  -1.9854842e-01  -1.3148002e-01  -3.0245587e-03  -6.2516501e-03  -3.4610880e-03
  -1.6505203e-01  -2.3114107e-01  -1.2987034e-01  -2.6639289e-03  -6.8836343e-03  -3.8987224e-03
  -1.5606284e-01  -2.4751927e-01  -1.3102546e-01  -2.0794688e-03  -7.0321573e-03  -3.8413719e-03
  -1.5355356e-01  -1.8296872e-01  -1.4625913e-01  -1.7014185e-03  -7.4093627e-03  -3.5026400e-03
  -1.4232114e-01  -1.6707202e-01  -1.4821661e-01  -1.6440439e-03  -7.7142811e-03  -3.0038742e-03
  -1.6494066e-01  -2.7702775e-01  -1.4451486e-01  -1.1834110e-03  -7.3151396e-03  -3.7211163e-03
  -1.5124977e-01  -2.1031857e-01  -1.7170231e-01  -2.1600900e-03  -7.7739247e-03  -3.2806252e-03
  -1.5608992e-01  -2.6066106e-01  -1.4911595e-01  -1.1206339e-03  -7.7332092e-03  -2.9660954e-03
  -1.5704908e-01  -2.1919975e-01  -1.4029963e-01  -1.6099651e-03  -8.0464521e-03  -2.9506969e-03
  -1.3760332e-01  -2.0023167e-01  -1.7253493e-01  -1.5219654e-03  -8.0243936e-03  -2.3719101e-03
  -1.3380925e-01  -2.6648414e-01  -1.6967260e-01  -4.0526756e-04  -7.8295453e-03  -1.9184834e-03
  -1.0335147e-01  -1.9854717e-01  -1.7079166e-01  -9.3729258e-04  -7.7152062e-03  -1.4088986e-03
  -1.1355156e-01  -2.7287936e-01  -1.4211402e-01   3.8496404e-04  -7.8146750e-03  -1.5915293e-03
  -9.8556395e-02  -1.7584646e-01  -1.8740147e-01  -3.1926475e-04  -8.4478381e-03  -1.3323904e-03
  -7.2232666e-02  -2.9289274e-01  -1.0159052e-01   1.0448399e-03  -7.7740994e-03  -1.3865307e-03
  -6.4071642e-02  -1.7841487e-01  -1.7635454e-01  -1.4349356e-04  -7.8996906e-03  -1.4193719e-03
  -8.3470540e-02  -2.7559055e-01  -1.5490748e-01   6.7829588e-04  -7.7980830e-03  -1.7439134e-03
  -7.5831473e-02  -2.3520818e-01  -1.4601806e-01  -1.9694544e-04  -8.1684301e-03  -1.9531913e-03
  -9.3016570e-02  -3.3824449e-01  -1.2278615e-01   4.5858566e-04  -7.7733031e-03  -1.9200725e-03
  -7.6002975e-02  -2.0618584e-01  -1.4397225e-01  -1.1603733e-03  -7.8263336e-03  -1.2396935e-03
  -8.8771559e-02  -3.1964207e-01  -8.5430308e-02   1.2868910e-04  -7.3897060e-03  -1.6066958e-03
  -8.5992197e-02  -2.8814301e-01  -1.2683806e-01   5.8495882e-04  -7.7783249e-03  -1.5658286e-03
  -6.4340646e-02  -1.9013872e-01  -1.5784871e-01  -4.7127073e-04  -7.7585606e-03  -6.1384114e-04
  -5.6181306e-02  -2.5889188e-01  -5.9324064e-02   4.9833648e-05  -7.2961977e-03  -8.8618025e-06
  -5.9720698e-02  -3.5497955e-01   1.3725829e-02   2.5731548e-03  -7.2609450e-03  -3.0550930e-04
  -6.5513046e-02  -2.3841655e-01  -2.1184725e-02   1.5966550e-03  -7.7538997e-03   4.8580238e-04
  -5.5943163e-02  -1.9085570e-01  -3.1131742e-02   9.4106068e-04  -7.8687778e-03   8.7711314e-04
  -5.7700152e-02  -3.1119653e-01   4.0585026e-02   1.6796075e-03  -7.6769250e-03   8.1334734e-04
  -8.7335732e-02  -3.1448570e-01   3.1157032e-02   1.8835331e-03  -7.4319924e-03  -1.5294619e-04
  -7.1501261e-02  -2.0874865e-01   2.7385379e-02   8.5605834e-04  -7.7871193e-03   1.0715494e-03
  -7.8309266e-02  -2.3928086e-01   6.0231470e-02   9.3175388e-04  -7.8510555e-03   1.2065201e-03
