   0.0000000e+00   0.0000000e+00   0.0000000e+00   0.0000000e+00   0.0000000e+00   0.0000000e+00
   7.6683163e-03  -8.8428084e-03   8.8014380e-03  -4.2739137e-04  -5.8278273e-05   1.6509782e-04
   2.3435595e-02  -8.4826560e-03  -1.5207774e-02  -3.2162758e-04  -9.1047382e-05   2.3436094e-04
   3.7186595e-02  -7.8982252e-03   4.4317326e-02  -3.6376076e-04  -2.4451478e-04   2.9668882e-04
   3.4965542e-02  -2.4807047e-02   4.4761800e-02  -3.3266422e-04  -4.7706206e-07   4.2518563e-04
   1.9254130e-02  -3.2236943e-02   5.0005577e-02  -1.2397353e-03  -5.2840806e-05   2.9600282e-04
   3.1961256e-02  -3.1875183e-02   3.9323052e-02  -4.6202856e-04  -1.5294615e-04   2.3210730e-04
   4.2702701e-02  -2.2541111e-02   4.4820807e-02   3.6756948e-04  -3.7828735e-04   3.9488748e-04
   3.4332521e-02   3.3362371e-03   2.9247362e-02   3.1467338e-04   1.4831402e-04   4.2457061e-04
   6.9202826e-03  -5.0120863e-02  -6.5013577e-02   1.6618068e-03  -7.5970689e-04  -5.7432958e-04
  -1.9022868e-02  -1.0812509e-01  -1.2614549e-01   3.6409875e-03  -1.7672337e-03  -1.5359282e-03
  -5.7561434e-02  -7.2998171e-02  -1.1331445e-01   2.9159048e-03  -8.9854957e-04  -1.8446802e-03
   3.6178695e-03  -5.9571907e-02  -9.7618293e-02   2.9491735e-03  -6.5797601e-04  -5.1330038e-04
   2.7969121e-02  -7.6527335e-02  -9.9430900e-02   3.3091809e-03  -3.2958419e-04   2.9610446e-04
   6.6949420e-02  -9.7955959e-02  -7.7462467e-02   3.8337877e-03  -9.8586970e-04   8.5336731e-04
   5.9790738e-02  -6.9533685e-02  -8.8383469e-02   3.7819417e-03  -8.6900790e-04   1.3292683e-03
   5.6984710e-02  -6.5468766e-02  -9.6216289e-02   4.0077590e-03  -6.5160875e-04   1.5393686e-03
   5.7354250e-02  -7.3233453e-02  -9.4930052e-02   4.1252408e-03  -5.3383960e-04   1.7878071e-03
   5.7590568e-02  -8.4812166e-02  -8.1211939e-02   4.5976177e-03  -5.5382645e-04   1.7776064e-03
   6.9428268e-02  -8.5115570e-02  -5.9614674e-02   4.5820752e-03  -7.3249292e-04   2.1116055e-03
   5.4762900e-02  -7.9831193e-02  -1.0261617e-01   4.5570536e-03  -4.7074783e-04   1.9709041e-03
   5.0807132e-02  -5.6968245e-02  -1.0773020e-01   4.8122742e-03  -3.7244847e-04   1.8470144e-03
   6.2957683e-02  -7.1049089e-02  -1.0514003e-01   5.2442111e-03  -5.6943755e-04   2.1826345e-03
   8.5795279e-02  -1.0678805e-01  -1.5506512e-01   6.1637339e-03  -1.0866502e-03   2.3238093e-03
   1.2616176e-01  -1.3258209e-01  -2.2438362e-01   6.6506235e-03  -1.9154233e-03   2.9048571e-03
   1.1928244e-01  -9.8664015e-02  -1.6785927e-01   5.3131202e-03  -2.5435008e-03   2.5773318e-03
   8.5607154e-02  -1.1610179e-01  -1.5525491e-01   5.8983065e-03  -1.7293009e-03   2.5445942e-03
   8.2437802e-02  -1.2130829e-01  -1.0175728e-01   5.3957501e-03  -1.9289072e-03   2.4165834e-03
   9.4415122e-02  -1.3561884e-01  -1.0978544e-01   5.8593958e-03  -2.3287005e-03   2.2083290e-03
   8.6589747e-02  -1.3767615e-01  -1.2440668e-01   6.7238660e-03  -2.1070644e-03   2.1719859e-03
   8.7109932e-02  -1.3570521e-01  -9.1505501e-02   6.1390341e-03  -2.1027524e-03   2.3143993e-03
   7.6619647e-02  -1.4081646e-01  -1.0900604e-01   6.0876530e-03  -1.9095008e-03   2.2179483e-03
   8.9124864e-02  -1.3265522e-01  -1.5366593e-01   6.1500400e-03  -2.6553271e-03   2.0595036e-03
   9.2762938e-02  -1.2362763e-01  -1.2290489e-01   6.0742348e-03  -2.6234038e-03   2.1307005e-03
   1.0200758e-01  -1.3006650e-01  -1.3272944e-01   6.6768989e-03  -2.5915934e-03   2.3692112e-03
   9.9732099e-02  -8.8814479e-02  -1.6943130e-01   6.3746359e-03  -2.4953887e-03   2.1063187e-03
   1.0524398e-01  -1.1803435e-01  -1.7817055e-01   6.2263456e-03  -2.5171902e-03   2.1873813e-03
   7.9964374e-02  -1.7603737e-01  -1.6942684e-01   6.8569715e-03  -2.0139139e-03   1.9301659e-03
   7.8866548e-02  -1.8500949e-01  -1.2604199e-01   6.4524825e-03  -1.9496510e-03   2.1690253e-03
   6.1262622e-02  -1.8736327e-01  -1.5178267e-01   6.1944332e-03  -2.0793230e-03   1.9953732e-03
   6.5190283e-02  -1.9273773e-01  -1.6403303e-01   6.0330418e-03  -1.8746068e-03   1.9948635e-03
   5.8326563e-02  -2.0553050e-01  -1.4733203e-01   5.9123797e-03  -1.6650526e-03   2.0149182e-03
   5.0355069e-02  -2.0355914e-01  -1.2471797e-01   5.5925492e-03  -1.5001502e-03   1.9934172e-03
   4.2866308e-02  -2.0108351e-01  -1.3677024e-01   5.5610580e-03  -1.7170725e-03   1.9557566e-03
   6.4515811e-02  -1.9790834e-01  -1.7933665e-01   5.2276369e-03  -2.1140965e-03   2.0313091e-03
   6.2769824e-02  -1.8460336e-01  -1.4838562e-01   4.6177411e-03  -2.8719402e-03   1.7203503e-03
   4.7625254e-02  -1.5086059e-01  -1.4430564e-01   3.9438438e-03  -3.9332512e-03   1.5167327e-03
   4.1538122e-02  -1.1009730e-01  -1.0389873e-01   2.0729772e-03  -4.1128233e-03   1.7099105e-03
   5.7856959e-02  -1.2248488e-01  -8.0493461e-02   2.2833661e-03  -3.6704623e-03   2.3894944e-03
   6.6544341e-02  -9.0410201e-02  -7.8580645e-02   2.0334565e-03  -3.6089248e-03   2.7242179e-03
   6.7034593e-02  -9.4676632e-02  -1.1204985e-01   2.5692890e-03  -2.9914790e-03   2.8776466e-03
   5.7088817e-02  -1.5002350e-01  -7.8635498e-02   2.9949454e-03  -2.9932414e-03   2.4391316e-03
   3.5729925e-02  -1.3299125e-01  -6.0688905e-02   2.5399943e-03  -2.3386191e-03   2.4216674e-03
   3.2141046e-02  -1.3275846e-01  -8.0684787e-02   2.1449814e-03  -2.0959838e-03   3.0015512e-03
   4.6117281e-02  -1.5415587e-01  -1.1811022e-01   2.7222801e-03  -2.6563491e-03   3.2063432e-03
   4.6355267e-02  -1.5947389e-01  -7.2646585e-02   2.2874187e-03  -2.7196953e-03   3.2071998e-03
   4.8334086e-02  -1.7520428e-01  -6.3830928e-02   2.2272093e-03  -2.5158308e-03   3.2891765e-03
   5.3184780e-02  -1.6245518e-01  -8.2645640e-02   2.0977462e-03  -2.4356029e-03   3.3070932e-03
   6.4445790e-02  -1.6210705e-01  -7.7481060e-02   2.6735718e-03  -2.7637554e-03   3.6177895e-03
   8.3543121e-02  -1.3437795e-01  -1.0393036e-01   1.1440584e-03  -3.9097120e-03   3.3750154e-03
   9.2087371e-02  -1.5878805e-01  -1.3719369e-01   2.7452187e-03  -4.1826986e-03   3.5300374e-03
   8.6026114e-02  -1.5029803e-01  -9.1356371e-02   3.2108187e-03  -3.8778178e-03   3.5751338e-03
   8.5096824e-02  -1.5930281e-01  -4.9508082e-02   2.9059646e-03  -3.7173712e-03   3.5538604e-03
   1.0829782e-01  -1.4158087e-01  -8.8891838e-02   2.5062415e-03  -3.8295420e-03   3.7431303e-03
   1.0996369e-01  -1.5003177e-01  -1.3393212e-01   2.7287485e-03  -3.9058580e-03   3.6343458e-03
   9.2821812e-02  -1.6454909e-01  -1.2474207e-01   3.3528193e-03  -3.8160071e-03   3.4883166e-03
   7.5665887e-02  -1.7054005e-01  -1.1754409e-01   3.8754087e-03  -3.3217588e-03   3.3612478e-03
   8.0904777e-02  -1.9032332e-01  -1.1232182e-01   4.5563879e-03  -3.4142084e-03   3.4519582e-03
   7.9568401e-02  -1.8350727e-01  -5.6073653e-02   4.1720299e-03  -3.2915954e-03   3.5818109e-03
   8.8073659e-02  -1.9001267e-01  -4.6783904e-02   4.3271094e-03  -3.2430437e-03   3.7910245e-03
   1.0540018e-01  -1.8052540e-01  -6.7910217e-02   3.7287823e-03  -3.7136357e-03   3.9237227e-03
   8.8375375e-02  -1.7959033e-01  -8.2892026e-02   3.5925273e-03  -3.5332484e-03   4.0069881e-03
   8.5243652e-02  -1.9142005e-01  -9.0359362e-02   3.7196329e-03  -3.6242334e-03   3.8251769e-03
   8.1975457e-02  -2.1224576e-01  -1.0002713e-01   4.1696017e-03  -3.4919383e-03   3.7240474e-03
   8.9926991e-02  -2.3346679e-01  -7.8751159e-02   5.0255590e-03  -3.5084230e-03   3.7383112e-03
   6.7110047e-02  -2.3093761e-01  -9.3521606e-02   4.9868451e-03  -3.1206164e-03   3.7563977e-03
   5.9215277e-02  -2.2832325e-01  -1.1892736e-01   4.9192490e-03  -3.1836427e-03   3.8165994e-03
   4.7934712e-02  -2.4183737e-01  -1.4456267e-01   5.0987719e-03  -2.9918159e-03   3.6653506e-03
   4.4441738e-02  -2.3285874e-01  -8.1643767e-02   4.4801755e-03  -2.9287267e-03   3.9189149e-03
   4.7273344e-02  -2.3681606e-01  -1.8249576e-01   5.8316709e-03  -3.0307260e-03   4.1577238e-03
   6.3805688e-02  -2.7237796e-01  -2.4911756e-01   7.3124765e-03  -3.1840777e-03   4.2912374e-03
   6.6804401e-02  -2.6873841e-01  -2.3802390e-01   7.4345577e-03  -3.0438179e-03   4.4650421e-03
   5.9689394e-02  -2.6928333e-01  -2.1656150e-01   7.0996381e-03  -2.9600380e-03   4.2740633e-03
   5.1069668e-02  -2.7294682e-01  -2.1697856e-01   7.2476561e-03  -2.8521870e-03   4.4283655e-03
   4.5700312e-02  -2.8130812e-01  -2.2378126e-01   6.4324596e-03  -2.7263722e-03   4.2724894e-03
   6.0164595e-02  -3.1093268e-01  -1.5837306e-01   6.8375915e-03  -2.7362540e-03   4.3293859e-03
   6.6128489e-02  -3.1388657e-01  -1.3306883e-01   6.8177923e-03  -2.3472320e-03   4.6366787e-03
   6.1805383e-02  -3.2627704e-01  -1.3989013e-01   7.3207173e-03  -2.5008556e-03   4.6594027e-03
   5.9903961e-02  -3.1331051e-01  -1.3961658e-01   7.3417293e-03  -2.5156107e-03   4.7488610e-03
   6.5273291e-02  -3.0982906e-01  -1.3383898e-01   7.5713728e-03  -2.7443808e-03   4.8176962e-03
   5.4380681e-02  -3.1368269e-01  -9.4857937e-02   7.0622411e-03  -2.4776448e-03   5.0292413e-03
   8.0658589e-02  -3.0806204e-01  -1.6749384e-01   7.1765957e-03  -3.8095721e-03   4.4226318e-03
   7.4047304e-02  -3.0923012e-01  -1.4974211e-01   7.4582128e-03  -4.4029767e-03   3.4934678e-03
   6.9114440e-02  -2.4106627e-01  -1.0643535e-01   6.0317401e-03  -4.1459536e-03   3.7789562e-03
   4.8322189e-02  -2.6635253e-01  -8.5652787e-02   6.6728276e-03  -3.8675018e-03   3.5452582e-03
   6.3211457e-02  -2.5700551e-01  -1.3729011e-01   6.9786903e-03  -3.9364130e-03   3.7075011e-03
   8.5826508e-02  -2.3420127e-01  -1.7593395e-01   5.8336322e-03  -4.5063412e-03   3.7905938e-03
   9.6480517e-02  -2.2962971e-01  -9.4508484e-02   6.1934297e-03  -5.1541962e-03   3.9273383e-03
   7.5030829e-02  -2.4048950e-01  -1.2418017e-01   5.8072671e-03  -5.1473055e-03   3.7724550e-03
   6.7615872e-02  -2.4342333e-01  -1.6579278e-01   5.4865420e-03  -4.7025447e-03   3.8565430e-03
   5.0375700e-02  -2.4380436e-01  -1.2201846e-01   5.2721565e-03  -4.5273052e-03   3.5603367e-03
   3.5832370e-02  -2.4804075e-01  -1.6915793e-01   5.1960221e-03  -3.9136199e-03   3.7403386e-03
   4.9539312e-02  -2.4097947e-01  -1.9696767e-01   5.3538475e-03  -3.9128561e-03   3.8934274e-03
   4.4141617e-02  -2.5190686e-01  -1.3729726e-01   4.9516376e-03  -3.6173075e-03   3.8374724e-03
   5.2640078e-02  -2.5361199e-01  -1.5192897e-01   5.4508970e-03  -3.7142080e-03   3.8247324e-03
   5.6652020e-02  -2.5352106e-01  -1.6183977e-01   5.2950963e-03  -3.5039800e-03   3.8646587e-03
   6.3013189e-02  -2.6459440e-01  -1.2743063e-01   5.6258865e-03  -3.4699168e-03   3.9436759e-03
   7.0875345e-02  -2.9217147e-01  -1.2908570e-01   6.2342090e-03  -3.5658600e-03   4.0961392e-03
   7.5228499e-02  -2.9466063e-01  -1.8295931e-01   5.8675631e-03  -3.9521033e-03   4.3108864e-03
   4.8744276e-02  -2.7220001e-01  -1.8599455e-01   6.0023391e-03  -3.8185936e-03   4.1662372e-03
   3.2257420e-02  -2.4948923e-01  -1.7657177e-01   5.7247082e-03  -3.6459850e-03   4.0452838e-03
   5.0990914e-02  -2.7120209e-01  -1.6254321e-01   5.7190138e-03  -3.7395991e-03   4.7357157e-03
   4.7255906e-02  -2.9229017e-01  -1.9828969e-01   6.5224956e-03  -3.9568425e-03   4.4163024e-03
   3.6500860e-02  -2.9602200e-01  -1.4178101e-01   5.7697296e-03  -3.8600159e-03   4.2121148e-03
   3.4097661e-02  -3.0675056e-01  -1.0906359e-01   5.6787250e-03  -3.9523582e-03   4.1436090e-03
   3.5125177e-02  -3.0878291e-01  -1.5698818e-01   5.5335422e-03  -3.7949452e-03   4.1502076e-03
   3.6648348e-02  -3.1795962e-01  -1.3300589e-01   5.3477032e-03  -3.7389017e-03   4.3864150e-03
   3.7319535e-02  -3.3010441e-01  -1.1507033e-01   5.4969859e-03  -3.4468145e-03   4.6187346e-03
   4.2589433e-02  -3.5167935e-01  -8.0225813e-02   6.1076437e-03  -3.4689540e-03   4.5987142e-03
   8.1776361e-02  -3.4673305e-01  -1.1126586e-01   6.4314525e-03  -4.5477110e-03   4.9092299e-03
