   0.0000000e+00   0.0000000e+00   0.0000000e+00   0.0000000e+00   0.0000000e+00   0.0000000e+00
   2.0729657e-03   4.5784512e-03   3.3693433e-02  -3.3958375e-04   5.5762124e-05  -1.9902356e-05
  -2.8266528e-03  -1.7304826e-02   2.7290061e-02  -1.6850889e-04  -1.5317357e-04  -2.7509238e-04
  -8.1467887e-03  -3.5278661e-02   2.2740525e-02   5.3799333e-04  -3.6899774e-04  -4.5931428e-04
  -3.1776267e-02  -2.1544245e-02  -6.7109249e-03   5.8544735e-04  -6.9423727e-04  -9.3595757e-04
  -4.7426662e-03  -2.9229311e-02   1.6198664e-02  -7.3555922e-04  -1.1767127e-03  -6.6828754e-04
   8.5332750e-03  -4.5075556e-02   8.6466817e-03   3.4253173e-05  -9.5892437e-04  -3.6966298e-04
   6.2528930e-03  -5.4365948e-02   7.9265504e-04   3.2850158e-05  -1.0919513e-03  -4.5793729e-04
   8.8063218e-03  -7.5442720e-02   4.6349564e-03   2.4267048e-05  -1.1153271e-03  -4.6600585e-04
   1.1404176e-02  -8.0973685e-02   4.7144291e-02  -1.8218026e-04  -1.1701846e-03  -4.9255635e-04
   1.3440330e-03  -7.4759950e-02   2.4416447e-02  -1.0728187e-04  -1.2735312e-03  -7.0867660e-04
   3.4148120e-03  -1.0428394e-01   1.9921135e-02   3.6299306e-04  -1.6123593e-03  -7.4833393e-04
   7.1829179e-03  -1.0931033e-01   5.6379744e-02  -2.5575412e-04  -1.8111743e-03  -7.5041663e-04
  -5.7031245e-03  -1.0789112e-01   3.3175789e-02  -3.1195174e-04  -2.1486619e-03  -1.1135431e-03
  -1.0270914e-02  -1.2857484e-01   3.2861819e-02  -3.0554408e-04  -2.4064712e-03  -1.1826838e-03
  -8.2228979e-03  -1.2672422e-01   6.4928511e-02  -5.5566972e-04  -2.6346346e-03  -1.1580463e-03
  -1.3634292e-03  -1.2855460e-01   3.8764663e-02   2.1729984e-04  -2.9244932e-03  -8.9342439e-04
   4.9028693e-03  -1.3624406e-01   7.1853585e-02  -6.8763760e-04  -3.1579161e-03  -9.5652048e-04
   9.2031823e-03  -1.1666841e-01   3.9910772e-02  -4.6987931e-04  -3.1521845e-03  -8.5061848e-04
  -2.2080412e-03  -1.2112812e-01   3.2773773e-02  -3.9955053e-04  -3.1339668e-03  -1.0529928e-03
   3.9186806e-03  -1.2834703e-01   7.8903809e-02  -1.6811914e-03  -2.8764659e-03  -1.0183853e-03
  -2.2451868e-03  -1.2884717e-01   2.1011371e-02  -1.7927534e-04  -3.1738899e-03  -9.3334164e-04
  -6.3262489e-03  -1.4194237e-01   6.4863945e-02  -7.9344467e-04  -3.3037255e-03  -1.3218912e-03
  -1.7490913e-02  -1.2756874e-01   2.4114651e-02  -7.3386342e-04  -3.1181620e-03  -1.3642143e-03
  -2.4651848e-02  -1.7275583e-01   3.2225807e-02   7.8166476e-05  -3.4610007e-03  -1.5950751e-03
  -7.9614978e-03  -1.7323466e-01   8.6223999e-02  -7.2387855e-04  -3.5912359e-03  -1.4346189e-03
   2.2449543e-03  -1.8211752e-01   5.8038070e-02  -6.2404653e-04  -3.7196363e-03  -1.4290285e-03
  -2.2601629e-02  -1.8849860e-01   7.6843029e-02  -6.0992192e-04  -3.9346922e-03  -1.7148390e-03
  -2.7880368e-02  -1.9989418e-01   5.9340896e-02  -3.6544342e-04  -4.1417435e-03  -1.8436850e-03
  -3.9447760e-02  -2.0509333e-01   6.7166652e-02  -4.5126375e-04  -4.3560300e-03  -2.0916173e-03
  -6.2049385e-02  -2.2477623e-01   8.7899334e-02  -6.5541315e-04  -4.3535434e-03  -2.3120695e-03
  -7.2046221e-02  -2.1437849e-01   7.5152172e-02  -8.0899828e-04  -4.3380537e-03  -2.3437046e-03
  -8.3186769e-02  -2.3392808e-01   9.0635680e-02  -9.2130114e-04  -4.5113790e-03  -2.6111521e-03
  -1.0729155e-01  -2.3313283e-01   8.3581659e-02  -8.4978916e-04  -4.5655424e-03  -2.9531855e-03
  -1.2938644e-01  -2.5095512e-01   1.2514606e-01  -1.3401986e-03  -4.5153756e-03  -3.3976669e-03
  -1.4804783e-01  -2.6405938e-01   9.9070055e-02  -1.0488443e-03  -4.4623211e-03  -3.8063956e-03
  -1.4807921e-01  -2.6639093e-01   1.2498101e-01  -1.3797663e-03  -4.6951932e-03  -4.0921471e-03
  -1.7167135e-01  -2.6609506e-01   1.1173682e-01  -1.5475120e-03  -4.6980194e-03  -4.4038281e-03
  -1.7839305e-01  -2.8645444e-01   1.1678809e-01  -1.4189777e-03  -4.7629417e-03  -4.5592163e-03
  -1.8084596e-01  -2.9486462e-01   1.2119331e-01  -1.1923304e-03  -4.8104785e-03  -4.7262150e-03
  -2.0223925e-01  -2.5467538e-01   7.8243990e-02  -1.5272030e-03  -4.4665836e-03  -4.5684429e-03
  -1.7938714e-01  -2.7323628e-01   1.0124777e-01  -1.5427028e-03  -4.8107246e-03  -4.5312443e-03
  -1.8759277e-01  -2.5442361e-01   6.4960295e-02  -1.2583757e-03  -4.8268122e-03  -4.5643237e-03
  -2.0225234e-01  -2.6769512e-01   9.9063129e-02  -1.7373981e-03  -4.7464433e-03  -4.8780212e-03
  -1.9684300e-01  -2.7197216e-01   6.6269220e-02  -1.4788595e-03  -4.9208489e-03  -4.8784299e-03
  -1.8820849e-01  -2.9242747e-01   1.0812038e-01  -1.9229411e-03  -4.8492355e-03  -4.9027196e-03
  -1.8774622e-01  -2.8857731e-01   6.7913227e-02  -1.5098748e-03  -4.7404667e-03  -4.8699039e-03
  -1.8523825e-01  -2.9511533e-01   1.1626400e-01  -2.0009056e-03  -4.5585739e-03  -4.9071457e-03
  -1.8612205e-01  -3.0030482e-01   9.5468088e-02  -1.6152019e-03  -4.7190376e-03  -5.0645725e-03
  -1.7548884e-01  -3.1258082e-01   1.4012390e-01  -1.9769431e-03  -4.7929654e-03  -5.1859455e-03
  -1.7462630e-01  -2.9586277e-01   8.9990403e-02  -1.5205495e-03  -4.9120493e-03  -5.0749972e-03
  -1.6697029e-01  -3.3348131e-01   1.4197008e-01  -2.8535490e-03  -4.5460325e-03  -4.9989788e-03
  -1.6561402e-01  -3.3016110e-01   7.8535364e-02  -1.2645343e-03  -4.6197999e-03  -4.8503769e-03
  -1.6323770e-01  -3.3310978e-01   1.0947021e-01  -1.8384377e-03  -4.7749776e-03  -4.9941988e-03
  -1.6198149e-01  -3.1376199e-01   5.8896372e-02  -1.4966784e-03  -4.8474679e-03  -5.0968030e-03
  -1.6963969e-01  -3.4533549e-01   1.0265414e-01  -1.4814192e-03  -5.0871976e-03  -5.1681059e-03
  -1.8527925e-01  -3.5965544e-01   1.0554042e-01  -1.3919477e-03  -5.2726192e-03  -5.4121932e-03
  -1.7893126e-01  -3.6031215e-01   7.3902378e-02  -1.4201889e-03  -5.2567191e-03  -5.3086282e-03
  -1.7302888e-01  -3.6907498e-01   9.2157568e-02  -1.8068619e-03  -5.5043820e-03  -5.3506465e-03
  -1.7992693e-01  -3.8504644e-01   9.5424782e-02  -1.6377556e-03  -5.4614265e-03  -5.4828110e-03
  -1.9442808e-01  -4.0027880e-01   1.0277052e-01  -1.6559456e-03  -5.3441891e-03  -5.7330019e-03
  -2.1651339e-01  -3.8449735e-01   8.0122988e-02  -1.8051651e-03  -5.4732906e-03  -5.9104151e-03
  -2.2775528e-01  -4.0531791e-01   9.8656499e-02  -1.6815520e-03  -5.4680707e-03  -6.1986627e-03
  -2.3339484e-01  -4.1037762e-01   8.1708208e-02  -1.3553224e-03  -5.3936989e-03  -6.2128417e-03
  -2.4111972e-01  -4.1722744e-01   8.8505236e-02  -1.5292258e-03  -5.4500446e-03  -6.2495608e-03
  -2.3984920e-01  -4.0123269e-01   7.8737849e-02  -1.6836455e-03  -5.5162309e-03  -6.3436123e-03
  -2.2807798e-01  -4.2513817e-01   1.0726934e-01  -1.8835871e-03  -5.2676099e-03  -6.0961732e-03
  -2.2625782e-01  -3.9158348e-01   5.2596139e-02  -1.4817085e-03  -5.3005629e-03  -6.0186420e-03
  -2.2343790e-01  -4.2091690e-01   1.1301864e-01  -2.0252126e-03  -5.3586740e-03  -6.3283721e-03
  -2.0734634e-01  -3.9376734e-01   7.1687576e-02  -2.1202744e-03  -5.3867295e-03  -6.2746787e-03
  -2.0423601e-01  -4.2023241e-01   8.8660415e-02  -2.3145028e-03  -5.2313175e-03  -6.1433787e-03
  -2.0915313e-01  -4.1695547e-01   7.4531000e-02  -2.3704321e-03  -5.2828642e-03  -6.3626217e-03
  -2.1650798e-01  -4.3792483e-01   8.2859435e-02  -1.7495147e-03  -5.2713499e-03  -6.4289953e-03
  -2.2236538e-01  -4.3819186e-01   8.3665877e-02  -2.2159123e-03  -5.2003329e-03  -6.5331974e-03
  -2.1285268e-01  -4.4798097e-01   9.6226344e-02  -2.0764599e-03  -5.1545350e-03  -6.4646648e-03
  -2.2722243e-01  -4.4574052e-01   8.1746820e-02  -1.8136929e-03  -5.3753254e-03  -6.8181971e-03
  -2.3800007e-01  -4.4028835e-01   1.0923558e-01  -1.9991951e-03  -5.6574147e-03  -7.1037755e-03
  -2.5563953e-01  -4.2083262e-01   6.6319996e-02  -1.7415613e-03  -5.7272451e-03  -7.4623044e-03
  -2.4026774e-01  -4.6518812e-01   1.2832739e-01  -2.0245378e-03  -5.8938868e-03  -7.3461072e-03
  -2.4982809e-01  -4.8076387e-01   1.3578606e-01  -2.0829736e-03  -6.0012219e-03  -7.3575463e-03
  -2.4226651e-01  -5.0259697e-01   1.3430552e-01  -2.1364761e-03  -5.9492870e-03  -7.2253001e-03
  -2.3557288e-01  -4.9092109e-01   1.2743681e-01  -2.2684450e-03  -5.8433632e-03  -7.1362805e-03
  -2.4783059e-01  -5.0495457e-01   1.2630837e-01  -3.0158335e-03  -5.5948231e-03  -7.2860536e-03
  -2.4348400e-01  -5.0818587e-01   1.1016572e-01  -1.8910590e-03  -5.8430082e-03  -7.1897980e-03
  -2.6812823e-01  -5.2150578e-01   1.1163531e-01  -1.9287243e-03  -6.0423248e-03  -7.5969119e-03
  -2.7431505e-01  -5.4297731e-01   1.0070416e-01  -1.9611501e-03  -6.0914017e-03  -7.7490257e-03
  -2.6359688e-01  -5.5084836e-01   1.0105959e-01  -2.1613086e-03  -6.1240526e-03  -7.6216517e-03
  -2.5970290e-01  -5.4969378e-01   1.0363204e-01  -2.7350119e-03  -5.8232499e-03  -7.6239918e-03
  -2.5868797e-01  -5.4112143e-01   8.5059100e-02  -2.0540792e-03  -6.0518187e-03  -7.3907867e-03
  -2.4091712e-01  -5.5704687e-01   1.1167954e-01  -2.2421038e-03  -6.1602771e-03  -7.2794571e-03
  -2.5738983e-01  -5.2240947e-01   6.5243532e-02  -2.1386207e-03  -6.2155965e-03  -7.4727553e-03
  -2.5484107e-01  -5.4647875e-01   1.1971429e-01  -3.4739484e-03  -6.0364427e-03  -7.5457920e-03
  -2.4641090e-01  -5.3211485e-01   1.0652191e-01  -2.6355224e-03  -6.2741071e-03  -7.4874432e-03
  -2.5604019e-01  -5.3037425e-01   1.0519652e-01  -2.8658175e-03  -6.3175555e-03  -7.4214564e-03
  -2.3155468e-01  -5.5154371e-01   1.2170153e-01  -3.4298222e-03  -7.2224835e-03  -7.4613485e-03
  -2.3024355e-01  -5.3862594e-01   1.0275431e-01  -2.4703301e-03  -6.6865561e-03  -7.4031746e-03
  -2.1138628e-01  -5.7177781e-01   1.1001588e-01  -3.1897471e-03  -6.9858105e-03  -7.5016744e-03
  -2.1944174e-01  -5.6445823e-01   1.1669876e-01  -2.6709896e-03  -6.8864556e-03  -7.5316539e-03
  -2.2305873e-01  -5.7162488e-01   1.1324297e-01  -3.6118622e-03  -6.6381134e-03  -7.6311975e-03
  -2.0702937e-01  -5.9757245e-01   1.1876794e-01  -2.7334013e-03  -6.9801015e-03  -7.5615217e-03
  -2.2363492e-01  -5.9294348e-01   1.1495118e-01  -2.9205582e-03  -7.0306801e-03  -7.6765708e-03
  -2.1696167e-01  -6.0378852e-01   1.1237498e-01  -3.2285983e-03  -7.1353652e-03  -7.6325112e-03
  -2.2692971e-01  -6.1429455e-01   1.0893656e-01  -2.7848400e-03  -7.0043861e-03  -7.7434954e-03
  -2.1630725e-01  -6.2687415e-01   1.2768109e-01  -2.8653316e-03  -7.3492475e-03  -7.4972639e-03
  -2.2520743e-01  -6.1088287e-01   1.0975058e-01  -2.9207821e-03  -7.6509299e-03  -7.7614042e-03
  -2.3679211e-01  -6.3839308e-01   1.1354689e-01  -2.7968954e-03  -7.7354897e-03  -7.9168493e-03
  -2.2078434e-01  -6.6561554e-01   1.2183702e-01  -2.5480687e-03  -7.6867146e-03  -7.6180338e-03
  -2.2896403e-01  -6.6161365e-01   1.2603142e-01  -3.0022069e-03  -7.8171628e-03  -7.7795424e-03
  -2.4262742e-01  -6.7754215e-01   1.2728440e-01  -2.7924491e-03  -7.9520118e-03  -7.8586361e-03
  -2.5360319e-01  -6.7895695e-01   1.2243374e-01  -2.9635111e-03  -7.9956756e-03  -7.9615778e-03
  -2.5972590e-01  -6.9224489e-01   1.0861527e-01  -2.6593149e-03  -8.1705399e-03  -8.0156044e-03
  -2.8310328e-01  -6.8785029e-01   1.0145251e-01  -2.4918149e-03  -8.1986244e-03  -8.2929090e-03
  -2.8600524e-01  -6.7941287e-01   1.4515921e-01  -3.7079619e-03  -8.3218479e-03  -8.4406738e-03
  -2.9235689e-01  -6.8637250e-01   1.1885297e-01  -2.5638756e-03  -8.3658888e-03  -8.3233860e-03
  -2.8668245e-01  -6.9712682e-01   1.2367281e-01  -2.5792281e-03  -8.5526628e-03  -8.2353434e-03
  -2.8471162e-01  -6.9614422e-01   1.3777529e-01  -3.1622817e-03  -8.8280264e-03  -8.2503030e-03
  -2.7077360e-01  -7.1060570e-01   1.7271487e-01  -1.9853357e-03  -9.7290796e-03  -7.6087942e-03
  -3.0796381e-01  -6.8845399e-01   2.1592075e-01  -2.7675420e-03  -1.0275248e-02  -7.7775240e-03
  -3.0718266e-01  -6.9959800e-01   2.2238302e-01  -2.7705494e-03  -1.0426657e-02  -8.2067255e-03
  -3.1672031e-01  -7.3071707e-01   2.1517355e-01  -2.4052813e-03  -1.0507329e-02  -8.3835160e-03
