   0.0000000e+00   0.0000000e+00   0.0000000e+00   3.4694470e-18   2.1684043e-19  -8.6736174e-19
   7.4768687e-03  -1.4556078e-02   1.4376272e-02   2.5645106e-04   7.1474079e-05   5.7633188e-05
   2.1876495e-02  -1.1704044e-02   6.4756386e-02  -2.7866768e-04   7.9723452e-04   2.5994275e-04
   1.2437952e-01  -3.6975963e-02  -3.8214722e-03   2.0415310e-04  -1.9818194e-03   1.2324400e-03
   6.2062625e-02   4.6254716e-03  -8.0118192e-02  -2.0344464e-04  -2.7200163e-03  -4.4412677e-04
   7.3938312e-03   1.2500095e-02  -4.9705094e-02  -5.0577672e-04  -2.0750762e-03  -8.5121184e-04
  -5.0660032e-03  -1.9349127e-02  -4.1878665e-02  -6.1400280e-04  -2.4768970e-03  -1.5152957e-03
  -2.1611203e-02  -1.6345861e-02  -3.0760813e-02  -7.9835727e-04  -2.1246480e-03  -1.6589959e-03
  -2.2528949e-02  -1.9753688e-02  -5.9345412e-02   4.3053605e-05  -2.1896018e-03  -1.7552367e-03
  -2.0978564e-02  -2.8371260e-02  -2.7963160e-02  -7.8521096e-04  -2.2025896e-03  -1.7504683e-03
  -2.0013206e-02  -3.3522670e-02  -3.1928575e-03  -7.9580292e-04  -2.4810347e-03  -1.8775757e-03
   2.4462464e-03  -1.8636953e-02  -2.5744801e-02  -9.5261693e-04  -2.5462589e-03  -1.4649896e-03
   2.5202454e-03   3.4177120e-03  -5.6045432e-02  -1.6128601e-03  -2.9730132e-03  -1.6946910e-03
  -6.3576144e-03   1.1733596e-02  -1.4217988e-01  -1.0564083e-03  -3.6791127e-03  -2.3135148e-03
  -5.0648779e-02  -4.5739336e-03  -8.4738630e-02  -1.1534240e-03  -3.2458431e-03  -2.9362018e-03
  -4.4237698e-02  -1.5117791e-02  -7.6070443e-02  -8.2862522e-04  -3.3358958e-03  -3.0107697e-03
  -5.6547074e-02  -2.5566437e-02  -3.4009302e-02  -1.6702439e-03  -3.1752510e-03  -2.8731169e-03
  -7.4114102e-02  -3.5046800e-02  -1.2178787e-02  -1.4017135e-03  -2.8884519e-03  -3.1920547e-03
  -9.2281208e-02  -2.0224104e-02  -2.0147705e-02  -1.9058013e-03  -2.9351665e-03  -3.4913878e-03
  -1.0143643e-01  -4.2472102e-02  -1.0771745e-02  -1.6696853e-03  -3.0724502e-03  -3.4538791e-03
  -1.0135200e-01  -4.5300827e-02   2.4056047e-02  -2.1131129e-03  -2.9442499e-03  -3.4785839e-03
  -9.3732903e-02  -4.5746671e-02   6.5806435e-02  -3.3072996e-03  -3.1167165e-03  -3.5397536e-03
  -1.1787333e-01  -4.0875076e-02   2.8734468e-02  -2.6723881e-03  -3.2726592e-03  -3.9289596e-03
  -1.2493923e-01  -3.0865817e-02   2.9757182e-02  -3.7696977e-03  -3.5618306e-03  -4.0494113e-03
  -1.3983095e-01  -3.9183180e-02   3.4965244e-02  -3.0797082e-03  -2.9867977e-03  -3.9769183e-03
  -1.2796987e-01  -4.2435380e-02   3.4821051e-02  -2.8969231e-03  -2.9681911e-03  -3.9822670e-03
  -1.4455025e-01  -5.3547704e-02   2.0341996e-02  -3.0771065e-03  -3.3007373e-03  -4.5189826e-03
  -1.4371881e-01  -3.6905430e-02   4.0211729e-03  -3.0896835e-03  -3.0575080e-03  -4.1974254e-03
  -1.4759261e-01  -4.7021782e-02   8.8042098e-03  -2.9459639e-03  -3.0297088e-03  -4.1239696e-03
  -1.5239606e-01  -6.0333297e-02   3.2670957e-02  -2.9652896e-03  -2.8205346e-03  -4.1598620e-03
  -1.5626653e-01  -7.0730917e-02   4.4088565e-02  -3.2240445e-03  -2.8696292e-03  -4.4311398e-03
  -1.5078168e-01  -7.0286593e-02   4.3810001e-02  -3.2366243e-03  -2.9420945e-03  -4.5490336e-03
  -1.6342708e-01  -6.7170465e-02   2.3062044e-02  -3.3111526e-03  -3.2119192e-03  -4.7376896e-03
  -1.7508578e-01  -5.7180864e-02   1.4361032e-02  -3.4516795e-03  -3.0168293e-03  -4.9403124e-03
  -1.8815557e-01  -6.5751697e-02   2.8807872e-02  -3.1942739e-03  -2.9318278e-03  -5.0567366e-03
  -1.6412564e-01  -7.3487788e-02   6.2680629e-02  -3.3515127e-03  -2.2353777e-03  -5.1078099e-03
  -1.6763453e-01  -4.3236583e-02   2.0305252e-02  -3.7708082e-03  -2.5603525e-03  -5.1006992e-03
  -1.6708528e-01  -5.2984981e-02   1.3504664e-02  -3.6035127e-03  -2.5700296e-03  -5.2208716e-03
  -1.8669053e-01  -3.7185691e-02   2.5162201e-02  -3.7315552e-03  -2.4438809e-03  -5.4559882e-03
  -2.0507453e-01  -5.5701528e-02   8.1979018e-02  -4.1199856e-03  -2.5110198e-03  -5.6926869e-03
  -1.9196406e-01  -5.7795716e-02   6.6005789e-02  -4.0115156e-03  -2.7761513e-03  -5.8002277e-03
  -1.9417583e-01  -7.6907095e-02   6.1522576e-02  -3.9097011e-03  -2.8783037e-03  -5.9798734e-03
  -2.0581383e-01  -6.3195709e-02   5.5309954e-02  -3.7737555e-03  -2.8518874e-03  -5.9083952e-03
  -2.1637911e-01  -8.7140476e-02   6.4059199e-02  -3.7568567e-03  -2.5773656e-03  -6.1649810e-03
  -2.2081292e-01  -8.4375911e-02   7.6172147e-02  -4.1068744e-03  -2.6852996e-03  -6.2030131e-03
  -2.2240624e-01  -7.1667066e-02   7.0013536e-02  -4.0905359e-03  -2.8158349e-03  -6.3544123e-03
  -2.1986859e-01  -7.8610206e-02   7.0363650e-02  -4.0289243e-03  -2.8680974e-03  -6.4801310e-03
  -2.2388303e-01  -1.0261322e-01   6.9317865e-02  -4.1110542e-03  -2.5625430e-03  -6.3299682e-03
  -2.2118967e-01  -9.8718692e-02   7.6265015e-02  -4.2010145e-03  -2.6108651e-03  -6.3645647e-03
  -2.2133908e-01  -1.0005060e-01   8.4843748e-02  -4.4912177e-03  -2.7397583e-03  -6.4517239e-03
  -2.2699469e-01  -9.1738609e-02   8.5438359e-02  -4.6124063e-03  -2.6835879e-03  -6.4094512e-03
  -2.2644440e-01  -9.8746201e-02   7.8311580e-02  -4.5537439e-03  -2.6759631e-03  -6.3224612e-03
  -2.3359694e-01  -9.8076041e-02   7.0412822e-02  -4.4921538e-03  -2.8725486e-03  -6.6253326e-03
  -2.3353832e-01  -8.2068866e-02   6.2504944e-02  -4.4993436e-03  -2.7351577e-03  -6.4743586e-03
  -2.4488231e-01  -8.8901618e-02   8.5770854e-02  -4.8702610e-03  -2.5662327e-03  -6.6317742e-03
  -2.5526816e-01  -8.1185729e-02   1.4978104e-01  -5.7500066e-03  -2.6318833e-03  -6.5715134e-03
  -2.5789998e-01  -6.9168346e-02   1.4243688e-01  -6.1161144e-03  -2.5665542e-03  -6.6226060e-03
  -2.5850370e-01  -7.3809143e-02   1.2697619e-01  -6.0567618e-03  -2.4621976e-03  -6.6379418e-03
  -1.9292693e-01  -4.0072985e-02   1.8277946e-02  -7.1221359e-03  -3.4660807e-03  -6.1517384e-03
  -1.8019741e-01   2.1186664e-03   1.4143730e-02  -8.9903879e-03  -4.1707995e-03  -6.0532123e-03
  -2.2551143e-01  -1.6534180e-02   3.2460462e-02  -8.5016053e-03  -4.3912914e-03  -6.6150325e-03
  -2.3993091e-01  -3.4546476e-02   3.9435268e-02  -7.9115239e-03  -4.2262583e-03  -6.9901092e-03
  -2.4963701e-01  -4.8498886e-02   5.0487445e-02  -8.1416388e-03  -3.9719081e-03  -7.0507717e-03
  -2.6248836e-01  -4.8741164e-02   5.2810930e-02  -8.2883851e-03  -3.8155525e-03  -7.3088740e-03
  -2.5081558e-01  -3.9490803e-02   4.8207675e-02  -8.5552562e-03  -3.9753218e-03  -6.8709503e-03
  -2.5650841e-01  -5.8642005e-02   5.3640773e-02  -8.2996841e-03  -4.1023902e-03  -7.3078583e-03
  -2.6489461e-01  -6.6798466e-02   6.0417505e-02  -8.5071418e-03  -4.0181567e-03  -7.4082221e-03
  -2.4207151e-01  -6.7405802e-02   1.1755178e-01  -9.9062038e-03  -4.3501774e-03  -7.4932819e-03
  -2.3680122e-01  -7.6293721e-02   8.1583282e-02  -7.6045821e-03  -4.0365245e-03  -7.3646288e-03
  -2.4161023e-01  -8.3747276e-02   8.2297172e-02  -7.7053909e-03  -4.1551054e-03  -7.3004787e-03
  -2.5234453e-01  -9.1454009e-02   7.1778392e-02  -7.7002125e-03  -4.2952280e-03  -7.4537857e-03
  -2.6069319e-01  -7.7337430e-02   1.0109405e-01  -7.8935771e-03  -4.1938798e-03  -7.3289813e-03
  -2.7240396e-01  -1.0047628e-01   1.0289253e-01  -7.6079497e-03  -4.4866893e-03  -7.6534338e-03
  -2.7015788e-01  -1.1900974e-01   1.0401024e-01  -7.4049670e-03  -4.2944207e-03  -7.6866374e-03
  -2.7400755e-01  -1.2322891e-01   1.0915659e-01  -7.7197509e-03  -4.0667631e-03  -7.4862759e-03
  -2.8008177e-01  -9.4671242e-02   1.1679930e-01  -8.1496060e-03  -4.1043378e-03  -7.7040626e-03
  -2.8407987e-01  -9.1210905e-02   9.7854061e-02  -8.0503327e-03  -4.2497592e-03  -7.7476829e-03
  -2.8169842e-01  -1.0548646e-01   1.0915453e-01  -7.9737847e-03  -4.2588255e-03  -7.7869462e-03
  -2.8065128e-01  -1.2335126e-01   1.2988964e-01  -8.3514350e-03  -3.9040506e-03  -7.6699316e-03
  -2.7369792e-01  -1.0704048e-01   1.1766524e-01  -8.1934055e-03  -4.0352641e-03  -7.4510117e-03
  -2.8236887e-01  -1.0785322e-01   1.0740608e-01  -8.2363928e-03  -3.9677076e-03  -7.6590350e-03
  -2.6170420e-01  -1.0959795e-01   8.8575205e-02  -8.5689545e-03  -4.2230891e-03  -7.5212166e-03
  -2.5778198e-01  -1.1712109e-01   9.8335185e-02  -8.8713409e-03  -4.2860968e-03  -7.4192687e-03
  -2.7254497e-01  -1.1204017e-01   1.0463007e-01  -9.0026090e-03  -4.2688552e-03  -7.7704418e-03
  -2.7728257e-01  -1.1667797e-01   9.5719936e-02  -8.7248203e-03  -4.4111902e-03  -7.7919467e-03
  -2.8251928e-01  -1.4295468e-01   9.6122264e-02  -8.4872369e-03  -4.3169762e-03  -7.8435335e-03
  -2.9796899e-01  -1.6045900e-01   1.3764232e-01  -8.2852932e-03  -4.5236501e-03  -7.8871966e-03
  -3.0320834e-01  -1.5751562e-01   1.3910933e-01  -8.6754370e-03  -4.7934241e-03  -8.0362823e-03
  -2.9934683e-01  -1.6634518e-01   1.4241151e-01  -1.0129467e-02  -5.2350085e-03  -8.4665853e-03
  -3.0610171e-01  -1.5472077e-01   1.2065742e-01  -8.9440485e-03  -4.7077177e-03  -8.2619163e-03
  -3.0699624e-01  -1.3850130e-01   1.9007596e-01  -9.6965437e-03  -4.4595667e-03  -8.2869304e-03
  -3.1206959e-01  -1.3861763e-01   1.9540477e-01  -1.0136690e-02  -4.3084864e-03  -8.3956607e-03
  -3.0125345e-01  -1.6559830e-01   2.2877821e-01  -1.0937736e-02  -4.6242959e-03  -8.0728163e-03
  -3.0637305e-01  -1.4178581e-01   2.1771364e-01  -1.0314531e-02  -3.8921074e-03  -7.9301615e-03
  -3.2238841e-01  -1.3548719e-01   2.4335945e-01  -1.0390438e-02  -3.9317124e-03  -8.3071412e-03
  -3.1798426e-01  -1.5322137e-01   2.2736826e-01  -1.0050123e-02  -3.9293657e-03  -8.3648949e-03
  -3.1687764e-01  -1.6425457e-01   2.3344551e-01  -1.0132942e-02  -3.9624845e-03  -8.4287968e-03
  -3.2323417e-01  -1.6086577e-01   2.7013027e-01  -1.0502732e-02  -3.8524903e-03  -8.5615437e-03
  -3.0887921e-01  -1.6040414e-01   2.6253614e-01  -1.0571964e-02  -3.8788795e-03  -8.3945850e-03
  -3.0564467e-01  -1.7130158e-01   2.3496247e-01  -1.0441118e-02  -4.0221260e-03  -8.6069612e-03
  -3.1329311e-01  -1.7623518e-01   2.3485799e-01  -1.0475237e-02  -4.0322346e-03  -8.7296450e-03
  -3.1786099e-01  -1.5639107e-01   2.3263024e-01  -1.0553190e-02  -3.9171879e-03  -8.7945001e-03
  -3.0315468e-01  -1.5952463e-01   2.4392900e-01  -1.0819502e-02  -4.0068501e-03  -8.7471705e-03
  -2.9630691e-01  -1.8110618e-01   2.4739261e-01  -1.0702607e-02  -4.1541277e-03  -8.7323441e-03
  -3.1411938e-01  -1.8558462e-01   2.4174923e-01  -1.0766694e-02  -3.9391229e-03  -8.7851375e-03
  -3.1530878e-01  -2.1579850e-01   2.6990578e-01  -1.1176211e-02  -4.2863994e-03  -8.6710973e-03
  -2.9552930e-01  -1.9583479e-01   3.4195194e-01  -1.1774932e-02  -4.5637412e-03  -8.1169964e-03
  -2.8045376e-01  -1.8353153e-01   3.2688474e-01  -1.2141953e-02  -4.6100510e-03  -7.9141036e-03
  -2.6808894e-01  -1.8432902e-01   3.1828547e-01  -1.2134754e-02  -4.5619867e-03  -8.0580415e-03
  -2.6986819e-01  -2.0713034e-01   3.2754440e-01  -1.1832891e-02  -4.5693220e-03  -8.0331655e-03
  -2.5668478e-01  -2.0533484e-01   3.8271072e-01  -1.2291182e-02  -4.4038635e-03  -8.1563785e-03
  -2.4893536e-01  -2.0063210e-01   4.1577321e-01  -1.2490628e-02  -4.2583152e-03  -8.0087232e-03
  -2.4400299e-01  -2.1203840e-01   4.4470936e-01  -1.2630990e-02  -4.1960111e-03  -8.1274393e-03
  -2.1760577e-01  -2.1714267e-01   4.1277023e-01  -1.2272572e-02  -4.3095168e-03  -7.7191220e-03
  -2.1767013e-01  -2.0822928e-01   4.2071121e-01  -1.2580191e-02  -4.2610437e-03  -7.9476642e-03
  -2.4943779e-01  -2.0585664e-01   4.3830114e-01  -1.2980339e-02  -4.1701594e-03  -8.2576106e-03
  -2.4761164e-01  -2.0397990e-01   4.4356485e-01  -1.2965934e-02  -4.2980004e-03  -8.3459610e-03
  -2.4874506e-01  -2.0121973e-01   4.5329211e-01  -1.2767032e-02  -4.2718713e-03  -8.4587150e-03
  -2.4749731e-01  -2.1956036e-01   4.6187950e-01  -1.2472378e-02  -4.5382635e-03  -8.4697777e-03
  -2.4132413e-01  -2.3657613e-01   4.4385090e-01  -1.2334369e-02  -4.5590713e-03  -8.6556162e-03
