   0.0000000e+00   0.0000000e+00   0.0000000e+00   0.0000000e+00   0.0000000e+00   8.6736174e-19
   4.1181966e-03  -2.5764302e-02   5.4874830e-02   4.1864551e-05   6.3275856e-05  -8.1959940e-05
  -6.5019002e-03  -7.2524688e-03   4.9582585e-03   3.6974113e-05   3.8773644e-05  -6.0466361e-05
  -3.7659267e-03  -8.7301947e-03   3.6677148e-02  -5.4877161e-06  -1.7397237e-04  -1.8174790e-04
  -6.0855816e-03   6.1959352e-03   1.9184889e-02   1.5497486e-04   6.4109707e-05   2.1817324e-05
  -1.4296113e-02   3.2002303e-04   1.2571108e-02   2.3533348e-04  -9.5265045e-05  -1.1165847e-04
  -1.7930747e-02  -1.8892178e-02   1.0294972e-02   2.1749860e-04  -2.2265741e-04  -2.6881905e-04
  -2.8135292e-02  -4.3167250e-02   1.1714176e-02   4.7556264e-04  -2.4746719e-04  -4.6307872e-04
  -3.8121254e-02  -2.3579243e-02   1.1408929e-02   9.4314754e-05  -1.9486950e-04  -5.4319670e-04
  -4.9297563e-02  -3.9573938e-02   4.6137214e-03   2.0074041e-04  -4.1140405e-04  -5.7707923e-04
  -6.1847641e-02  -4.3970718e-02   1.8620977e-02  -8.9449173e-05  -4.6164046e-04  -7.5254610e-04
  -5.7952733e-02  -5.2071860e-02   1.2187311e-02   7.5333371e-05  -4.8429744e-04  -7.0335216e-04
  -5.9234403e-02  -4.9217533e-02  -8.3953946e-03   1.0399879e-04  -5.2390157e-04  -6.4212312e-04
  -6.1473872e-02  -4.4113181e-02  -6.3669755e-04   2.1381589e-04  -6.0250057e-04  -6.3836033e-04
  -7.2609803e-02  -4.0051180e-02  -2.0433592e-02   1.4761207e-04  -4.9693946e-04  -6.5092661e-04
  -7.0917445e-02  -4.3067073e-02   3.3598225e-02  -4.7299174e-04  -6.1403236e-04  -8.4577427e-04
  -9.1844272e-02  -2.2812440e-02  -7.7925927e-03  -2.6878142e-04  -6.4660238e-04  -9.8251770e-04
  -8.8630538e-02  -7.1532221e-02   4.1388533e-02  -3.0328070e-06  -7.6936087e-04  -1.1951612e-03
  -9.1356680e-02  -6.5497496e-02   2.4734289e-02  -4.7266872e-04  -8.7277241e-04  -1.1701661e-03
  -9.8661452e-02  -6.2590846e-02   5.3544557e-02  -8.3990331e-04  -8.9032001e-04  -1.3018275e-03
  -9.7965489e-02  -8.4436738e-02   3.1080802e-02  -5.2677754e-04  -7.7571409e-04  -1.2012447e-03
  -1.0436364e-01  -6.9592528e-02   3.5656274e-02  -5.6993521e-04  -8.7873797e-04  -1.3120691e-03
  -9.8504677e-02  -1.0144308e-01   5.8832369e-02  -5.2770058e-04  -8.8471330e-04  -1.3369618e-03
  -1.0582545e-01  -1.0514342e-01   3.8519260e-02  -8.4754533e-05  -9.6002494e-04  -1.4313742e-03
  -1.1850536e-01  -1.0626007e-01   1.8152130e-02  -3.5873305e-04  -1.2244668e-03  -1.5662455e-03
  -1.1593015e-01  -1.0483916e-01   5.9729333e-02  -6.8467472e-04  -1.3304390e-03  -1.5240381e-03
  -1.2171677e-01  -1.2254558e-01   2.6952796e-02  -4.1146729e-04  -1.4488170e-03  -1.5482163e-03
  -1.1077007e-01  -1.4594423e-01   5.9818353e-02  -8.5021251e-04  -1.4557265e-03  -1.6353670e-03
  -1.0868107e-01  -1.3383126e-01   4.0040228e-02  -3.0745589e-04  -1.3771821e-03  -1.3535452e-03
  -1.2322574e-01  -1.3427396e-01   3.3163287e-02  -3.4578113e-04  -1.6682904e-03  -1.5081901e-03
  -1.2796037e-01  -1.3958448e-01   4.2772582e-02  -3.0714435e-04  -1.7091869e-03  -1.5432182e-03
  -1.2698692e-01  -1.3658111e-01   6.1085683e-02  -4.5940340e-04  -1.9244558e-03  -1.5383255e-03
  -1.3581746e-01  -1.5071007e-01   3.6032942e-02  -3.1132345e-04  -2.1002817e-03  -1.7023826e-03
  -1.2015652e-01  -1.5495254e-01   6.7885774e-02  -7.6602594e-04  -2.1926549e-03  -1.6940258e-03
  -1.1852416e-01  -1.5456208e-01   8.0767299e-02  -1.0061945e-03  -2.2313645e-03  -1.6626044e-03
  -1.1734802e-01  -1.5870832e-01   5.4844104e-02  -8.8647317e-04  -2.2728778e-03  -1.6251061e-03
  -1.0815277e-01  -1.8924580e-01   9.5079939e-02  -8.9986307e-04  -2.5902232e-03  -1.7207386e-03
  -1.2353078e-01  -1.8231690e-01   1.0618811e-01  -8.4980189e-04  -2.6945861e-03  -1.9337820e-03
  -1.3940890e-01  -1.6812359e-01   9.5311832e-02  -1.0326253e-03  -2.7725712e-03  -2.1065204e-03
  -1.2055194e-01  -1.8644285e-01   1.1364224e-01  -1.1833884e-03  -2.5397238e-03  -1.9565283e-03
  -1.2238225e-01  -1.8071838e-01   6.8374641e-02  -6.3370435e-04  -2.7996268e-03  -2.0061599e-03
  -1.1417454e-01  -1.8732115e-01   6.8619049e-02  -7.7887627e-04  -2.8626019e-03  -1.9921845e-03
  -1.1292959e-01  -1.7767792e-01   8.7252826e-02  -6.2887973e-04  -2.9046277e-03  -1.9759689e-03
  -1.1874305e-01  -1.8469329e-01   5.7080715e-02  -3.1777952e-04  -3.1449331e-03  -2.1153184e-03
  -1.1148610e-01  -2.0326417e-01   7.2840123e-02  -4.2943874e-04  -3.2410185e-03  -2.1558207e-03
  -1.0701325e-01  -2.0354649e-01   8.8069285e-02  -6.2642326e-04  -3.1672851e-03  -2.0866795e-03
  -1.1998248e-01  -2.0463038e-01   5.2603705e-02  -4.7443655e-04  -3.3473566e-03  -2.1463830e-03
  -1.3136927e-01  -2.0966474e-01   6.3180440e-02  -4.0736610e-04  -3.3004844e-03  -2.2968295e-03
  -1.2841905e-01  -2.1811353e-01   6.3239685e-02  -3.2133000e-04  -3.1813956e-03  -2.2487939e-03
  -1.4708105e-01  -2.2166800e-01   5.2473300e-02  -4.4175526e-04  -3.0910452e-03  -2.4684939e-03
  -1.4435521e-01  -2.2955807e-01   2.6169812e-02  -2.4430900e-04  -3.0845547e-03  -2.4264975e-03
  -1.4456147e-01  -2.2528486e-01   4.3270165e-02  -1.8917199e-04  -3.1019596e-03  -2.4789080e-03
  -1.5186939e-01  -2.2508235e-01   4.8826747e-04   1.3602508e-04  -3.2192226e-03  -2.4918379e-03
  -1.6019850e-01  -2.2745685e-01   2.2313421e-02  -1.9051080e-04  -3.3764484e-03  -2.5547824e-03
  -1.5979000e-01  -2.4062606e-01   4.5789755e-02  -3.7111176e-04  -3.5009000e-03  -2.6939856e-03
  -1.6250391e-01  -2.5328057e-01   7.2141710e-02  -1.7608260e-03  -3.2676029e-03  -2.7367512e-03
  -1.5766844e-01  -2.5752501e-01   5.3945324e-02  -4.8200865e-04  -3.5369472e-03  -2.5663585e-03
  -1.5920657e-01  -2.5560213e-01   4.3544862e-02  -4.0554146e-04  -3.4699069e-03  -2.6577410e-03
  -1.4672398e-01  -2.6734889e-01   4.8618671e-02  -3.7965803e-04  -3.4557287e-03  -2.5368291e-03
  -1.3616888e-01  -2.8566035e-01   4.9829870e-02  -4.1405736e-04  -3.5364374e-03  -2.4439909e-03
  -1.2807299e-01  -2.9548945e-01   4.1053814e-02  -5.4176605e-04  -3.0797196e-03  -2.3902460e-03
  -1.4100580e-01  -2.7447245e-01   3.2524463e-02  -3.7957707e-04  -3.2002215e-03  -2.5926760e-03
  -1.2027029e-01  -3.1191415e-01   6.1170418e-02  -3.7134965e-04  -3.4450017e-03  -2.3485584e-03
  -1.3526339e-01  -2.7826480e-01   1.7765718e-02  -2.3172577e-04  -3.3270229e-03  -2.5993619e-03
  -1.1349349e-01  -3.3089839e-01   5.5038966e-02   2.8073947e-04  -3.1117373e-03  -2.3131821e-03
  -1.2625082e-01  -3.0178343e-01   2.5172965e-02  -1.2090150e-04  -3.1771880e-03  -2.4009126e-03
  -1.0909271e-01  -3.1662130e-01   7.2373974e-02  -3.7935692e-04  -3.3203058e-03  -2.2796369e-03
  -8.7919283e-02  -3.1225923e-01   3.6545408e-02  -2.8758680e-04  -3.3005674e-03  -1.9749129e-03
  -1.1334501e-01  -2.9415377e-01  -1.8557112e-02   1.0567609e-04  -3.4092545e-03  -2.2118076e-03
  -9.8256030e-02  -3.4337477e-01   6.7204498e-02  -4.4945847e-04  -3.6904797e-03  -2.2872461e-03
  -9.6789983e-02  -3.4794589e-01   5.2049218e-02  -1.2998536e-04  -3.7479509e-03  -2.2213839e-03
  -7.8310792e-02  -3.4498475e-01   3.0880100e-02   3.0344625e-05  -4.0767705e-03  -2.3109919e-03
  -4.7246721e-02  -3.4595146e-01   3.2624145e-02   2.5824338e-04  -4.0013616e-03  -2.0747605e-03
  -3.1617468e-02  -3.8468048e-01   4.5038729e-02   3.8215926e-04  -4.3252990e-03  -2.1025130e-03
  -2.6412872e-02  -3.7626136e-01   5.5515289e-02   1.1971024e-04  -4.5937222e-03  -2.1021665e-03
  -3.5841487e-02  -3.5219317e-01   2.7445567e-02   2.8134921e-05  -4.8597742e-03  -2.2425730e-03
  -4.6899968e-02  -3.5426278e-01   1.9483568e-02   2.6714420e-04  -5.0630939e-03  -2.3310943e-03
  -3.2798379e-02  -3.8299377e-01   6.4002162e-02  -5.9050811e-05  -5.2456250e-03  -2.2238581e-03
  -1.9744977e-02  -3.9608725e-01   7.7577827e-02  -1.8058741e-04  -5.6375781e-03  -2.0393762e-03
  -2.5118732e-02  -3.9283926e-01   6.4917004e-02  -3.7078360e-04  -6.0058894e-03  -2.1889353e-03
  -1.3575123e-02  -4.2469841e-01   1.0135548e-01  -6.2057137e-04  -6.1164881e-03  -1.9476122e-03
  -3.0605299e-02  -4.3454491e-01   5.8045696e-02   2.1687037e-04  -6.0220291e-03  -1.9837186e-03
  -2.4608470e-02  -4.3164472e-01   3.2201027e-02  -3.4155893e-05  -5.9271617e-03  -2.0281861e-03
  -3.7341893e-02  -3.9596340e-01   1.7820876e-02   6.8681593e-05  -5.7448369e-03  -1.9414546e-03
  -3.7724308e-02  -4.1525733e-01   5.7393243e-03   6.8656962e-04  -6.0786065e-03  -2.0812465e-03
  -2.5093427e-02  -4.0504716e-01   2.2215024e-02   4.9852244e-04  -6.0469533e-03  -1.8837675e-03
  -3.2933262e-03  -4.1593772e-01   1.1471627e-02   5.1042142e-04  -6.0633510e-03  -1.6396779e-03
   1.1122401e-04  -4.0722848e-01  -1.3799581e-02   5.0629015e-04  -6.2012168e-03  -1.6205004e-03
   1.2993257e-02  -4.2394933e-01  -3.8806374e-03   4.2980979e-04  -6.2103396e-03  -1.5923438e-03
   2.4805469e-02  -4.2795887e-01  -1.0351302e-02   2.8576163e-04  -6.0775283e-03  -1.4015358e-03
   5.1416576e-02  -4.6517911e-01   2.5473406e-02   4.4771711e-04  -6.1340014e-03  -1.2171423e-03
   3.8418124e-02  -4.0986291e-01  -3.1694902e-02   4.0035832e-04  -6.2628145e-03  -1.3015204e-03
   6.2005806e-02  -4.4016433e-01   2.8879072e-02   3.6522622e-04  -6.1346475e-03  -1.0377398e-03
   3.3022824e-02  -4.3551526e-01  -3.9068554e-02   7.7289123e-04  -6.2170770e-03  -1.2306657e-03
   3.5006934e-02  -4.7411413e-01   1.3987563e-02   7.3505652e-04  -6.2809606e-03  -1.3160407e-03
   1.3755833e-02  -4.5222540e-01  -1.5079631e-02  -5.9329144e-04  -6.3258513e-03  -1.5055604e-03
   3.0618599e-02  -4.7485795e-01   6.4817125e-03   3.2800024e-04  -6.5450246e-03  -1.3486562e-03
   2.4437836e-02  -4.3871177e-01  -6.1340377e-02   4.4791561e-04  -6.5450820e-03  -1.2972736e-03
   4.3846050e-02  -4.7038321e-01  -3.4299674e-02   6.7181577e-04  -6.5638848e-03  -1.1355357e-03
   4.1651486e-02  -4.8342616e-01  -1.0493445e-02   6.7585228e-04  -6.6478016e-03  -1.1448678e-03
   3.7997088e-02  -4.6251045e-01  -3.7746618e-02   7.0603063e-04  -6.7845517e-03  -1.1866861e-03
   3.6108970e-02  -4.6626309e-01  -6.4730030e-02   9.1812680e-04  -6.7954644e-03  -1.1314892e-03
   4.2769408e-02  -4.8860270e-01  -4.6497337e-02   7.4771527e-04  -6.7302456e-03  -9.3427563e-04
   6.0684619e-02  -4.8704096e-01  -4.4697704e-02   1.0192036e-03  -6.8200571e-03  -7.2082414e-04
   6.6439160e-02  -4.7543600e-01  -5.8768154e-02   1.0507849e-03  -6.9281973e-03  -5.7905271e-04
   6.1875337e-02  -4.7370293e-01  -8.1813851e-02   1.1713692e-03  -6.9899228e-03  -6.7646366e-04
   6.8183820e-02  -4.9120728e-01  -7.9216878e-02   1.2245071e-03  -7.0760611e-03  -5.6882786e-04
   8.5222756e-02  -4.9902657e-01  -4.1892852e-02   7.5971582e-04  -7.1425499e-03  -3.8239344e-04
   8.1664650e-02  -4.9046634e-01  -5.2985043e-02   9.2268795e-04  -7.3561544e-03  -3.7906127e-04
   7.0962963e-02  -5.0245340e-01  -5.1077000e-02   7.6447381e-04  -7.6737867e-03  -4.8889563e-04
   7.5334871e-02  -5.0839465e-01  -5.6455710e-02   9.7822765e-04  -7.7482189e-03  -3.3317255e-04
   9.8489008e-02  -5.1723182e-01  -9.9350219e-03   6.4606027e-04  -7.9211958e-03  -1.0115228e-04
   9.2978396e-02  -5.1352488e-01  -2.4844069e-02   8.2391942e-04  -7.9815528e-03  -1.8705919e-04
   9.6264071e-02  -5.4077121e-01  -6.9203753e-02   1.2078845e-03  -8.0165388e-03  -1.4542206e-04
   1.2044187e-01  -5.5672592e-01  -1.9580089e-03   2.6006550e-04  -8.0484613e-03   1.9267208e-04
   7.8042260e-02  -5.2244957e-01  -8.3756275e-02   9.9377289e-04  -7.8570380e-03  -1.9094374e-04
   1.0456053e-01  -5.6914925e-01   4.9982594e-03   5.5626711e-04  -8.0229227e-03   5.9845533e-05
   8.5068035e-02  -5.2881457e-01  -8.5622043e-02   5.0753338e-04  -7.6896414e-03  -1.3290318e-04
   1.1761367e-01  -5.5519132e-01  -2.6067993e-02   3.7309763e-04  -7.7385436e-03  -5.4292941e-05
   1.1302091e-01  -5.5391444e-01  -5.5026949e-02   5.6023768e-04  -7.5427413e-03  -1.5389662e-05
