   0.0000000e+00   0.0000000e+00   0.0000000e+00   0.0000000e+00   0.0000000e+00   0.0000000e+00
   7.5029974e-03  -3.4495087e-02  -6.6008873e-02   7.5574342e-04  -3.1397912e-04  -2.3222123e-04
   3.6273125e-03   1.6603964e-02  -5.5648549e-02  -1.9851724e-04  -1.1109765e-04  -2.1322394e-04
   9.4681073e-05  -2.4777903e-03   2.9233029e-02  -2.2638420e-04  -3.0957816e-05  -6.5962808e-04
  -8.5144350e-03  -1.3691087e-02   1.4121695e-01  -1.4345246e-03   8.4079791e-05  -1.6458776e-03
  -3.4289665e-02   1.7699001e-03   1.4276147e-01  -2.1872330e-03  -2.2720676e-05  -2.8369920e-03
  -5.7524760e-02  -1.1897757e-02   1.4822480e-01  -2.0569215e-03  -1.1767411e-04  -3.5157923e-03
  -7.1739185e-02  -2.7403911e-02   1.7748219e-01  -2.2307946e-03  -2.8331359e-04  -4.0900620e-03
  -7.9912487e-02  -3.0703882e-02   1.6136490e-01  -1.8265738e-03  -1.7154415e-04  -4.3707953e-03
  -8.7101424e-02  -6.2594340e-02   1.8985142e-01  -1.5902482e-03  -2.4667132e-04  -4.5358597e-03
  -7.9750587e-02  -6.3503326e-02   2.0159111e-01  -2.0080922e-03  -3.9641027e-04  -4.5063810e-03
  -8.1994479e-02  -6.0963665e-02   1.8305679e-01  -2.2786976e-03  -2.6624252e-04  -4.5146511e-03
  -6.8254637e-02  -2.9335132e-02   9.1535633e-02  -2.2064909e-03  -1.9778839e-04  -4.2763674e-03
  -5.4313060e-02  -5.8570966e-02   1.0404318e-01  -1.6522568e-03  -4.7096238e-04  -3.7251650e-03
  -4.7418153e-02  -2.2724019e-02   4.7706818e-02  -1.9018495e-03  -7.0269008e-04  -3.7182821e-03
  -3.5206269e-02  -5.7882593e-02   2.0746175e-02  -1.1602526e-03  -1.1062464e-03  -3.8414068e-03
  -2.5314550e-02  -4.2026520e-02   2.1051607e-02  -1.5332106e-03  -1.6189265e-03  -3.6967951e-03
  -2.4556235e-02  -3.1037036e-02  -7.8767244e-03  -1.8747424e-03  -1.6921908e-03  -3.6626355e-03
  -1.7197042e-02  -7.2169034e-02  -2.8125178e-02  -1.3630111e-03  -1.7139647e-03  -3.5559195e-03
  -6.5811467e-03  -9.7628636e-02  -8.7502542e-03  -9.5704416e-04  -1.9827501e-03  -3.4246633e-03
  -1.6557590e-02  -6.3451875e-02   2.6316237e-03  -1.3002673e-03  -2.0416163e-03  -3.1863453e-03
  -1.8355594e-02  -6.5352986e-02  -1.2253192e-02  -1.3048524e-03  -2.0917809e-03  -3.1491490e-03
  -1.8671599e-02  -7.2949333e-02  -1.9737546e-02  -8.8653681e-04  -1.9742751e-03  -3.0566057e-03
  -1.7043454e-02  -9.5575579e-02   1.4393802e-02  -7.8885920e-04  -1.9938366e-03  -3.0555290e-03
  -5.8251542e-03  -1.0816045e-01   7.3917190e-02  -1.0754628e-03  -2.4039270e-03  -3.0935083e-03
  -1.1928251e-02  -9.8443103e-02  -9.3537423e-03  -5.7249747e-04  -2.2411442e-03  -3.0454102e-03
  -4.5853684e-03  -1.0465350e-01   3.9433186e-02  -6.3219230e-04  -2.3442376e-03  -2.9382782e-03
  -4.4727316e-03  -8.2964277e-02   3.2610528e-03  -8.2609586e-04  -2.3897458e-03  -3.1725070e-03
  -1.6362583e-03  -1.3279563e-01   1.3457228e-01  -1.0999513e-03  -2.6188094e-03  -4.0063364e-03
  -2.6145700e-02  -1.1254486e-01   1.1711949e-01  -1.6314677e-03  -2.4347936e-03  -4.5965635e-03
  -5.1231657e-02  -1.0879021e-01   1.0785194e-01  -1.8163951e-03  -2.2805221e-03  -4.9630492e-03
  -6.6289639e-02  -1.3073415e-01   1.1304740e-01  -1.8162949e-03  -2.2953878e-03  -5.4219458e-03
  -7.4931871e-02  -1.3519377e-01   1.2067596e-01  -1.6178376e-03  -2.1535639e-03  -5.7966008e-03
  -8.7351250e-02  -1.6186054e-01   1.8764472e-01  -1.8199015e-03  -2.2465894e-03  -6.0478279e-03
  -8.5293305e-02  -1.6069621e-01   2.2215025e-01  -1.9679607e-03  -2.2351457e-03  -5.9726030e-03
  -7.7080817e-02  -1.4275725e-01   1.7160201e-01  -1.9981254e-03  -2.0832723e-03  -5.6113374e-03
  -4.8710897e-02  -2.1866166e-01   1.0088080e-01  -1.0263162e-03  -2.0217446e-03  -5.0626814e-03
  -8.2494239e-03  -1.0042686e-01   2.5556362e-01  -7.0613138e-03  -2.2144589e-03  -3.9738149e-03
  -1.5551479e-02  -5.8602819e-02   1.2684858e-01  -6.4186462e-03  -2.1567721e-03  -2.8249949e-03
  -1.4894550e-02  -1.1281690e-01   4.8158670e-02  -3.8887256e-03  -1.7870298e-03  -2.5470218e-03
  -1.5198844e-02  -1.0765456e-01   7.7785244e-03  -3.4307471e-03  -1.9248036e-03  -2.6842357e-03
  -3.2177812e-02  -1.5401775e-01   1.4536094e-01  -2.9084563e-03  -1.8566633e-03  -3.8840845e-03
  -4.7068199e-02  -1.8638067e-01   2.0323650e-01  -2.9172306e-03  -1.7431352e-03  -4.4137192e-03
  -6.8830717e-02  -1.6862059e-01   2.1924978e-01  -3.1876635e-03  -1.9132808e-03  -4.9267462e-03
  -9.6425388e-02  -1.7554765e-01   2.2918315e-01  -3.0112628e-03  -1.6958073e-03  -5.5456172e-03
  -1.0207031e-01  -1.9540753e-01   2.4290706e-01  -2.9363889e-03  -1.6016528e-03  -5.9628511e-03
  -1.0336696e-01  -2.0841999e-01   2.6495991e-01  -2.9332169e-03  -1.6443533e-03  -6.1158756e-03
  -9.8162320e-02  -2.1480986e-01   2.7494642e-01  -3.0448179e-03  -1.7308945e-03  -6.2111315e-03
  -1.1090916e-01  -2.1406011e-01   3.1298969e-01  -3.1468509e-03  -1.6430006e-03  -6.3513507e-03
  -1.2258006e-01  -1.9685557e-01   2.9109286e-01  -3.3918412e-03  -1.7935315e-03  -6.7280958e-03
  -1.2343536e-01  -1.9747899e-01   2.9730242e-01  -3.5591186e-03  -1.9132383e-03  -6.8492425e-03
  -1.1973614e-01  -2.0431617e-01   2.8330613e-01  -3.3702901e-03  -1.9288895e-03  -6.8204311e-03
  -1.0081894e-01  -2.2044325e-01   2.7755181e-01  -3.1704231e-03  -2.0197448e-03  -6.6376358e-03
  -1.1315135e-01  -2.2933049e-01   2.8113361e-01  -3.2629363e-03  -1.9686524e-03  -6.7794984e-03
  -1.1393380e-01  -2.3477026e-01   3.0719092e-01  -3.3002160e-03  -2.0086358e-03  -6.6940220e-03
  -1.1066113e-01  -2.5474333e-01   3.2366859e-01  -3.0202283e-03  -2.0132415e-03  -6.6163615e-03
  -1.1139388e-01  -2.5704722e-01   3.4375916e-01  -2.9213702e-03  -2.0755432e-03  -6.7604803e-03
  -1.0574781e-01  -2.4967406e-01   3.0657104e-01  -2.6718839e-03  -2.1533447e-03  -6.8749734e-03
  -8.6523860e-02  -2.8263607e-01   2.8433101e-01  -2.3917769e-03  -2.2381777e-03  -6.5778423e-03
  -5.4899221e-02  -2.2495262e-01   2.4712338e-01  -3.3246569e-03  -2.6265088e-03  -5.9655906e-03
  -5.8062804e-02  -1.9336351e-01   1.9815378e-01  -3.5838089e-03  -2.5888033e-03  -5.6196820e-03
  -4.8238506e-02  -2.3471090e-01   1.6600255e-01  -2.7991149e-03  -2.5670218e-03  -5.3302987e-03
  -4.4217113e-02  -2.1521925e-01   1.1012795e-01  -3.2661836e-03  -2.6386153e-03  -5.1770272e-03
  -2.9377320e-02  -2.5825029e-01   1.1702581e-01  -2.7417375e-03  -2.8770338e-03  -4.9275348e-03
  -3.2131016e-02  -2.3690018e-01   1.3823202e-01  -2.9570337e-03  -3.0846637e-03  -4.8131286e-03
  -2.7997391e-02  -2.2226039e-01   7.4652754e-02  -2.9942136e-03  -3.0378403e-03  -4.5938398e-03
  -2.7941329e-02  -2.5322314e-01   1.1746889e-01  -2.6643773e-03  -2.7875354e-03  -4.4848658e-03
  -8.7525265e-03  -2.5086028e-01   1.1985905e-01  -2.6707826e-03  -3.1672909e-03  -4.4414600e-03
  -9.2359670e-03  -2.3257828e-01   6.7716256e-02  -2.7763509e-03  -3.1469867e-03  -4.6049791e-03
   6.4967707e-04  -2.6140420e-01   1.2473927e-01  -2.7914284e-03  -3.1704941e-03  -4.5761135e-03
   6.8944375e-03  -2.7600328e-01   1.6306827e-01  -2.5675402e-03  -3.2559121e-03  -4.6557453e-03
   3.7058580e-03  -2.7339003e-01   1.4176903e-01  -2.8261216e-03  -3.1953206e-03  -4.5480891e-03
  -4.2525151e-03  -2.6378602e-01   1.9368821e-01  -2.6101132e-03  -3.3452511e-03  -4.8779143e-03
  -2.6994422e-02  -2.6622305e-01   2.6406367e-01  -3.5364159e-03  -3.1170982e-03  -5.7045181e-03
  -4.7083697e-02  -2.8598351e-01   2.6637800e-01  -3.4070476e-03  -3.0856378e-03  -6.1368429e-03
  -6.6594465e-02  -3.0052281e-01   2.6416955e-01  -3.4389792e-03  -3.2080312e-03  -6.8684451e-03
  -7.8302697e-02  -3.1247851e-01   2.6818672e-01  -3.1795382e-03  -3.1470867e-03  -6.9472462e-03
  -6.8084517e-02  -3.4671097e-01   2.9355879e-01  -2.6440813e-03  -3.1971736e-03  -6.9111036e-03
  -7.0739160e-02  -3.5317026e-01   3.1972657e-01  -2.8793509e-03  -3.2063647e-03  -6.9643140e-03
  -7.8146740e-02  -3.3405551e-01   3.1270485e-01  -3.3690978e-03  -3.2157156e-03  -7.2068340e-03
  -8.3768375e-02  -3.3770803e-01   2.9923650e-01  -3.4214143e-03  -3.2578016e-03  -7.4754738e-03
  -7.5292656e-02  -3.3147995e-01   2.3427828e-01  -3.0640243e-03  -3.1172541e-03  -7.1818626e-03
  -5.2116775e-02  -3.0599995e-01   2.1683413e-01  -3.3769140e-03  -3.1281319e-03  -6.7559144e-03
  -3.6956198e-02  -3.0760941e-01   1.9329303e-01  -3.6357423e-03  -3.5451900e-03  -6.3582356e-03
  -3.7296338e-02  -2.8788522e-01   1.1881707e-01  -3.8093821e-03  -3.6865270e-03  -6.1174934e-03
  -4.3920966e-02  -3.1435120e-01   1.1734328e-01  -3.5975776e-03  -3.2598335e-03  -5.6006992e-03
  -3.1472871e-02  -3.2752775e-01   1.3324677e-01  -3.4854950e-03  -3.3484674e-03  -5.4430153e-03
  -1.0203271e-02  -3.3668633e-01   9.4874792e-02  -3.2440077e-03  -3.8191359e-03  -5.3187634e-03
  -1.2252921e-02  -3.7051891e-01   1.2848014e-01  -2.6906478e-03  -3.7611207e-03  -5.1082279e-03
  -4.8604589e-03  -3.5088968e-01   7.2718394e-02  -2.7700583e-03  -3.8742966e-03  -5.1678626e-03
   6.3367990e-03  -4.3288150e-01   2.6828248e-01  -3.3430642e-03  -3.6874679e-03  -5.4922739e-03
   2.6152453e-02  -2.1329908e-01   5.0779543e-01  -5.8083108e-03  -3.2168660e-03  -4.2361744e-03
   4.0962890e-02  -2.9225366e-01   3.2818222e-01  -4.1477210e-03  -3.6808948e-03  -3.4598387e-03
   4.2838552e-02  -3.0522532e-01   2.2298776e-01  -4.2542054e-03  -3.6478343e-03  -3.3839443e-03
   9.8901096e-03  -3.0657051e-01   2.7172487e-01  -4.3744019e-03  -3.5988258e-03  -3.6270509e-03
   1.4015422e-02  -3.4279370e-01   2.8130143e-01  -3.1464557e-03  -3.5634192e-03  -3.3930612e-03
   1.8609673e-02  -3.3901694e-01   2.5785070e-01  -2.8869496e-03  -3.5306697e-03  -3.4470651e-03
   2.3244259e-02  -3.5855537e-01   2.5757471e-01  -2.6055069e-03  -3.9540178e-03  -3.8716966e-03
   2.5192557e-03  -3.8935433e-01   3.2434523e-01  -2.5146335e-03  -4.1428140e-03  -4.7740257e-03
  -2.8300909e-02  -4.1000186e-01   2.9342514e-01  -2.5042981e-03  -4.1049798e-03  -5.8004750e-03
  -4.4078177e-02  -4.1217309e-01   3.0241992e-01  -2.5138073e-03  -4.0324725e-03  -6.3062678e-03
  -4.5776734e-02  -4.2601050e-01   3.0976879e-01  -2.6378323e-03  -4.1346165e-03  -6.6287754e-03
  -5.2320090e-02  -4.3531953e-01   3.0228662e-01  -2.8301142e-03  -4.2141498e-03  -7.1450999e-03
  -6.2444616e-02  -4.4112824e-01   2.8542628e-01  -2.7941588e-03  -4.1507652e-03  -7.5021815e-03
  -6.0251614e-02  -4.4109418e-01   2.6637527e-01  -2.7414213e-03  -4.1553898e-03  -7.4850771e-03
  -6.7510999e-02  -4.6252528e-01   3.0243869e-01  -3.2992381e-03  -4.2683575e-03  -7.7217119e-03
  -3.3893626e-02  -4.8544488e-01   3.1503901e-01  -3.7394860e-03  -4.8638903e-03  -7.5531940e-03
  -5.8749541e-02  -4.4818531e-01   3.0434646e-01  -3.9978488e-03  -4.7831757e-03  -7.8483990e-03
  -5.9053891e-02  -4.5958961e-01   3.4082904e-01  -3.9773068e-03  -4.8496632e-03  -7.8185156e-03
  -5.0448370e-02  -4.7546251e-01   3.4738899e-01  -3.7569042e-03  -4.8152822e-03  -7.5358063e-03
  -4.8476339e-02  -4.7050834e-01   3.7775315e-01  -3.9421398e-03  -4.9093591e-03  -7.6039094e-03
  -3.4914065e-02  -5.0621852e-01   4.3258683e-01  -3.0349956e-03  -5.2278722e-03  -7.4970435e-03
  -6.6260853e-02  -4.9003262e-01   4.4222673e-01  -3.3523633e-03  -5.0724283e-03  -7.7563157e-03
  -4.8314978e-02  -4.7029554e-01   3.6504216e-01  -3.3885537e-03  -4.8868612e-03  -7.1455502e-03
  -2.9472691e-02  -4.4630441e-01   3.2913177e-01  -3.5544501e-03  -4.9872236e-03  -6.7340621e-03
  -3.0431772e-02  -4.3821827e-01   2.6405210e-01  -3.6390439e-03  -5.2569724e-03  -6.6995712e-03
  -2.6138720e-02  -4.4740873e-01   2.3342643e-01  -3.6206217e-03  -5.4135745e-03  -6.5271617e-03
  -2.0056233e-03  -4.6966979e-01   1.9812746e-01  -3.1164942e-03  -5.7343398e-03  -6.1943604e-03
   1.4827486e-02  -4.5202009e-01   1.2300381e-01  -3.3332558e-03  -5.8945781e-03  -6.1823653e-03
   2.0305068e-02  -4.7596736e-01   1.1678456e-01  -2.9287883e-03  -6.0950717e-03  -6.0288099e-03
