   0.0000000e+00   0.0000000e+00   0.0000000e+00   0.0000000e+00   0.0000000e+00   8.6736174e-19
  -7.5849622e-03  -1.4639324e-02  -3.7324776e-03   3.7733079e-04  -1.5593997e-04  -2.5465957e-04
  -3.6982343e-02  -3.1283414e-02   6.4457643e-02  -1.2473696e-03   5.0061313e-04  -8.8780131e-04
  -6.6106486e-02  -3.9987813e-02   3.5637618e-02  -1.1855111e-04   4.3337491e-04  -1.1674730e-03
  -7.1873113e-02  -2.5798845e-02   4.0810290e-02  -6.6643270e-04   3.7798164e-05  -1.3666703e-03
  -6.9075842e-02  -3.6982074e-02   3.2754777e-02  -1.7405977e-04   1.5132845e-04  -1.3257920e-03
  -7.0830246e-02  -7.4300227e-02   5.8141065e-02  -6.6918736e-04  -7.0851961e-05  -1.8448611e-03
  -8.9857878e-02  -9.6624211e-02   3.6415730e-02   8.6786828e-04   5.1497598e-04  -2.1864935e-03
  -6.0248428e-02  -9.0691451e-02   3.8582777e-02   1.0739277e-03   2.6619459e-04  -2.0131694e-03
  -5.4435271e-02  -1.0373580e-01   5.9650571e-02   1.4339671e-03   5.8033054e-04  -2.1043677e-03
  -5.9507638e-02  -1.1785736e-01   5.1072985e-02   1.8399686e-03   8.9215635e-04  -2.2257995e-03
  -8.0330745e-02  -1.2793572e-01   6.3233969e-02   1.4817733e-03   1.0216472e-03  -2.5545062e-03
  -7.8161895e-02  -1.2502966e-01   7.2436021e-02   1.1125840e-03   7.2498310e-04  -2.7014283e-03
  -8.2796096e-02  -1.2889926e-01   6.6325746e-02   1.1938715e-03   1.0182664e-03  -2.9677731e-03
  -8.3415328e-02  -1.3530233e-01   6.2255865e-02   2.0537819e-03   1.1933692e-03  -3.1869689e-03
  -7.7195421e-02  -1.3228203e-01   7.1234652e-02   1.3777630e-03   8.9576963e-04  -3.0023189e-03
  -6.9445850e-02  -1.1589334e-01   7.0094303e-02   1.0320643e-03   8.1803898e-04  -3.0242897e-03
  -7.3242383e-02  -1.4056190e-01   8.5613679e-02   1.2570355e-03   7.9458720e-04  -2.9103457e-03
  -7.1695670e-02  -1.7086857e-01   1.0455328e-01   1.7393016e-03   7.4775338e-04  -3.1041603e-03
  -7.0053874e-02  -1.7604125e-01   1.0885985e-01   2.3707481e-03   8.4515392e-04  -3.0144811e-03
  -5.8711710e-02  -1.8888975e-01   1.0455068e-01   2.1444812e-03   6.5902020e-04  -2.8870986e-03
  -9.0719232e-02  -2.0797398e-01   3.8723212e-02   3.0216909e-03  -3.6855601e-05  -4.0823066e-03
  -9.2459968e-02  -2.1706648e-01  -8.5268921e-02   5.7288844e-03  -2.6999910e-04  -4.4044650e-03
  -7.5298915e-02  -2.2357200e-01   6.4053801e-03   4.8739558e-03  -1.3905062e-04  -3.9501023e-03
  -7.6185515e-02  -2.3176190e-01   6.8062609e-02   4.4826056e-03  -9.1853062e-05  -3.8804001e-03
  -9.6387566e-02  -2.1057697e-01   1.1171461e-01   3.4473462e-03   1.5642889e-04  -4.2826201e-03
  -9.7887857e-02  -1.7769145e-01   1.0662671e-01   2.8586867e-03   7.1893147e-06  -4.4516630e-03
  -9.5755020e-02  -1.6084660e-01   8.3427124e-02   3.0746464e-03   1.8591898e-05  -4.3393448e-03
  -1.0067824e-01  -1.6824372e-01   1.0734837e-01   3.0707768e-03   6.7566588e-05  -4.4901036e-03
  -1.2346272e-01  -1.6959984e-01   9.0399002e-02   2.4270433e-03   3.4168324e-04  -4.6772394e-03
  -1.1743404e-01  -1.8657185e-01   8.9732441e-02   2.7776567e-03   2.1520755e-04  -4.9800136e-03
  -1.2217220e-01  -1.8003279e-01   9.5226309e-02   2.0788423e-03   2.7404287e-04  -5.2199040e-03
  -1.1868712e-01  -1.8347967e-01   1.3541599e-01   1.8870716e-03   4.1593354e-04  -5.1322930e-03
  -1.2151546e-01  -2.0000504e-01   1.2608042e-01   1.8555114e-03   3.4180570e-04  -5.4136055e-03
  -1.0010498e-01  -1.7211819e-01   1.3346474e-01   9.9439893e-04   3.3401238e-04  -4.9894400e-03
  -1.1397693e-01  -1.8088294e-01   1.7152186e-01   8.2308106e-04   1.8118182e-04  -5.2591310e-03
  -1.1731255e-01  -1.8765373e-01   1.7392727e-01   9.1513360e-04   1.4339228e-05  -5.3024731e-03
  -1.2018414e-01  -2.1363038e-01   1.6282777e-01   1.5218098e-03   1.3318530e-04  -5.4847872e-03
  -1.3261419e-01  -2.1008682e-01   1.3771483e-01   1.4668095e-03   2.1340397e-04  -5.8014560e-03
  -1.3959676e-01  -2.2472227e-01   1.2770482e-01   1.6944966e-03   9.9933048e-05  -5.8587380e-03
  -1.3707480e-01  -2.4097744e-01   1.6261406e-01   1.0764790e-03  -1.5534533e-04  -5.7211554e-03
  -1.4149469e-01  -2.2409053e-01   1.6300307e-01   1.3413130e-03   4.9875357e-04  -5.6001145e-03
  -1.2529505e-01  -2.4980985e-01   1.6015294e-01   1.7733324e-03   2.4225330e-04  -5.4334544e-03
  -1.3403408e-01  -2.5935964e-01   1.7653338e-01   1.9423484e-03  -8.7522881e-05  -5.6826937e-03
  -1.4016893e-01  -2.6348888e-01   1.7485195e-01   2.4051749e-03  -1.8544250e-05  -5.8594251e-03
  -1.5340483e-01  -2.1711639e-01   1.2510874e-01   1.7399729e-03  -1.2166324e-03  -6.7671703e-03
  -1.6747044e-01  -2.5056535e-01   1.6366785e-01   1.7102049e-03  -9.6470417e-04  -6.6711371e-03
  -1.6812119e-01  -2.3432603e-01   1.7852645e-01   9.5121634e-04  -6.9038058e-04  -6.6345028e-03
  -1.6578014e-01  -2.3025531e-01   2.1119421e-01   3.3857001e-04  -8.1723393e-04  -6.8528702e-03
  -1.7187532e-01  -2.3057678e-01   2.0438133e-01  -2.2009655e-04  -1.0071742e-03  -6.9610754e-03
  -1.7349969e-01  -2.4188338e-01   2.3651669e-01   9.0348878e-05  -6.9668876e-04  -6.8574879e-03
  -1.6528238e-01  -2.5378997e-01   2.2837943e-01   7.7047504e-04  -7.7286081e-04  -6.4597687e-03
  -1.8282402e-01  -2.5747333e-01   2.1545834e-01   8.7746277e-04  -6.7341365e-04  -6.8166290e-03
  -1.7947594e-01  -2.5032626e-01   2.1900217e-01   9.8526830e-04  -7.7181864e-04  -6.4710980e-03
  -1.8205548e-01  -2.6807065e-01   2.4212154e-01   1.1217780e-03  -9.1353111e-04  -6.4980801e-03
  -1.7704416e-01  -2.7845630e-01   2.4490714e-01   1.4579064e-03  -6.9587237e-04  -6.2273104e-03
  -1.5475192e-01  -2.8389298e-01   2.3531520e-01   7.6358119e-04  -1.0785913e-03  -5.9624135e-03
  -1.5812031e-01  -2.9321369e-01   2.3487624e-01   1.1366535e-03  -5.4109032e-04  -5.9357874e-03
  -1.8020254e-01  -2.7399744e-01   2.2186879e-01   8.6332070e-04  -7.6385351e-04  -6.7435632e-03
  -1.8888433e-01  -2.5980346e-01   2.3432298e-01   4.0371690e-04  -7.2167203e-04  -6.8531996e-03
  -1.8492503e-01  -2.7456236e-01   2.5670590e-01   1.3724292e-05  -5.0936440e-04  -6.7510248e-03
  -1.9266405e-01  -2.9005761e-01   2.8672494e-01  -2.5705439e-04  -5.6087103e-04  -6.7173717e-03
  -2.0716597e-01  -2.8835765e-01   2.8610801e-01  -4.9117039e-04  -6.5222513e-04  -7.1990151e-03
  -2.2400763e-01  -2.8220350e-01   3.2409322e-01  -1.2684717e-03  -5.5033363e-04  -7.5136767e-03
  -2.1054162e-01  -2.6631442e-01   3.2872371e-01  -1.3540263e-03  -6.2831930e-04  -7.4127128e-03
  -2.1615027e-01  -2.6255604e-01   3.3386682e-01  -1.2624609e-03  -4.6433452e-04  -7.5191129e-03
  -2.1546713e-01  -2.5061810e-01   2.5597842e-01  -5.2120630e-04  -1.0778454e-03  -7.6535215e-03
  -2.2665012e-01  -2.6357630e-01   2.9935682e-01  -1.5007253e-03  -4.5817203e-04  -7.8781633e-03
  -2.3947311e-01  -2.7485575e-01   3.2409276e-01  -1.8700085e-03  -3.1831081e-04  -8.0094461e-03
  -2.3606511e-01  -2.8798642e-01   3.2954470e-01  -1.5301092e-03  -3.2716640e-04  -8.0157735e-03
  -2.3972076e-01  -2.9056915e-01   3.2323843e-01  -1.4726637e-03  -5.8152125e-04  -8.1930958e-03
  -2.4828146e-01  -2.7998757e-01   2.9776842e-01  -1.7496225e-03  -6.3869570e-04  -8.2572708e-03
  -2.5907395e-01  -2.8796981e-01   3.1866035e-01  -2.0068998e-03  -3.2323076e-04  -8.2747400e-03
  -2.6563492e-01  -3.1547669e-01   3.3761109e-01  -1.9233577e-03  -4.4760388e-04  -8.5547237e-03
  -2.5167897e-01  -3.3204314e-01   3.2827886e-01  -1.1944486e-03  -2.8927580e-04  -8.2328910e-03
  -2.3712653e-01  -3.3578654e-01   3.1270440e-01  -1.1346762e-03  -5.1046156e-04  -8.0176718e-03
  -2.4232784e-01  -3.3237653e-01   2.9191813e-01  -1.1093832e-03  -1.9817204e-04  -7.9294050e-03
  -2.4555350e-01  -3.3423509e-01   2.3431654e-01  -2.1824964e-04  -3.2505931e-04  -7.8397399e-03
  -2.5922269e-01  -4.4498376e-01   6.4597409e-02   4.2940424e-03  -3.5356316e-04  -8.4571727e-03
  -2.4101041e-01  -3.8999779e-01   1.3181784e-01   2.3846319e-03   1.5459535e-04  -8.0839375e-03
  -2.5054325e-01  -3.9954035e-01   1.5191425e-01   2.6414727e-03   3.7712048e-04  -8.1711976e-03
  -2.5217139e-01  -3.9604781e-01   1.9051803e-01   2.0428040e-03   4.9526988e-04  -8.1162043e-03
  -2.3782470e-01  -3.9305090e-01   1.8716073e-01   1.4487757e-03   3.2728207e-04  -7.9973154e-03
  -2.3631379e-01  -3.7569372e-01   1.8782583e-01   1.4049480e-03   7.2127373e-04  -7.5527140e-03
  -2.3279229e-01  -3.9057981e-01   2.2820854e-01   1.0508169e-03   9.1527183e-04  -7.4318736e-03
  -2.1931063e-01  -4.0045819e-01   2.3804121e-01   9.4866500e-04   6.9116188e-04  -7.1734997e-03
  -2.1164740e-01  -3.9697935e-01   2.1593657e-01   8.7429390e-04   6.1854991e-04  -6.9660483e-03
  -2.0540136e-01  -4.0487295e-01   2.1932881e-01   9.6586326e-04   3.8655551e-04  -6.9479498e-03
  -2.0063581e-01  -4.2478510e-01   2.3145287e-01   1.3223867e-03   7.7737580e-04  -6.7216343e-03
  -2.1138375e-01  -4.3334021e-01   1.9226267e-01   2.2141643e-03   3.4355502e-04  -7.1234266e-03
  -2.0403569e-01  -4.3413253e-01   2.1943690e-01   1.8205251e-03   4.0152238e-04  -7.1317120e-03
  -2.2203484e-01  -3.8430332e-01   2.9398078e-01  -5.7058745e-05   4.3655685e-04  -7.4267021e-03
  -2.5169189e-01  -4.0009907e-01   3.1749270e-01   5.9987733e-04   5.5988823e-04  -7.6749286e-03
  -2.5565023e-01  -4.1683848e-01   3.1376958e-01   5.7050578e-04   5.0048367e-04  -7.8694874e-03
  -2.4805824e-01  -4.3115940e-01   3.3102871e-01   4.6052772e-04   5.3219872e-04  -7.8440026e-03
  -2.3329964e-01  -4.2443718e-01   3.4341335e-01   3.9996937e-04   7.3846031e-04  -7.3932048e-03
  -2.2479078e-01  -4.5892965e-01   4.1244612e-01  -1.7961733e-04   7.2618744e-04  -7.7134524e-03
  -2.3419726e-01  -4.5916092e-01   4.2018687e-01  -2.7175282e-04   5.1304366e-04  -7.9318064e-03
  -2.3291825e-01  -4.6675144e-01   4.2439097e-01  -5.6115670e-04   4.7399262e-04  -7.8410992e-03
  -2.3335566e-01  -4.5270723e-01   4.2634224e-01  -1.0320213e-03   6.7993295e-04  -8.0297458e-03
  -2.5293443e-01  -4.4942812e-01   4.6649541e-01  -1.7503300e-03   7.6881248e-04  -8.1706206e-03
  -2.6663885e-01  -4.5348827e-01   4.8911153e-01  -2.3045064e-03   6.3637437e-04  -8.1339641e-03
  -2.6720446e-01  -4.4487623e-01   4.7062048e-01  -2.4354838e-03   6.0341040e-04  -8.1483260e-03
  -2.7756926e-01  -4.2139984e-01   4.5349346e-01  -2.6583283e-03   5.7015333e-04  -8.3219166e-03
  -2.7876024e-01  -4.3774501e-01   4.8139605e-01  -3.0613859e-03   6.6424892e-04  -8.3725676e-03
  -2.9337509e-01  -4.2775077e-01   5.3978782e-01  -4.0403702e-03   8.5194517e-04  -8.4978194e-03
  -3.0669638e-01  -4.1823107e-01   4.9643037e-01  -4.0206520e-03   5.3788291e-04  -8.8109896e-03
  -2.8268073e-01  -4.5744912e-01   4.7736176e-01  -2.9731542e-03   2.6841237e-04  -8.8868184e-03
  -2.6567257e-01  -4.7811353e-01   4.5510892e-01  -2.6399296e-03   3.2131884e-04  -8.3998075e-03
  -2.6871771e-01  -4.7705780e-01   4.4416475e-01  -2.4272441e-03   6.6822536e-04  -7.8403106e-03
  -2.5864833e-01  -4.8606105e-01   4.7157504e-01  -2.5734595e-03   9.5508476e-04  -7.6361015e-03
  -2.6703106e-01  -4.8617911e-01   4.8492082e-01  -3.0070154e-03   8.5166227e-04  -7.6897516e-03
  -2.6465053e-01  -4.7988604e-01   4.5198424e-01  -3.1012044e-03   9.5066729e-04  -7.6428710e-03
  -2.7187239e-01  -4.8897706e-01   4.3621729e-01  -2.6522617e-03   7.5732312e-04  -7.7570010e-03
  -2.6897118e-01  -4.9077595e-01   4.4213498e-01  -2.8457720e-03   7.4902844e-04  -7.5891869e-03
  -2.8111713e-01  -4.9434615e-01   4.6183552e-01  -3.1793075e-03   6.8698596e-04  -7.5969818e-03
  -2.7434218e-01  -4.9607110e-01   4.6375434e-01  -3.4555007e-03   8.1998704e-04  -7.5812918e-03
  -2.8023757e-01  -5.0699753e-01   4.3968985e-01  -2.8161001e-03   8.0526891e-04  -7.5614286e-03
  -2.5574886e-01  -5.2467995e-01   4.3926716e-01  -2.4036520e-03   7.0178227e-04  -7.0843211e-03
  -2.8598891e-01  -5.3124515e-01   4.6093015e-01  -2.3644866e-03   9.1623832e-04  -7.6821759e-03
