   0.0000000e+00   0.0000000e+00   0.0000000e+00   0.0000000e+00   1.7347235e-18  -1.7347235e-18
  -1.3959499e-02   6.5673298e-02   5.5054596e-03  -6.1001277e-04   7.4328026e-04  -4.5454120e-04
  -1.3692526e-02   4.9907977e-02   4.0246359e-02   1.2159795e-04   1.3244293e-03  -3.7520125e-04
  -1.1981256e-02   7.6251885e-02   6.3936533e-02   9.7767263e-05   1.2455857e-03  -9.5247653e-04
  -2.3299591e-02   1.0742947e-01   2.0572418e-01  -7.8928230e-03   1.6497927e-03  -3.2965194e-03
  -1.6217204e-02   6.9800561e-02   1.9899060e-01  -5.6474956e-03   1.4363021e-03  -3.6634555e-03
  -3.4979861e-02   1.1101315e-01   2.1281998e-01  -4.2560543e-03   1.2680499e-03  -3.7679467e-03
  -4.7826302e-02   8.4235209e-02   1.9750300e-01   1.0257943e-03  -1.5088380e-03  -3.4066814e-03
   6.9648931e-03  -3.4383534e-02   1.8684505e-01   4.0294853e-03  -3.9786620e-03  -4.3828646e-03
   1.8087015e-02  -1.2802383e-01   1.5340615e-01   6.0931416e-03  -5.7405717e-03  -1.7001901e-03
  -1.5738508e-03  -1.8560632e-01   1.1048546e-01   6.4729717e-03  -8.8563561e-03  -7.8755268e-04
  -1.1357149e-02  -2.5233421e-01   8.8762116e-02   4.5756436e-03  -1.0421649e-02  -1.2825960e-03
  -2.2289305e-02  -3.2299712e-01   1.7225134e-01   6.2113134e-03  -1.1043176e-02  -1.6453966e-03
  -6.8989803e-02  -3.7057891e-01   1.5411559e-01   5.1373315e-03  -1.0545633e-02  -2.3156566e-03
  -1.0263267e-01  -4.4754797e-01   1.7309118e-01   4.9939640e-03  -1.0926536e-02  -1.5130994e-03
  -1.6891813e-01  -5.0585455e-01   1.2175340e-01   6.3756381e-03  -1.1908634e-02  -1.8953416e-03
  -2.2426320e-01  -4.9613234e-01   1.1996025e-01   4.9538277e-03  -1.3430605e-02  -2.6430547e-03
  -2.8638046e-01  -5.2153538e-01   1.2209462e-01   5.0702576e-03  -1.1205049e-02  -2.5435044e-03
  -2.8362108e-01  -5.0837192e-01   1.4851141e-01   7.0046714e-03  -9.8078394e-03  -1.6266542e-03
  -2.7232349e-01  -5.6369499e-01   1.6587720e-01   6.4159227e-03  -9.1578598e-03  -1.2912514e-03
  -2.7101472e-01  -6.3322992e-01  -3.2418666e-03   6.1299013e-03  -1.0791570e-02  -2.6000852e-04
  -2.6183359e-01  -6.2153738e-01  -5.1052719e-02   4.7687152e-03  -1.1735693e-02  -2.1317915e-03
  -2.6123015e-01  -6.5985756e-01  -3.7303211e-02   3.9109446e-03  -1.4001975e-02  -1.1136837e-03
  -2.5340213e-01  -6.3032037e-01  -5.7523182e-02   6.1101925e-03  -1.3198839e-02   4.4356085e-04
  -2.4782933e-01  -5.4307278e-01  -6.6769088e-03   7.9790606e-03  -1.2960647e-02   5.3673888e-04
  -2.4196607e-01  -4.7514863e-01   7.6883719e-02   9.0461326e-03  -1.0031529e-02  -4.1543509e-03
  -2.3544558e-01  -4.4520054e-01   1.8003536e-02   8.3719556e-03  -9.9310488e-03  -3.7107739e-03
  -2.3417547e-01  -4.6743714e-01  -1.9344194e-02   8.6227234e-03  -9.5488072e-03  -3.5681574e-03
  -2.4217863e-01  -4.3538659e-01  -7.5204033e-02   7.4700748e-03  -9.8163415e-03  -3.5483181e-03
  -2.3358108e-01  -3.9600077e-01  -1.1449563e-01   6.4414793e-03  -9.7342914e-03  -3.5038630e-03
  -2.3284513e-01  -4.1475701e-01  -9.6847882e-02   6.5305767e-03  -9.5358600e-03  -3.1361564e-03
  -2.5265415e-01  -3.6554163e-01  -1.2130827e-01   5.6313818e-03  -9.3152743e-03  -3.5301511e-03
  -2.4311293e-01  -3.5780496e-01  -1.4371346e-01   5.7595644e-03  -9.3164232e-03  -3.2314757e-03
  -2.3467240e-01  -3.4388648e-01  -1.9992392e-01   4.9637320e-03  -9.3078431e-03  -3.2730097e-03
  -2.1263839e-01  -3.7106453e-01  -2.1087628e-01   3.0312667e-03  -7.9394290e-03  -2.4047601e-03
  -2.1609789e-01  -4.2956059e-01  -1.0244734e-01   5.4689751e-03  -6.7115250e-03  -4.1358455e-03
  -1.9900577e-01  -3.5315482e-01  -1.2429247e-01   4.7969784e-03  -6.1253302e-03  -4.2552976e-03
  -1.3823470e-01  -4.7145405e-01  -8.4379624e-02   4.1317113e-03  -6.4776684e-03  -2.4697343e-03
  -1.5532564e-01  -5.9236841e-01  -2.7564652e-02   3.2059723e-03  -9.0705438e-03  -2.7295443e-03
  -1.9741377e-01  -6.5799056e-01   2.9786246e-02   3.6736588e-03  -1.0451954e-02  -2.2527046e-03
  -2.9317088e-01  -6.9805570e-01  -9.8767485e-02   6.3129450e-03  -1.1747529e-02  -1.6742587e-03
  -2.2596766e-01  -7.8895883e-01  -6.1878314e-02   8.0483441e-03  -1.3068728e-02  -2.9667876e-03
  -2.0235922e-01  -8.1701052e-01   5.9771838e-02   4.5226737e-03  -1.2572324e-02  -2.0881871e-03
  -2.9157213e-01  -8.5280449e-01   1.3877581e-01   4.7289614e-03  -1.1815900e-02  -2.7383257e-03
  -2.6909368e-01  -7.5964949e-01   2.7564795e-01   8.6315713e-03  -1.2255385e-02  -6.7632498e-04
  -2.2953586e-01  -7.8015941e-01   2.6942671e-01   1.1451201e-02  -1.0318096e-02  -1.6800995e-03
  -2.5440985e-01  -6.3987885e-01   2.4316735e-01   9.1922194e-03  -8.9464109e-03  -4.1161026e-03
  -2.8283375e-01  -6.1122807e-01   2.1040306e-01   9.0763020e-03  -7.5951037e-03  -5.0529646e-03
  -2.9756109e-01  -5.9642826e-01   2.0484094e-01   9.4272286e-03  -7.2675632e-03  -5.7112576e-03
  -2.9369856e-01  -6.0999463e-01   1.7254808e-01   9.5831566e-03  -6.6190121e-03  -5.7661026e-03
  -2.8751583e-01  -3.8159425e-01   2.2052849e-01   3.0194406e-02  -4.9853888e-03  -2.5777350e-03
  -2.5273138e-01  -6.8216712e-01   3.3972210e-02   1.7886977e-02  -6.0797827e-03  -2.4338933e-03
  -2.8070616e-01  -8.9569830e-01   3.4518309e-02   1.6318692e-02  -8.0327463e-03  -1.5654510e-04
  -2.7239459e-01  -8.8860573e-01   9.2483431e-03   1.5094778e-02  -9.6353477e-03   1.7763253e-03
  -2.4880754e-01  -8.6876838e-01  -1.9773594e-02   1.5051528e-02  -1.0873212e-02   7.6343006e-04
  -2.5677400e-01  -8.8339892e-01   7.6874703e-03   1.6388957e-02  -9.6286376e-03   1.9940976e-03
  -2.5839228e-01  -8.7188724e-01  -4.2203277e-02   1.4810988e-02  -8.1399421e-03   1.4329141e-03
  -2.2807622e-01  -9.1655551e-01  -3.7509935e-02   1.4221294e-02  -8.2160732e-03   4.1520561e-03
  -2.3757787e-01  -8.5501804e-01   1.7614305e-01   1.7206274e-02  -7.3369055e-03   2.0204992e-03
  -2.7414353e-01  -7.9556862e-01   1.7417046e-01   1.5324086e-02  -4.8781388e-03  -2.2858693e-03
  -2.7037440e-01  -7.7430737e-01   3.3591409e-01   1.6382419e-02  -4.0434245e-03  -3.8041380e-03
  -2.6902498e-01  -7.2084292e-01   2.9277704e-01   1.4775503e-02  -3.9749718e-03  -4.2873583e-03
  -2.5378565e-01  -7.1852481e-01   3.4930005e-01   1.5449286e-02  -3.4135268e-03  -4.1090700e-03
  -2.4193950e-01  -7.1711458e-01   3.7892552e-01   1.4809620e-02  -3.2206578e-03  -3.7977704e-03
  -2.3491891e-01  -6.7794521e-01   1.8691568e-01   1.3183400e-02  -3.0311289e-03  -4.5876823e-03
  -2.4314747e-01  -6.3219484e-01   2.5250069e-01   1.1519836e-02  -2.1198734e-03  -5.7736595e-03
  -2.5989779e-01  -6.2419009e-01   3.3851419e-01   9.5853618e-03  -1.3878067e-03  -6.3340218e-03
  -2.4504047e-01  -6.6091336e-01   2.7772212e-01   9.5698486e-03  -8.1125423e-04  -6.0340514e-03
  -2.4294263e-01  -6.7106558e-01   3.0138050e-01   9.4661842e-03  -5.5098045e-04  -5.6086922e-03
  -2.5584736e-01  -6.4114228e-01   3.2355754e-01   8.9109636e-03  -1.0497908e-03  -5.8096578e-03
  -2.6392980e-01  -6.6157826e-01   2.7099518e-01   8.9652774e-03  -6.3340228e-04  -6.0699948e-03
  -2.7369646e-01  -6.5180953e-01   2.7198611e-01   8.5754238e-03  -4.2405460e-04  -5.9743977e-03
  -2.6672372e-01  -6.5841707e-01   2.6703700e-01   8.7814653e-03  -3.7413711e-04  -5.7519188e-03
  -2.7226387e-01  -6.4884161e-01   2.6171735e-01   8.2663613e-03  -6.9340410e-04  -5.9757884e-03
  -2.5805827e-01  -7.3028068e-01   2.3179847e-01   6.8836519e-03  -8.5877290e-04  -4.0939772e-03
  -2.1225090e-01  -8.6018984e-01   1.4001182e-01   5.5751445e-03  -2.0390509e-03  -2.6813807e-03
  -2.1558341e-01  -8.7260192e-01   9.1606962e-02   6.5607442e-03  -2.3935044e-03  -2.8707202e-03
  -2.6785109e-01  -9.1816171e-01   1.6169450e-01   7.3839867e-03  -2.4677726e-03  -2.5469488e-03
  -2.8085020e-01  -9.2284593e-01   1.3997431e-01   6.2819409e-03  -2.2730162e-03  -3.0755255e-03
  -2.3725312e-01  -9.9929011e-01   1.5085528e-01   6.6518361e-03  -3.5692172e-03  -3.0161709e-03
  -3.1652768e-01  -1.0124305e+00   1.6874876e-01   7.5437794e-03  -6.1805286e-03  -3.0646185e-03
  -3.2724966e-01  -1.0716226e+00   2.2035198e-01   7.0816512e-03  -5.6315058e-03  -2.6516034e-03
  -2.9597864e-01  -1.0528593e+00   2.2541727e-01   5.0349680e-03  -4.4480485e-03  -3.8054328e-03
  -2.7619517e-01  -1.1075631e+00   2.4015709e-01   5.8995885e-03  -5.2466351e-03  -2.9009555e-03
  -3.4186556e-01  -1.0683864e+00   2.1980690e-01   6.2642094e-03  -7.4613173e-03  -2.5204109e-03
  -3.1354044e-01  -9.9731724e-01   1.6062875e-01   7.6508999e-03  -8.7561615e-03  -2.3430280e-03
  -3.5481739e-01  -1.0147430e+00   1.1435528e-01   8.8615864e-03  -7.3065174e-03  -4.5151675e-03
  -3.2177980e-01  -1.0532552e+00   2.0980244e-01   6.4003658e-03  -5.6283398e-03  -3.6663540e-03
  -3.6973627e-01  -1.0073151e+00   1.5297774e-01   7.5712267e-03  -5.5868548e-03  -4.1216429e-03
  -4.0952256e-01  -9.8184804e-01   2.2140274e-01   9.0743029e-03  -5.7034369e-03  -3.2686838e-03
  -3.5187738e-01  -9.2668872e-01   1.9114969e-01   9.9018178e-03  -5.3925142e-03  -3.2023066e-03
  -2.7688182e-01  -9.0293611e-01   1.6791288e-01   1.3510538e-02  -5.1949805e-03  -2.3187034e-03
  -2.5290893e-01  -7.9117476e-01   2.6581829e-01   1.2178012e-02  -4.3456458e-03  -5.1013307e-03
  -2.5153210e-01  -6.8814622e-01   4.4152138e-01   1.0740551e-02  -4.6001209e-03  -6.3595146e-03
  -2.5819582e-01  -7.3936717e-01   4.8181844e-01   1.0978472e-02  -4.0435663e-03  -6.1558031e-03
  -2.4268245e-01  -6.8218931e-01   4.1095666e-01   1.0573891e-02  -3.4361347e-03  -6.5802711e-03
  -2.2897661e-01  -6.6939016e-01   3.2018384e-01   9.0580665e-03  -3.1437392e-03  -6.4558215e-03
  -2.3038757e-01  -6.9179370e-01   3.6228769e-01   8.1514848e-03  -2.9410724e-03  -6.5112782e-03
  -2.3429960e-01  -6.0165910e-01   3.4785339e-01   7.6104470e-03  -2.1538270e-03  -6.4847628e-03
  -2.3621772e-01  -6.1444432e-01   3.4481080e-01   7.5718859e-03  -2.6511541e-03  -7.0514746e-03
  -2.3557152e-01  -6.0772608e-01   2.9105761e-01   7.0480715e-03  -2.1642931e-03  -7.3880380e-03
  -2.3081127e-01  -5.9334382e-01   2.6726125e-01   3.4790645e-03  -1.1874531e-03  -8.0356357e-03
  -2.0470647e-01  -5.5205858e-01   2.7431588e-01   2.0980540e-03  -1.6089661e-04  -8.6317384e-03
  -1.8901672e-01  -5.7167892e-01   2.3811833e-01   2.8932177e-03  -4.2326472e-04  -7.9523901e-03
  -1.8309281e-01  -6.0414209e-01   2.0242531e-01   3.0205116e-03  -4.6973010e-04  -8.0112758e-03
  -1.7586754e-01  -5.9655537e-01   1.9451138e-01   2.4655961e-03  -3.3839022e-04  -7.9677290e-03
  -1.7416638e-01  -6.1385295e-01   1.8634777e-01   3.1947756e-03  -3.3714629e-04  -7.6066826e-03
  -1.5335208e-01  -6.2456276e-01   2.1397803e-01   3.0342325e-03  -1.9560219e-04  -6.8417221e-03
  -1.5117208e-01  -7.3970537e-01   1.1973076e-01   6.9371213e-04  -1.8023821e-03  -4.9221609e-03
  -1.7156922e-01  -7.6994297e-01   1.1616699e-01  -5.5487714e-04  -2.3723159e-03  -4.9551326e-03
  -1.6801887e-01  -8.0285817e-01   9.2551669e-02   1.1517925e-04  -2.3902120e-03  -5.0374525e-03
  -1.4012261e-01  -8.4670314e-01   1.0961547e-01  -2.5888229e-04  -2.7814708e-03  -4.6117042e-03
  -1.5740801e-01  -8.5687464e-01   1.6551935e-01   2.3285673e-04  -3.3749421e-03  -4.0325295e-03
  -1.7329475e-01  -8.6155692e-01   1.4087302e-01   5.6406568e-04  -3.9298681e-03  -3.6970481e-03
  -1.7591199e-01  -9.2290649e-01   2.4120590e-01   2.1013588e-03  -5.1477617e-03  -3.3062388e-03
  -1.4604789e-01  -9.2303099e-01   1.6396357e-01   1.5279072e-03  -5.5069914e-03  -2.9942667e-03
  -2.1738841e-01  -9.1626907e-01   1.0982797e-01   1.4836228e-03  -6.0071490e-03  -2.9261789e-03
  -2.1188102e-01  -9.5028463e-01   1.5470288e-01   1.4151526e-03  -6.1866917e-03  -1.8715559e-03
  -2.4305662e-01  -9.2509403e-01   1.5824550e-01   1.0907161e-03  -5.8354864e-03  -2.0679160e-03
  -2.1011916e-01  -8.5661621e-01   1.8341670e-01   4.7419522e-03  -5.5880929e-03  -3.9673810e-03
