   0.0000000e+00   0.0000000e+00   0.0000000e+00   0.0000000e+00   0.0000000e+00   0.0000000e+00
   5.0824422e-02   5.7749202e-03   1.2605985e-02  -4.0954887e-03   1.7102627e-03   1.2105204e-03
   6.7605432e-02  -6.6024611e-02   6.7849323e-02  -3.7018900e-03   1.6761532e-03   1.4597023e-03
   9.2436052e-02   5.8221224e-03   3.2889943e-02  -3.7693485e-03   1.4114046e-03   1.7875939e-03
   1.1634585e-01  -2.0921817e-02   5.3933399e-02  -3.0978623e-03   2.2076401e-03   2.2209467e-03
   1.0145465e-01  -1.4077065e-01   1.2847431e-01  -3.1899680e-04   2.6710259e-03   2.2702641e-03
   9.7955968e-02   3.6745766e-02   8.6018641e-02  -2.5581578e-03   1.8241485e-03   2.7814085e-03
   6.7398247e-02   1.3059907e-02   1.4470897e-01  -5.4295512e-04   1.1564012e-03   2.9241794e-03
   6.9777948e-02  -1.2531614e-02   1.4242229e-01   8.9657513e-04   6.3349364e-04   3.0389459e-03
   8.6956867e-02   2.4337572e-02   1.2124828e-01   1.4669120e-03   7.0743706e-04   3.6709921e-03
   8.6046332e-02  -1.3167748e-02   1.2948637e-01   2.1167696e-03   1.1035100e-03   3.5969679e-03
   8.6375537e-02  -1.7641515e-02   1.2070706e-01   2.4736511e-03   1.6655706e-03   3.8926099e-03
   8.6209406e-02  -1.7751804e-02   1.2140989e-01   2.9313570e-03   2.3100575e-03   3.7386002e-03
   7.5631352e-02  -1.1695428e-01   2.7169551e-01   5.6609907e-03   3.0181853e-03   2.8755737e-03
   6.3486824e-02  -5.9255050e-02   2.0795166e-01   5.8564277e-03   2.9473577e-03   3.2932286e-03
   6.9806663e-02  -2.2137525e-02   2.0656387e-01   5.0836650e-03   3.0261467e-03   3.9470151e-03
   6.1696032e-02  -1.9192695e-03   1.8482341e-01   4.9628760e-03   2.7620460e-03   4.1728392e-03
   6.0825421e-02  -2.2419374e-02   2.3081408e-01   5.5685454e-03   2.9970518e-03   4.4588489e-03
   6.1432199e-02  -4.5915587e-02   2.7066816e-01   6.0958300e-03   3.1321596e-03   4.6280908e-03
   6.3025290e-02  -5.2543692e-02   2.8839975e-01   6.2814312e-03   3.1915328e-03   5.0769681e-03
   6.6005153e-02  -3.7205669e-02   2.8630826e-01   5.3351820e-03   3.6926754e-03   5.5394321e-03
   7.7199424e-02  -1.5511446e-02   2.5201718e-01   5.3804228e-03   3.7493531e-03   5.7366736e-03
   5.8472009e-02  -5.1695552e-02   2.7343748e-01   6.0241269e-03   3.4733163e-03   5.5198729e-03
   7.7315592e-02  -5.4835286e-02   2.7238117e-01   6.5309168e-03   3.9696963e-03   6.0624969e-03
   7.5745672e-02   9.3919915e-03   2.1843875e-01   5.8912163e-03   3.7036070e-03   6.0413421e-03
   6.4059182e-02  -1.0843498e-01   2.1550298e-01   6.8128421e-03   3.7607661e-03   5.3340491e-03
   1.2678463e-01  -1.6410895e-03   2.7422116e-01   2.1920806e-03   4.4053048e-03   5.6882275e-03
   1.6263878e-01  -4.9318996e-02   3.7683072e-01   2.9308314e-03   5.3628353e-03   6.6740856e-03
   1.6336517e-01  -1.6335682e-02   3.4254375e-01   2.6434456e-03   4.8062077e-03   6.2570473e-03
   1.4720640e-01  -5.3227066e-02   3.0394268e-01   3.3206343e-03   4.3413976e-03   5.8747169e-03
   1.4708042e-01  -3.9965770e-02   3.4584481e-01   2.7528886e-03   4.2839706e-03   5.7854629e-03
   1.5776703e-01  -1.3815906e-01   3.4951298e-01   4.1653793e-03   4.6554050e-03   5.8721388e-03
   1.6319912e-01  -2.7519214e-02   3.5634573e-01   2.1696689e-03   4.4859160e-03   6.3110539e-03
   1.7261126e-01  -1.2858596e-01   3.7611136e-01   3.1029409e-03   4.5614893e-03   6.1554866e-03
   1.5691042e-01  -3.9094190e-02   3.7840598e-01   2.5307326e-03   4.1424697e-03   6.0893365e-03
   1.6027941e-01  -1.6049596e-01   3.5817765e-01   3.9941704e-03   4.3723240e-03   6.1043270e-03
   1.6015806e-01  -4.9503386e-02   3.7954433e-01   3.0503953e-03   4.0602007e-03   6.2099085e-03
   1.5412481e-01  -9.7693220e-02   3.9079250e-01   4.6812485e-03   4.1115957e-03   6.1038202e-03
   1.7476475e-01  -7.8162964e-02   3.7948756e-01   4.6620924e-03   4.2172938e-03   6.4777599e-03
   2.0130500e-01  -6.5676149e-02   3.6998995e-01   4.8903878e-03   4.0269807e-03   6.6772327e-03
   2.0084256e-01  -9.4669229e-02   3.9157376e-01   4.7054085e-03   4.3919525e-03   6.5965212e-03
   2.0793615e-01  -1.0293354e-01   3.8382869e-01   4.2357712e-03   4.5725946e-03   6.7275171e-03
   2.0981987e-01  -9.6471794e-02   3.7680769e-01   4.8118240e-03   4.3849166e-03   6.5997888e-03
   2.0612680e-01  -1.8972758e-01   4.0330446e-01   5.3094373e-03   4.2807344e-03   6.2006504e-03
   2.1685251e-01  -1.0540673e-01   3.5211252e-01   4.5784477e-03   3.7306800e-03   6.3938980e-03
   2.0026293e-01  -3.2301063e-01   7.5838174e-01   9.1929524e-03   3.8151045e-03   4.2920556e-03
   2.6585247e-01  -2.1447902e-01   6.9444640e-01   1.9144032e-03   6.0102801e-03   5.1559322e-03
   3.5562113e-01  -7.2552243e-02   4.8760388e-01  -3.0454568e-03   7.3657596e-03   7.5399182e-03
   4.0041760e-01  -1.0984016e-01   5.0845301e-01  -4.0501562e-04   6.1233833e-03   6.0292957e-03
   4.0670486e-01  -7.8037152e-02   5.2116597e-01  -1.5624230e-04   6.1304842e-03   5.1017060e-03
   3.6152198e-01  -1.5230101e-01   5.2189249e-01   3.7202546e-03   4.0272550e-03   4.0439835e-03
   3.7003749e-01  -2.1681860e-01   5.9192901e-01   7.0598298e-03   2.8621230e-03   3.8665159e-03
   3.7953501e-01  -1.9097529e-01   5.7622026e-01   6.1585709e-03   2.9417479e-03   4.4267513e-03
   3.9032270e-01  -2.1124102e-01   5.6567000e-01   6.2059526e-03   2.7102538e-03   4.4677720e-03
   4.1637300e-01  -2.1282809e-01   5.6067994e-01   6.3949192e-03   2.9571585e-03   4.9075146e-03
   4.0417827e-01  -2.1519440e-01   5.1729681e-01   6.6343873e-03   3.1115826e-03   4.8062665e-03
   3.9433620e-01  -2.1058041e-01   5.0801350e-01   6.7231216e-03   3.1286594e-03   4.6716285e-03
   4.1554518e-01  -2.2636428e-01   5.0772641e-01   6.9165040e-03   3.2423247e-03   5.1453948e-03
   3.7571676e-01  -2.9872516e-01   7.8450840e-01   8.5892292e-03   3.4237765e-03   4.7614675e-03
   3.3783002e-01  -2.4438927e-01   5.6696339e-01   8.5099661e-03   3.9180132e-03   3.9413041e-03
   3.9160378e-01  -1.6404809e-01   3.5159428e-01  -8.8671093e-04   8.1914521e-03   5.8029706e-03
   3.9151196e-01  -1.9472981e-01   3.0870121e-01   6.1829815e-04   7.6830520e-03   6.6336534e-03
   3.6723511e-01  -2.0304766e-01   3.7674562e-01   1.5670500e-03   7.0911774e-03   6.0741496e-03
   3.8585567e-01  -2.9321748e-01   5.1876919e-01   3.9011524e-03   6.2003204e-03   5.4959234e-03
   3.8382060e-01  -2.0536551e-01   4.3885898e-01   2.1118314e-03   5.9670965e-03   5.4293585e-03
   3.5723413e-01  -1.9820623e-01   4.0198929e-01   2.6260278e-03   5.4960577e-03   5.5017187e-03
   3.5683654e-01  -2.1110483e-01   4.1728520e-01   2.5809532e-03   5.2747877e-03   5.3461006e-03
   3.4391579e-01  -2.2154193e-01   3.9918968e-01   3.0318464e-03   5.2363387e-03   5.1076250e-03
   2.7500586e-01  -2.7462429e-01   3.1276536e-01   3.5672270e-03   3.8418195e-03   3.2115240e-03
   2.4473075e-01  -2.0387607e-01   2.7845343e-01   6.3327824e-03   3.1567929e-03   2.5899130e-03
   2.6860658e-01  -3.0330973e-01   2.4196962e-01   7.7713647e-03   3.2527777e-03   2.1279829e-03
   2.5265710e-01  -2.1540409e-01   2.2426585e-01   7.1446478e-03   3.1637138e-03   2.1359732e-03
   2.5698702e-01  -2.4893504e-01   2.8160057e-01   7.0121196e-03   3.7554401e-03   2.1241748e-03
   2.7011140e-01  -2.3099511e-01   3.1234054e-01   6.8090266e-03   3.8140610e-03   2.4381922e-03
   2.6524742e-01  -2.3315959e-01   2.5837244e-01   7.6286193e-03   3.6058198e-03   2.2941606e-03
   2.8677015e-01  -2.2384144e-01   2.6930382e-01   8.0056644e-03   3.4616505e-03   2.2524258e-03
   2.9310451e-01  -2.1957587e-01   2.9604869e-01   7.3962455e-03   3.3347625e-03   2.1951915e-03
   3.0633408e-01  -2.6870249e-01   3.1921601e-01   8.1550717e-03   3.0387658e-03   2.0811461e-03
   3.1253573e-01  -2.9998324e-01   3.5077619e-01   8.0615473e-03   2.9926632e-03   1.9114614e-03
   3.1744242e-01  -3.1374486e-01   3.6315426e-01   8.2675853e-03   2.8188712e-03   1.8331429e-03
   3.2523034e-01  -3.0159559e-01   3.6809768e-01   8.2202989e-03   2.5826091e-03   1.7283486e-03
   3.1525732e-01  -3.4446327e-01   3.9700222e-01   8.9603981e-03   2.3839160e-03   1.1915982e-03
   3.1423291e-01  -3.3406892e-01   4.1626538e-01   9.2274614e-03   2.3619824e-03   1.2100841e-03
   3.1329739e-01  -3.7160862e-01   4.2593104e-01   1.0001480e-02   2.1357505e-03   5.4271373e-04
   3.0228184e-01  -3.3005699e-01   4.2498098e-01   9.4605013e-03   1.9759267e-03   5.4312877e-04
   2.9659801e-01  -3.3890314e-01   4.3613730e-01   9.6434218e-03   1.7633669e-03   1.5511315e-04
   2.8332651e-01  -3.5768608e-01   4.3062589e-01   9.8945467e-03   1.8665751e-03   1.4061000e-04
   2.8477343e-01  -3.5154176e-01   4.4394516e-01   1.0264086e-02   1.8634309e-03   2.4450002e-04
   2.8800104e-01  -3.7035740e-01   4.5431978e-01   1.0501493e-02   1.9495102e-03   7.7169649e-05
   2.9371933e-01  -3.7375638e-01   4.5508895e-01   1.0770053e-02   2.1319543e-03   7.1792532e-06
   3.0246316e-01  -3.8556293e-01   4.7114370e-01   1.1093692e-02   2.3423666e-03   6.3327094e-04
   3.0176781e-01  -4.2515425e-01   4.0998187e-01   1.0606971e-02   2.3382311e-03   3.7119689e-04
   2.6110694e-01  -3.9230515e-01   3.6287929e-01   9.2534768e-03   4.2290298e-03   9.1248238e-04
   3.0927185e-01  -3.2937055e-01   4.5918370e-01   8.5507988e-03   4.7404337e-03   1.5471301e-03
   2.9135037e-01  -3.1309623e-01   3.8847145e-01   8.5494967e-03   4.7575446e-03   1.0103554e-03
   2.8058541e-01  -2.9709315e-01   3.5975612e-01   8.9560692e-03   4.2466400e-03   5.7843239e-04
   2.6465180e-01  -3.4509200e-01   4.0234524e-01   9.6086704e-03   3.7948091e-03   2.0321715e-04
   2.7598567e-01  -3.4840474e-01   4.1541975e-01   9.0131968e-03   3.7511146e-03   7.9787101e-04
   2.8527029e-01  -3.3959115e-01   4.0337566e-01   8.5465188e-03   3.8321233e-03   1.2068861e-03
   2.9770775e-01  -4.3986440e-01   4.1039027e-01   9.7998219e-03   3.9070674e-03   1.5757354e-03
   2.9507218e-01  -3.5314194e-01   3.9009209e-01   9.2192660e-03   3.6850545e-03   1.4374465e-03
   3.0572393e-01  -3.2143755e-01   3.8711735e-01   8.7725728e-03   3.8855605e-03   1.4990405e-03
   2.9816730e-01  -3.6092181e-01   3.7450322e-01   9.2990018e-03   3.8359739e-03   1.4410445e-03
   2.9950035e-01  -3.6011176e-01   4.0530765e-01   9.6988440e-03   3.7318011e-03   1.2868348e-03
   2.7967893e-01  -3.6450074e-01   3.9094106e-01   9.8309812e-03   3.6411739e-03   1.0322047e-03
   3.0400476e-01  -3.7756525e-01   4.1392998e-01   9.9545416e-03   3.6534600e-03   1.1973964e-03
   3.0475847e-01  -3.4507491e-01   4.1742173e-01   9.6917292e-03   3.5871242e-03   1.3234878e-03
   2.8541800e-01  -3.6543304e-01   3.8812372e-01   1.1543446e-02   3.1044910e-03   9.1337662e-04
   2.9357519e-01  -3.7639702e-01   4.5132159e-01   1.2106720e-02   3.5155897e-03   9.7956358e-04
   3.1399926e-01  -3.9405745e-01   4.3370054e-01   1.2221554e-02   3.1056742e-03   1.0912228e-03
   3.1480110e-01  -3.8898470e-01   4.2522533e-01   1.1986420e-02   3.0040994e-03   1.0311093e-03
   3.2728369e-01  -3.9344116e-01   4.2124597e-01   1.1772778e-02   2.8975378e-03   9.5057706e-04
   3.3234535e-01  -3.9403407e-01   3.9499295e-01   1.1955946e-02   2.8609253e-03   8.1547940e-04
   3.3339901e-01  -3.9684984e-01   3.9220386e-01   1.2253420e-02   2.7094270e-03   7.2138690e-04
   3.4286419e-01  -4.3267133e-01   4.2758994e-01   1.2186308e-02   2.8254886e-03   9.0814750e-04
   3.3829197e-01  -4.2637987e-01   4.3985274e-01   1.1788682e-02   2.7975832e-03   8.1222106e-04
   3.4881371e-01  -4.3455194e-01   4.6356013e-01   1.2074391e-02   2.7500262e-03   1.1492373e-03
   3.5136919e-01  -4.5491794e-01   4.5885928e-01   1.2594656e-02   2.7799634e-03   1.2597401e-03
   3.5220955e-01  -4.3872740e-01   4.6029707e-01   1.2354718e-02   2.7115263e-03   1.1473486e-03
   3.5850444e-01  -4.3888825e-01   5.0205591e-01   1.2355015e-02   2.5470043e-03   1.3331938e-03
