   0.0000000e+00   0.0000000e+00   0.0000000e+00   0.0000000e+00   0.0000000e+00   0.0000000e+00
   4.5161711e-03   1.3856227e-02  -2.1817171e-02  -1.0994580e-04  -1.4668187e-04   2.3386721e-04
   3.3313358e-03   6.9206309e-03   1.4181392e-02  -4.6722391e-04  -1.2883918e-04   3.9341506e-04
   1.0045458e-02  -8.5953594e-03   3.4450880e-02  -5.2386261e-04  -4.2778707e-04   3.5696034e-04
   1.3488920e-02  -3.2962334e-03   3.4331005e-02  -4.1324547e-04  -5.8586720e-04   5.1393135e-04
   2.1171481e-02  -3.2995619e-03   2.9916177e-02  -2.2210110e-04  -7.5243881e-04   8.0786187e-04
   9.1204062e-03  -4.6079658e-04   1.7429467e-02   2.0917722e-04  -3.8974758e-04   5.1924793e-04
   1.4866484e-02  -6.9236812e-03   2.5898366e-02  -1.2860272e-04  -5.4444661e-04   9.1733703e-04
   3.7239958e-03  -4.4286005e-03   4.9846753e-02  -8.2959363e-04  -4.1084300e-04   9.4269106e-04
   2.9399991e-03   1.2215446e-02   4.9152648e-02  -9.1689535e-04  -8.3687801e-04   7.7861104e-04
  -2.7925002e-03  -3.0958924e-03   4.5126170e-02  -4.3106149e-04  -8.1211624e-04   6.4469409e-04
  -7.3637080e-03  -4.2653642e-03   6.1305004e-02  -5.8221064e-04  -6.6324352e-04   8.2261342e-04
  -1.0551463e-02  -1.0048290e-03   6.6337456e-02  -9.4546803e-04  -7.9847758e-04   9.0518066e-04
  -1.3404468e-02   5.6396462e-03   7.4285836e-02  -6.5919693e-04  -7.9059027e-04   8.6026096e-04
  -1.9556583e-02   1.9620987e-02   8.6345807e-02  -8.9818440e-04  -8.3068130e-04   7.8739079e-04
  -1.8711251e-02   1.3805533e-02   8.6059556e-02  -1.3661658e-03  -9.8668826e-04   9.7071915e-04
  -2.6120777e-02   3.4198169e-02   2.6952622e-02  -1.1174738e-03  -8.4225315e-04   8.0474623e-04
  -3.4244100e-03   1.1659731e-02   8.3547707e-02  -1.9354311e-03  -1.8181555e-03   9.4533961e-04
  -8.8770935e-03   2.3603264e-02   8.9796627e-02  -2.6765368e-03  -1.8762043e-03   1.3798148e-03
  -7.7752294e-03   2.9750635e-02   1.4596936e-01  -2.7170938e-03  -1.6208427e-03   1.2571874e-03
  -1.5307067e-02   2.1527259e-02   1.6602063e-01  -2.6208577e-03  -1.4682374e-03   1.2930227e-03
  -2.8127860e-02   3.8150403e-02   1.6886384e-01  -3.3622198e-03  -1.1209044e-03   1.1268132e-03
  -2.5583627e-02   5.9403393e-02   1.5357379e-01  -3.5207631e-03  -1.6005247e-03   9.7144633e-04
  -3.8073480e-02   4.4387905e-02   1.5556734e-01  -3.5169180e-03  -1.5517862e-03   9.2473995e-04
  -4.9511792e-02   3.3414405e-02   1.4761769e-01  -3.3729251e-03  -1.6428329e-03   8.3192290e-04
  -5.4504494e-02   4.2403891e-02   1.3553152e-01  -3.1673824e-03  -1.7078906e-03   7.6032059e-04
  -6.1998972e-02   5.6228683e-02   1.6397276e-01  -3.5810462e-03  -1.6842803e-03   9.5151637e-04
  -5.8532596e-02   3.9824835e-02   1.8306783e-01  -4.0429306e-03  -1.9265101e-03   1.0523500e-03
  -6.4768993e-02   2.7229609e-02   1.8698634e-01  -3.4878128e-03  -1.8426808e-03   1.1005087e-03
  -7.9402249e-02   5.3706840e-02   1.7513783e-01  -3.9265945e-03  -1.7457577e-03   7.0428207e-04
  -7.6333713e-02   4.0752004e-02   1.6679707e-01  -3.6028357e-03  -1.9830206e-03   9.8803321e-04
  -7.8630009e-02   3.5660504e-02   2.1807822e-01  -4.3461077e-03  -1.8421269e-03   9.9882849e-04
  -6.8456871e-02   2.3751790e-02   1.9164393e-01  -4.2255201e-03  -2.0581323e-03   1.1871597e-03
  -6.9043208e-02   2.0490397e-02   1.8580425e-01  -4.4314455e-03  -1.9974857e-03   1.1102410e-03
  -7.0428526e-02   1.1825986e-02   1.8666709e-01  -4.3536858e-03  -2.0148642e-03   1.1605392e-03
  -7.5938332e-02   4.2183925e-02   1.7985876e-01  -4.1423576e-03  -1.9870821e-03   1.0323833e-03
  -8.0764091e-02   3.4163550e-02   1.8027892e-01  -4.0477449e-03  -1.9444401e-03   9.6481485e-04
  -8.4750236e-02   4.4369085e-02   1.7246507e-01  -3.7979044e-03  -1.8604010e-03   1.0231514e-03
  -8.6211653e-02   4.8999114e-02   1.6726156e-01  -3.8676774e-03  -1.9011793e-03   9.8627650e-04
  -8.3933684e-02   5.2190549e-02   1.4239289e-01  -3.7402080e-03  -2.1009344e-03   9.0107131e-04
  -9.4619748e-02   5.1079588e-02   1.2617518e-01  -3.2098138e-03  -1.8171522e-03   5.2678655e-04
  -9.3315001e-02   5.0069493e-02   1.5101460e-01  -4.3990036e-03  -2.0542116e-03   7.6014268e-04
  -9.2252635e-02   5.3955148e-02   1.4982833e-01  -4.8031574e-03  -2.0436027e-03   8.0510733e-04
  -8.2611209e-02   4.6673962e-02   1.5007293e-01  -4.8084562e-03  -2.1164536e-03   8.2957635e-04
  -8.4107517e-02   1.6956509e-02   1.6039181e-01  -4.7622732e-03  -2.4009494e-03   9.9119289e-04
  -8.3077253e-02   2.1157238e-02   1.6592818e-01  -4.5297081e-03  -2.5846605e-03   8.1112503e-04
  -9.4509404e-02   2.4470979e-02   1.4568010e-01  -4.8310661e-03  -2.7394566e-03   8.2299440e-04
  -9.3263078e-02   2.6811232e-02   1.5751366e-01  -4.7208335e-03  -2.8973088e-03   1.0316909e-03
  -9.8454718e-02   2.3565932e-02   1.7733752e-01  -5.0039059e-03  -2.5421469e-03   9.4678940e-04
  -9.2776813e-02   2.3044851e-02   1.7851218e-01  -5.3692132e-03  -2.6719048e-03   1.2166678e-03
  -1.0598504e-01   2.7803814e-02   2.0213270e-01  -5.3595471e-03  -2.3723907e-03   1.0894179e-03
  -1.1381610e-01   2.0094406e-02   2.1950081e-01  -5.7384758e-03  -2.3982517e-03   1.1107981e-03
  -1.1294132e-01   1.6468452e-02   2.3732216e-01  -5.5501571e-03  -2.7184877e-03   1.2050689e-03
  -1.1745937e-01   1.9830201e-02   2.3771242e-01  -5.8088762e-03  -2.4797667e-03   1.0826653e-03
  -1.1608176e-01   2.9744919e-02   2.1782106e-01  -5.4187784e-03  -2.5445818e-03   9.7759054e-04
  -1.2308000e-01   2.6399848e-02   2.2596070e-01  -5.6962794e-03  -2.5488098e-03   1.0260223e-03
  -1.3065695e-01   9.5793258e-03   2.4156968e-01  -5.6647672e-03  -2.3450912e-03   1.1417558e-03
  -1.3600304e-01   2.1182080e-02   2.2655345e-01  -5.9218768e-03  -2.0991313e-03   8.4333342e-04
  -1.3737892e-01   1.6507330e-02   2.2041951e-01  -5.8992676e-03  -2.4353796e-03   7.3785724e-04
  -1.4448600e-01   2.4284975e-02   2.3736643e-01  -6.1067107e-03  -2.4781681e-03   1.0398074e-03
  -1.3353116e-01   1.6910923e-02   2.3564729e-01  -5.9711661e-03  -2.6252397e-03   1.1686880e-03
  -1.2884409e-01  -3.2556761e-03   2.3236024e-01  -5.8845075e-03  -2.6292955e-03   1.2234474e-03
  -1.3513416e-01   2.3908822e-02   2.2025829e-01  -5.5457497e-03  -2.3305506e-03   1.0210109e-03
  -1.4199837e-01   2.4624629e-02   2.4396472e-01  -6.1484957e-03  -2.3307793e-03   8.9786562e-04
  -1.4453346e-01   1.9163195e-02   2.4875087e-01  -6.5984189e-03  -2.7509532e-03   7.3712679e-04
  -1.3855832e-01   3.7706805e-02   2.2530248e-01  -7.1940542e-03  -2.8091662e-03   9.3618875e-04
  -1.3502686e-01   2.6376425e-02   2.3401083e-01  -7.1159818e-03  -2.9602025e-03   9.7124981e-04
  -1.4196561e-01   1.7528048e-02   2.5345912e-01  -7.1149265e-03  -2.8683712e-03   9.6429154e-04
  -1.4686418e-01   2.7177446e-02   3.0982237e-01  -7.8173441e-03  -2.3555230e-03   9.0532351e-04
  -1.4643537e-01   3.5498318e-02   3.0838247e-01  -7.6869371e-03  -2.8223843e-03   7.5132466e-04
  -1.3737538e-01   3.6195400e-02   2.9760438e-01  -8.1827773e-03  -3.1478617e-03   9.1124127e-04
  -1.2469741e-01   3.3329073e-02   2.7454306e-01  -7.9902307e-03  -3.3066205e-03   8.3909298e-04
  -1.0842806e-01   3.8860472e-03   3.1665731e-01  -7.8400510e-03  -3.5926476e-03   5.2341788e-04
  -8.6951490e-02  -3.5335386e-02   3.4517116e-01  -7.7536910e-03  -3.7361057e-03   9.1816796e-04
  -9.6758804e-02  -2.5780239e-02   3.5238378e-01  -7.4755787e-03  -3.2872466e-03   9.6766648e-04
  -1.0702279e-01   1.7474195e-03   3.3648340e-01  -6.5157825e-03  -3.1152821e-03   8.9615438e-04
  -1.0948928e-01  -9.6907202e-03   3.4578724e-01  -6.4698231e-03  -3.3246234e-03   9.2763211e-04
  -1.2009748e-01   1.4258475e-03   3.3982009e-01  -6.4771852e-03  -3.1478394e-03   6.3866362e-04
  -1.1409754e-01  -9.0706246e-03   3.3955745e-01  -6.4977166e-03  -3.5936940e-03   7.4512668e-04
  -1.1093230e-01  -2.3364762e-03   3.2550681e-01  -6.7252933e-03  -3.5430673e-03   8.5072866e-04
  -1.1998416e-01  -1.3647555e-02   3.4621011e-01  -7.3136609e-03  -3.4741251e-03   8.6624937e-04
  -1.2513854e-01  -1.2627512e-02   3.6122604e-01  -7.1794132e-03  -3.6004610e-03   1.1314570e-03
  -1.2190762e-01   1.7164206e-03   3.8342558e-01  -7.2553581e-03  -3.7728074e-03   1.0979971e-03
  -1.0794186e-01   7.0402563e-03   3.8885877e-01  -7.5131232e-03  -4.2516220e-03   1.0653412e-03
  -1.1846158e-01  -3.8816213e-03   4.0629999e-01  -8.6739929e-03  -3.9232150e-03   1.2314854e-03
  -1.0367077e-01   7.4788038e-03   3.9363374e-01  -9.2470115e-03  -4.4051143e-03   1.2574692e-03
  -9.4279340e-02  -1.6153590e-02   3.8628123e-01  -8.7311567e-03  -4.3638070e-03   1.6205359e-03
  -1.0213124e-01  -1.5978102e-02   3.9949233e-01  -9.2758457e-03  -4.1283474e-03   1.2814854e-03
  -1.0178867e-01  -4.0729249e-03   4.0981632e-01  -9.4068311e-03  -4.4333082e-03   1.2491848e-03
  -1.1022453e-01  -1.2832625e-02   4.1104351e-01  -9.0479892e-03  -4.4484044e-03   1.6619684e-03
  -1.2565734e-01   1.7016165e-03   4.1274890e-01  -9.7293872e-03  -4.0810654e-03   1.2167402e-03
  -1.2989152e-01  -1.4321797e-02   4.5112660e-01  -1.0114970e-02  -4.2794436e-03   1.2883468e-03
  -1.3460652e-01  -6.9631248e-03   4.4158884e-01  -9.8648506e-03  -4.4683335e-03   1.5145010e-03
  -1.3562294e-01  -2.5158853e-02   4.5161887e-01  -9.7697568e-03  -4.2961329e-03   1.1415102e-03
  -1.3744172e-01  -1.9491230e-02   4.5362800e-01  -9.9102752e-03  -4.3554761e-03   1.0887676e-03
  -1.5129093e-01  -8.5085010e-03   4.5440628e-01  -1.0998673e-02  -3.8572429e-03   1.1794262e-03
  -1.4788636e-01  -7.4477570e-03   4.4603910e-01  -1.1096431e-02  -4.0015282e-03   1.0671533e-03
  -1.6414413e-01  -8.1804344e-03   4.4373897e-01  -1.0896325e-02  -3.9307746e-03   1.2412410e-03
  -1.5029669e-01  -2.1471458e-02   4.6227010e-01  -1.1249447e-02  -4.0534017e-03   1.4106859e-03
  -1.5958480e-01  -2.0460655e-02   4.6024020e-01  -1.1505901e-02  -4.0168335e-03   1.1970613e-03
  -1.7083936e-01  -2.0610728e-02   4.4521978e-01  -1.0752945e-02  -4.1140166e-03   8.2888567e-04
  -1.5724172e-01  -1.6151973e-02   4.4967020e-01  -1.1228171e-02  -4.3423970e-03   8.4494872e-04
  -1.7628418e-01  -1.0652814e-02   4.6913977e-01  -1.1071216e-02  -3.7447044e-03   1.1519944e-03
  -1.8254917e-01  -1.2003215e-02   4.8641014e-01  -1.1707104e-02  -3.6453279e-03   1.1765373e-03
  -1.6151459e-01   7.2146190e-03   5.1066004e-01  -1.2862119e-02  -4.0386944e-03   1.4977287e-03
  -1.5295337e-01  -8.0029969e-03   4.9465876e-01  -1.2351604e-02  -4.0068339e-03   1.7455601e-03
  -1.5531848e-01  -2.5374536e-02   5.0101514e-01  -1.2011575e-02  -3.6530622e-03   1.4972727e-03
  -1.5891368e-01  -1.8765585e-02   4.9517106e-01  -1.2082084e-02  -3.5862713e-03   1.6112176e-03
  -1.5060132e-01  -1.5006768e-02   5.1024248e-01  -1.2802105e-02  -3.5660373e-03   1.6344369e-03
  -1.4078955e-01  -6.7623247e-03   5.1730890e-01  -1.3166436e-02  -3.5846625e-03   1.7588473e-03
  -1.2355638e-01  -2.8146734e-02   5.0242971e-01  -1.2213954e-02  -3.8420894e-03   2.1598438e-03
  -1.3437260e-01  -2.5499433e-02   5.1588138e-01  -1.2831225e-02  -3.4361359e-03   2.0257233e-03
  -1.1516637e-01  -3.8592851e-02   5.1076484e-01  -1.2786186e-02  -3.6474225e-03   2.3594829e-03
  -1.1570918e-01  -2.9309702e-02   5.0578977e-01  -1.3218706e-02  -3.5749353e-03   2.4214238e-03
  -1.1006863e-01  -3.9657431e-02   5.3249539e-01  -1.3460021e-02  -3.7286608e-03   2.4392339e-03
  -1.1714601e-01  -2.1335807e-02   5.1140691e-01  -1.3837205e-02  -4.0182399e-03   2.3666844e-03
  -1.1933867e-01  -2.5642243e-02   5.1168829e-01  -1.3372884e-02  -3.7818589e-03   2.3201853e-03
  -1.2097714e-01  -3.9906904e-02   5.2964768e-01  -1.3664521e-02  -3.7627862e-03   2.4511650e-03
  -1.0589917e-01  -3.0804793e-02   4.9544384e-01  -1.3399772e-02  -3.6927715e-03   2.4814895e-03
  -1.0441568e-01  -6.3530732e-02   5.4135412e-01  -1.3944608e-02  -3.6223440e-03   2.4814610e-03
