   0.0000000e+00   0.0000000e+00   0.0000000e+00   0.0000000e+00   0.0000000e+00   0.0000000e+00
   4.8229307e-03   4.0269747e-02   5.0118728e-03  -1.1371434e-03  -8.5162682e-05  -2.5496028e-04
   9.5441368e-03  -2.4955406e-03   2.9050791e-04   1.3987097e-04  -1.7397636e-04  -2.3528330e-05
   1.5692835e-04   3.4837186e-02  -2.8842542e-02  -3.6923424e-05   7.6809123e-05  -2.9238419e-04
   6.0538815e-03   1.6022366e-02  -1.3187253e-03  -1.1462258e-03  -4.6355805e-04  -2.2630616e-04
   1.5255589e-02   2.9728714e-02  -3.0701693e-02  -2.4537074e-04  -2.9560021e-04  -4.2639281e-04
   8.9193823e-03   4.7202191e-02  -2.9987283e-02  -3.1772552e-04   9.0296847e-05  -5.2847124e-04
   3.0338986e-02  -6.0779979e-04  -4.2367441e-02  -7.9558259e-05  -1.0180070e-03  -2.6578123e-04
   2.1136940e-02   2.3936636e-02  -1.0149696e-02  -1.6282310e-03  -6.5383045e-04  -4.6858963e-04
   2.5291112e-02  -9.0177471e-03  -1.5124230e-02  -1.0764978e-03  -1.2530920e-03  -3.9023681e-04
   1.3600072e-02   1.5059111e-02  -7.9678082e-02  -3.6892917e-04  -7.5289350e-04  -5.7000468e-04
   3.2099340e-03  -1.1141014e-03  -4.1607956e-02  -8.4238478e-04  -5.5296175e-04  -6.2500858e-04
  -2.2044982e-03   1.7578826e-02   9.8633519e-03  -2.6355085e-03  -4.7539275e-04  -8.8967941e-04
   8.3774558e-04   1.4957750e-02   2.9925387e-03  -2.7636011e-03  -4.6524666e-04  -5.7384767e-04
  -6.2627498e-03  -3.2687008e-02   6.8860840e-02  -3.3494114e-03  -9.6459505e-04  -6.7447555e-04
  -2.3916485e-02  -9.5137758e-03   3.0232835e-03  -2.6020756e-03  -8.9532720e-04  -1.1824664e-03
  -2.3648211e-02  -2.6466399e-02   5.6476966e-02  -3.6757723e-03  -8.7297198e-04  -1.0910671e-03
  -3.9737416e-02  -3.2403635e-02   2.2616325e-02  -2.7130072e-03  -6.3619444e-04  -1.0542900e-03
  -5.2756357e-02   1.9925292e-02   2.1290042e-02  -4.1761945e-03   4.3868074e-05  -1.3523700e-03
  -6.2152390e-02  -9.4535670e-03   6.6200068e-02  -5.3048643e-03  -2.7165452e-04  -1.8365533e-03
  -5.7719638e-02  -3.5561541e-02   9.0606217e-02  -5.5149256e-03  -1.8073781e-04  -1.8092647e-03
  -4.5548886e-02  -3.4319569e-02   9.2780029e-02  -5.7378794e-03  -3.4782491e-04  -1.5350577e-03
  -4.4470209e-02  -6.6343160e-02   1.8855701e-01  -7.5101669e-03  -2.8710410e-04  -1.4447139e-03
  -3.5630344e-02  -4.8394716e-02   1.1479689e-01  -6.0968058e-03  -4.0578836e-04  -8.8073077e-04
  -4.3939779e-02  -8.1971561e-02   1.6953586e-01  -6.6609152e-03  -2.5390995e-04  -1.1280875e-03
  -3.8266675e-02  -5.1352214e-02   1.4072900e-01  -6.1288474e-03  -8.4170135e-04  -8.6961723e-04
  -3.4191281e-02  -3.8973619e-02   1.6476327e-01  -6.5918797e-03  -5.5556817e-04  -9.2812862e-04
  -3.7429786e-02  -3.6195248e-02   1.8727716e-01  -7.6359740e-03  -2.7524516e-04  -1.2073242e-03
  -3.7796229e-02  -4.4869343e-02   1.3656859e-01  -5.6463422e-03   2.6691927e-04  -9.9359938e-04
  -3.4373810e-02  -1.0247532e-01   1.6952165e-01  -5.3564289e-03  -7.5951952e-04  -9.5306108e-04
  -4.2276646e-02  -5.5114805e-02   1.8422032e-01  -6.6338671e-03  -5.0353586e-04  -1.3200123e-03
  -4.1308065e-02  -5.2792959e-02   1.6807861e-01  -6.5736099e-03   1.3940855e-05  -1.0349973e-03
  -3.8406960e-02  -7.3282452e-02   1.5927308e-01  -5.8859208e-03  -4.5538161e-04  -1.0497832e-03
  -3.3746805e-02  -2.8724650e-02   1.0437086e-01  -4.9306939e-03  -7.6570602e-04  -1.1195156e-03
  -2.6756219e-02  -5.9574251e-02   1.3705657e-01  -6.3555301e-03  -1.1250492e-03  -8.1200314e-04
  -4.6101942e-02  -2.0922994e-02   1.3102659e-01  -6.7530946e-03  -3.8835261e-04  -1.0844494e-03
  -3.3839625e-02  -3.4557444e-02   1.0517998e-01  -6.0527825e-03  -1.0491962e-03  -9.5909924e-04
  -4.0533508e-02  -4.9267195e-02   1.0918313e-01  -4.9226854e-03  -1.9412143e-04  -1.1020453e-03
  -4.8510466e-02  -2.3540944e-02   1.4592732e-01  -6.4233356e-03  -1.0485175e-04  -1.3029412e-03
  -4.8511308e-02  -2.8590123e-02   1.1279984e-01  -5.6741350e-03   2.1141946e-04  -1.2646603e-03
  -4.5400153e-02  -3.7869684e-02   1.1266892e-01  -5.6987329e-03   3.8535766e-05  -1.2391865e-03
  -4.5199549e-02  -3.7820698e-02   1.4665511e-01  -7.3821994e-03  -3.6250973e-04  -1.0677648e-03
  -6.1354152e-02  -1.7553663e-02   1.1525332e-01  -7.0337480e-03   3.7951410e-04  -1.2170290e-03
  -4.4502606e-02  -1.0469287e-01   1.4954242e-01  -6.3518682e-03  -3.9730654e-04  -9.9625372e-04
  -7.0617504e-02  -8.0179571e-02   1.4642031e-01  -7.0055013e-03   2.7082220e-05  -2.1021879e-03
  -6.7764106e-02  -8.3047596e-02   7.5447869e-02  -5.7024496e-03   5.0809731e-05  -1.4349221e-03
  -7.0162980e-02  -1.2910423e-01   1.7433659e-01  -7.7192673e-03   3.5352450e-04  -1.2230075e-03
  -5.9011713e-02  -6.6073637e-02   1.1907239e-01  -7.4091273e-03  -1.2270376e-04  -8.7718056e-04
  -5.5813676e-02  -6.4455923e-02   1.3988135e-01  -7.9402706e-03   2.2773274e-04  -9.2170891e-04
  -5.4946040e-02  -9.0180889e-02   1.1230165e-01  -6.6466654e-03  -2.7616543e-04  -1.0348717e-03
  -7.5465851e-02  -3.3933078e-02   1.0232003e-01  -7.9020440e-03   7.6400365e-05  -1.4634740e-03
  -7.7621838e-02  -4.9888259e-02   1.4765653e-01  -8.9220661e-03   1.0265792e-04  -1.4611108e-03
  -7.3562963e-02  -7.2182489e-02   1.4748637e-01  -8.5361231e-03  -2.1798082e-04  -1.4685484e-03
  -6.9120459e-02  -8.3573440e-02   1.6747257e-01  -8.6865283e-03   2.6670200e-05  -9.3549173e-04
  -5.8680077e-02  -1.3390697e-01   2.1341079e-01  -8.3115999e-03  -3.7108317e-04  -7.6614109e-04
  -6.3923033e-02  -7.4503250e-02   1.8552898e-01  -8.9993182e-03   3.1286089e-04  -7.8156056e-04
  -5.0838506e-02  -1.0999741e-01   2.2976569e-01  -9.1295126e-03  -5.3594020e-04  -9.1110547e-04
  -6.9741399e-02  -9.8508577e-02   1.9967987e-01  -7.5668470e-03  -1.1379386e-05  -7.5718767e-04
  -7.1107207e-02  -7.8322837e-02   1.3908375e-01  -6.6850218e-03  -5.6208457e-05  -7.9455003e-04
  -6.8592658e-02  -1.0683016e-01   1.7261841e-01  -6.8042385e-03  -3.2109173e-04  -7.8457967e-04
  -9.2950550e-02  -6.8158275e-02   1.4775731e-01  -7.3976107e-03   3.2185259e-04  -1.3397705e-03
  -8.1725519e-02  -9.0514139e-02   1.2547390e-01  -5.8364467e-03   5.8591577e-04  -8.1644838e-04
  -8.9931419e-02  -8.4715909e-02   2.0781261e-01  -9.0836761e-03   3.7104890e-04  -7.5804183e-04
  -1.0715413e-01  -6.0698513e-02   1.3209121e-01  -7.0467645e-03   8.6076866e-04  -9.1912929e-04
  -1.0524207e-01  -9.5689810e-02   1.3685565e-01  -7.1658112e-03   4.4400925e-04  -1.1042900e-03
  -1.1039789e-01  -7.8734369e-02   1.1380259e-01  -6.5103756e-03   9.1996352e-04  -9.6193063e-04
  -1.1995690e-01  -9.2355495e-02   1.4980820e-01  -7.6877669e-03   1.2157337e-03  -1.1265830e-03
  -1.2050984e-01  -1.6106846e-01   2.2756488e-01  -8.6925220e-03   3.8952185e-04  -1.2278955e-03
  -1.4616558e-01  -1.2433754e-01   1.6450390e-01  -7.5926729e-03   8.3174192e-04  -1.4606641e-03
  -1.4968837e-01  -1.5353936e-01   2.0090054e-01  -8.2131200e-03   6.6042523e-04  -1.3255233e-03
  -1.6712185e-01  -1.3868919e-01   2.3026028e-01  -9.3241367e-03   1.0935994e-03  -1.5427590e-03
  -1.6919478e-01  -1.2832597e-01   1.3953951e-01  -7.4451342e-03   1.1414571e-03  -1.6525447e-03
  -1.7254767e-01  -1.4987155e-01   2.3392951e-01  -9.7746642e-03   1.1579493e-03  -1.7898790e-03
  -1.9147729e-01  -1.0320404e-01   1.9089492e-01  -9.5131053e-03   1.9812284e-03  -1.6735676e-03
  -1.9582918e-01  -1.4951775e-01   1.9810431e-01  -9.8129381e-03   1.4109243e-03  -2.2771302e-03
  -1.7874698e-01  -1.3817609e-01   2.3111586e-01  -1.0484182e-02   1.1454319e-03  -1.9944780e-03
  -1.7247986e-01  -9.1609580e-02   1.4378871e-01  -8.7788594e-03   1.7609806e-03  -1.4567657e-03
  -1.7824102e-01  -1.5670608e-01   1.9166885e-01  -8.7665209e-03   1.3015616e-03  -1.6474489e-03
  -1.8808329e-01  -1.0680522e-01   2.0960681e-01  -1.0435756e-02   1.6857183e-03  -1.9012044e-03
  -1.5697722e-01  -1.7339165e-01   2.2810481e-01  -9.8852595e-03   8.1093995e-04  -1.3989866e-03
  -1.6792937e-01  -1.1745004e-01   1.8067821e-01  -9.1557065e-03   9.5336586e-04  -1.6505206e-03
  -1.7210902e-01  -1.3264457e-01   1.6559673e-01  -8.5603632e-03   1.1612643e-03  -1.6085955e-03
  -1.6693253e-01  -1.3939309e-01   2.0275782e-01  -9.8719842e-03   1.1740904e-03  -1.4825287e-03
  -1.7078093e-01  -1.5150927e-01   1.2324347e-01  -7.0996959e-03   1.3690531e-03  -1.6925266e-03
  -1.6172143e-01  -1.4982272e-01   1.6371542e-01  -8.4834012e-03   1.1088303e-03  -1.7046389e-03
  -1.6513482e-01  -1.0974802e-01   1.1661102e-01  -9.3350840e-03   1.0395842e-03  -1.8460221e-03
  -1.5713900e-01  -1.4922346e-01   1.5141514e-01  -1.0404021e-02   9.7307314e-04  -1.8663167e-03
  -1.5971212e-01  -1.2700043e-01   8.9692051e-02  -8.6846841e-03   8.4517180e-04  -1.7228161e-03
  -1.6240046e-01  -1.2551585e-01   7.4897422e-02  -8.7773132e-03   8.9245693e-04  -1.9480103e-03
  -1.5647245e-01  -1.2034042e-01   6.9300035e-02  -9.5613172e-03   9.0539303e-04  -1.8439776e-03
  -1.4504213e-01  -1.1786076e-01   2.7515282e-02  -8.9911745e-03   7.2808442e-05  -1.6647376e-03
  -1.5576147e-01  -1.4142121e-01   1.0831178e-01  -1.0265428e-02   8.9334221e-04  -1.8050954e-03
  -1.6910593e-01  -1.3306892e-01   1.0931868e-01  -1.0802022e-02   8.9974264e-04  -2.1366744e-03
  -1.4487191e-01  -1.7481641e-01   7.7159884e-02  -9.4774426e-03   1.0806451e-04  -1.8760435e-03
  -1.4237359e-01  -1.7316311e-01   1.3503251e-01  -1.0541997e-02  -2.9751466e-05  -1.8199535e-03
  -1.7368767e-01  -1.1518162e-01   7.2066499e-02  -9.5035662e-03   1.3185188e-03  -2.0928311e-03
  -1.7218267e-01  -1.6452812e-01   1.3503501e-01  -1.0167184e-02   1.1738610e-03  -2.1110466e-03
  -1.7904620e-01  -1.2656704e-01   6.4883375e-02  -9.4820293e-03   9.8314008e-04  -1.9990034e-03
  -1.7458792e-01  -1.3635661e-01   5.8304693e-02  -9.8309647e-03   1.1467417e-03  -1.9095325e-03
  -1.5975889e-01  -1.5648880e-01   8.9362052e-02  -9.7908468e-03   8.1336417e-04  -1.7759339e-03
  -1.6441619e-01  -1.2118985e-01   1.0678148e-01  -1.1219428e-02   1.4892627e-03  -1.8592711e-03
  -1.5273666e-01  -1.7787953e-01   9.7125940e-02  -1.0413980e-02   1.2761842e-03  -1.7343335e-03
  -1.6388216e-01  -1.5352198e-01   1.5334543e-01  -1.2815821e-02   5.6171145e-04  -2.0543513e-03
  -1.7182492e-01  -1.4748204e-01  -1.7608330e-02  -9.1035104e-03   1.3429741e-04  -1.8644650e-03
  -2.3429486e-01  -1.6018912e-01  -3.3005085e-02  -9.2674582e-03  -7.0757146e-04  -2.8336008e-03
  -2.4054693e-01  -1.2698979e-01  -7.7327769e-03  -1.0389279e-02   2.7097833e-04  -2.1740532e-03
  -2.0873454e-01  -2.0399095e-01   1.1901551e-02  -9.1032846e-03  -2.0134862e-04  -1.9146962e-03
  -2.2788257e-01  -1.2931004e-01  -8.3980880e-02  -8.3126393e-03  -2.2079176e-04  -2.3316047e-03
  -1.9701611e-01  -1.6739448e-01  -3.8095821e-02  -8.2835175e-03  -6.9888981e-05  -2.0420033e-03
  -1.9988584e-01  -1.0375340e-01  -5.1354393e-02  -8.7491584e-03   3.7462585e-04  -2.0738068e-03
  -1.8641804e-01  -1.4290868e-01  -3.0237928e-02  -9.6164412e-03   4.2965672e-04  -2.2694366e-03
  -1.8269170e-01  -1.2439349e-01  -2.1717961e-02  -1.0535737e-02   3.9769498e-04  -1.7982163e-03
  -1.9172770e-01  -1.5076345e-01  -4.5064162e-02  -9.9313176e-03   4.5851972e-04  -2.0261304e-03
  -1.9085370e-01  -1.5962731e-01   1.9436259e-02  -1.1766352e-02   8.0969840e-04  -2.2907019e-03
  -1.9826746e-01  -1.3842917e-01  -2.3806828e-02  -1.0817000e-02   9.8461253e-04  -2.1480997e-03
  -2.0569179e-01  -1.9390406e-01   5.5445028e-02  -1.2648523e-02   1.1302631e-03  -3.0918255e-03
  -1.9588571e-01  -1.8530582e-01   9.5188880e-02  -1.3638358e-02   1.4585247e-03  -3.0433340e-03
  -1.9131158e-01  -1.8922917e-01   1.0727877e-01  -1.4387436e-02   1.4794032e-03  -2.6408771e-03
  -1.8490579e-01  -2.0487478e-01   1.1494694e-01  -1.4618115e-02   1.3421409e-03  -1.9766413e-03
  -1.9272412e-01  -1.9552318e-01   1.3425578e-01  -1.4863248e-02   1.3618413e-03  -2.1888545e-03
