   0.0000000e+00   0.0000000e+00   0.0000000e+00   3.4694470e-18   0.0000000e+00   0.0000000e+00
   5.8406238e-02   2.9479856e-02  -1.5051394e-01  -2.0972683e-03  -1.0588378e-04   9.3159143e-04
   8.5541164e-02  -1.5841696e-02  -1.5797877e-01   1.4744754e-03  -6.5566955e-04   1.0891959e-03
   7.9755080e-02   1.0608679e-02  -1.3668729e-01   7.6066908e-04   5.2009705e-04   1.2504523e-03
   9.4894465e-02   1.6707770e-02  -9.0445918e-02   7.9285341e-04   9.4494189e-04   1.6561637e-03
   1.1744791e-01   1.0881464e-02  -4.7890103e-02   1.2450892e-03   6.2660205e-04   1.9432409e-03
   1.2174313e-01   2.8768719e-02  -3.3241318e-02   1.1065158e-03   7.3217543e-04   1.9717111e-03
   1.2303711e-01   3.3855230e-02  -3.0888480e-02   1.1161588e-03   9.5809892e-04   2.0948244e-03
   1.3239046e-01   3.3987160e-02   1.1180072e-03   9.0042617e-04   1.2280921e-03   2.0747133e-03
   1.4762184e-01   6.1074319e-02   4.2872623e-03   3.7769863e-04   1.4299681e-03   2.1861752e-03
   1.5184772e-01   5.3685946e-02   2.2415773e-02   7.6500914e-04   1.3741953e-03   2.4366073e-03
   1.5030160e-01   6.5668584e-02   4.9843272e-02   2.2169232e-04   1.7596270e-03   2.6474942e-03
   1.6063505e-01   6.1480900e-02   8.9294612e-02   1.5582706e-04   1.7613732e-03   2.7476061e-03
   1.5718434e-01   6.3824888e-02   8.2600803e-02  -9.2730491e-06   1.6737759e-03   2.8257472e-03
   1.6462972e-01   5.4258451e-02   8.8723306e-02   2.2107187e-04   1.4515707e-03   2.7938376e-03
   1.5280930e-01   5.4595358e-02   7.4431674e-02   5.9564019e-04   1.8276447e-03   2.8926551e-03
   1.5430869e-01   4.6167673e-02   1.1155135e-01   2.5678120e-04   1.9477242e-03   2.8940033e-03
   1.6311719e-01   5.0860707e-02   1.3104777e-01   2.6944715e-05   2.0071726e-03   3.0109368e-03
   1.7182198e-01   6.1380048e-02   1.4084533e-01   2.0341673e-05   2.0764226e-03   3.0081866e-03
   1.5907393e-01   5.3174495e-02   1.1558242e-01  -1.9399687e-04   2.2522802e-03   2.8053335e-03
   1.5955137e-01   7.0718945e-02   1.1403347e-01  -1.0137179e-03   2.3199169e-03   2.9364610e-03
   1.5646564e-01   7.5304395e-02   1.6738962e-01  -3.7271843e-03   1.7715791e-03   2.3641657e-03
   1.4381720e-01   9.4528471e-02   1.1806410e-01  -9.7496532e-04   2.2600553e-03   2.7101399e-03
   1.4889418e-01   7.3967573e-02   1.2718985e-01  -4.3221438e-04   2.2866371e-03   3.0277465e-03
   1.5466045e-01   7.0604444e-02   1.1612598e-01  -5.4444988e-04   2.3226047e-03   3.0342646e-03
   1.4678169e-01   9.6955650e-02   1.3076718e-01  -2.3599473e-03   2.7509407e-03   2.7896883e-03
   1.4140632e-01   8.0576770e-02   1.3827580e-01  -1.3011545e-03   3.0583739e-03   2.9088152e-03
   1.4828184e-01   7.2836597e-02   1.3515702e-01  -9.3886782e-04   2.5649061e-03   2.8063958e-03
   1.4978656e-01   7.6815098e-02   7.6371996e-02  -4.5072421e-04   2.7102362e-03   2.7875363e-03
   1.5034475e-01   6.0638154e-02   6.6671067e-02  -6.1018173e-04   2.7388757e-03   2.6856267e-03
   1.4428618e-01   5.8072525e-02   8.5910119e-02  -7.6840720e-04   2.7943213e-03   2.6749965e-03
   1.4444011e-01   4.0169308e-02   1.2093068e-01  -8.9748481e-04   2.9003946e-03   2.5990588e-03
   1.3571107e-01   6.3128693e-02   1.4135179e-01  -1.2100673e-03   3.2545318e-03   2.4815059e-03
   1.3545216e-01   6.8088942e-02   1.5257112e-01  -1.2806653e-03   3.1351649e-03   2.4179882e-03
   1.3739606e-01   7.3869485e-02   1.3327645e-01  -3.5810491e-03   3.0802451e-03   2.3352173e-03
   1.3420121e-01   7.4141819e-02   1.6203060e-01  -2.1949998e-03   3.2057627e-03   2.4260923e-03
   1.3284503e-01   7.6298654e-02   1.4181246e-01  -1.8007884e-03   3.2120717e-03   2.4895884e-03
   1.3528343e-01   7.0947906e-02   1.2771264e-01  -1.4202175e-03   3.2303470e-03   2.5683971e-03
   1.4561014e-01   6.2895152e-02   1.5491560e-01  -1.5812468e-03   3.3318274e-03   2.5806775e-03
   1.4850008e-01   4.8980229e-02   1.4730429e-01  -1.3356473e-03   3.2574631e-03   2.4419143e-03
   1.5504294e-01   6.5679545e-02   1.1755395e-01  -1.1911441e-03   3.3447574e-03   2.3316380e-03
   1.5407057e-01   4.2903370e-02   1.1073046e-01  -3.5939396e-04   3.5813904e-03   2.5154647e-03
   1.6255832e-01   4.7831382e-02   1.1622541e-01  -6.7178809e-04   3.2144274e-03   2.5915357e-03
   1.5971481e-01   3.6180082e-02   1.2064619e-01  -5.7103598e-04   3.2699620e-03   2.3230692e-03
   1.6098868e-01   3.4743869e-02   1.4095390e-01  -9.1162129e-04   3.3526901e-03   2.2593540e-03
   1.6646906e-01   3.9391346e-02   1.5274625e-01  -1.2399527e-03   3.1944600e-03   2.1115661e-03
   1.6086516e-01   4.2508961e-02   1.4423176e-01  -1.1291460e-03   3.1594730e-03   2.1318253e-03
   1.6180220e-01   3.9932999e-02   1.8502135e-01  -1.6097897e-03   3.3834181e-03   2.1755569e-03
   1.6345002e-01   3.7572642e-02   1.9694067e-01  -1.7236931e-03   3.5665662e-03   2.1256043e-03
   1.6091272e-01   3.2414672e-02   2.0544366e-01  -1.6101178e-03   3.4952154e-03   2.0992204e-03
   1.5744241e-01   4.4654792e-02   1.8325088e-01  -2.2585847e-03   3.3860776e-03   1.8102292e-03
   1.5770945e-01   4.2133253e-02   1.6983240e-01  -1.6821265e-03   3.3502028e-03   1.8121047e-03
   1.4693381e-01   3.2385715e-02   2.2062277e-01  -1.8621785e-03   3.7767102e-03   1.7086910e-03
   1.5080865e-01   2.7657237e-02   2.4236490e-01  -2.0061931e-03   3.8618749e-03   1.7921009e-03
   1.5415133e-01   2.9675478e-02   2.3536708e-01  -3.2062012e-03   3.6075300e-03   1.7029982e-03
   1.4566235e-01   2.8046566e-02   2.2276758e-01  -2.2059091e-03   3.8590509e-03   1.8912752e-03
   1.3095004e-01   3.2384564e-02   2.6597439e-01  -2.6195540e-03   4.3224909e-03   1.8636320e-03
   1.3984937e-01   1.7858408e-02   2.7757251e-01  -2.5731763e-03   3.8278050e-03   1.8564088e-03
   1.3419119e-01   9.0122728e-03   2.5125370e-01  -2.2727704e-03   4.0269818e-03   1.7275596e-03
   1.2687248e-01   2.9641454e-03   2.7075910e-01  -2.4088730e-03   4.2602434e-03   1.6633933e-03
   1.2930183e-01   2.9823986e-03   2.7058683e-01  -2.0247995e-03   4.2730830e-03   1.7300824e-03
   1.3019132e-01  -9.0289893e-03   2.7839133e-01  -1.8254570e-03   4.1846382e-03   1.3427513e-03
   1.3418980e-01  -1.1274047e-02   2.8449875e-01  -1.6560210e-03   4.1362703e-03   1.2057412e-03
   1.3800847e-01  -1.0663462e-02   2.8272943e-01  -1.7224959e-03   4.0375310e-03   1.0458921e-03
   1.4634358e-01  -1.2300176e-02   2.8441380e-01  -1.8112521e-03   3.8826237e-03   1.0781031e-03
   1.3822557e-01  -2.2210075e-02   2.8484415e-01  -1.4327567e-03   4.2828562e-03   1.0067208e-03
   1.3063709e-01  -2.7875145e-02   3.2994565e-01  -1.7861276e-03   4.3627734e-03   8.6803677e-04
   1.3674960e-01  -2.1022206e-02   3.1765672e-01  -1.7169597e-03   4.2158347e-03   8.4351166e-04
   1.2993006e-01  -1.7935458e-02   3.0876248e-01  -1.3692717e-03   4.1501939e-03   6.7459630e-04
   1.2657943e-01  -3.4905414e-02   3.4687912e-01  -1.2497021e-03   4.4633535e-03   7.5321365e-04
   1.2987721e-01  -4.1804436e-02   3.7211633e-01  -1.5780734e-03   4.0141965e-03   5.1992319e-04
   1.2467759e-01  -4.5827981e-02   3.7796007e-01  -1.2939850e-03   4.0433429e-03   2.9934813e-04
   1.2527522e-01  -4.6414827e-02   4.0058509e-01  -2.8340525e-03   4.0080009e-03   1.6451166e-04
   1.1931589e-01  -4.5276255e-02   3.7303441e-01  -1.0988032e-03   4.3297981e-03   3.0275841e-04
   1.2108418e-01  -3.7414039e-02   3.5266334e-01  -1.0711394e-03   4.3163366e-03   2.9237024e-04
   1.0829926e-01  -4.0427869e-02   3.7317931e-01  -1.3629693e-03   4.6047903e-03   2.5854311e-04
   1.1282305e-01  -5.8186031e-02   3.7308222e-01  -1.4077031e-03   4.5361301e-03  -3.5050932e-05
   1.1311361e-01  -5.9340702e-02   3.9343300e-01  -1.5864469e-03   4.9671845e-03   1.1723971e-04
   1.2005900e-01  -5.7218539e-02   3.9934685e-01  -1.6924906e-03   4.6713980e-03   3.4153575e-05
   1.1070208e-01  -4.9570514e-02   4.1374293e-01  -1.7506772e-03   4.6398690e-03  -6.0443645e-05
   1.1710235e-01  -5.6231698e-02   3.8654841e-01  -1.4508779e-03   4.5269835e-03  -9.1786672e-05
   1.1064488e-01  -5.9609825e-02   4.3157214e-01  -2.8285446e-03   4.7520274e-03  -2.8140097e-04
   1.1012976e-01  -6.6362133e-02   4.2754938e-01  -1.3118905e-03   4.5492395e-03  -5.7673935e-04
   1.0756603e-01  -6.0170201e-02   4.1778969e-01  -1.6975571e-03   4.5091536e-03  -8.0011701e-04
   1.1242811e-01  -6.5007961e-02   4.3926112e-01  -2.8745126e-03   4.2180381e-03  -1.4276083e-03
   1.0065103e-01  -5.8343928e-02   4.6082638e-01  -2.3633107e-03   4.7800680e-03  -1.2592331e-03
   1.1060260e-01  -5.8065584e-02   4.5417382e-01  -2.2967550e-03   4.7136976e-03  -1.2432745e-03
   1.1419995e-01  -6.5191424e-02   4.2053059e-01  -2.2069247e-03   4.7886978e-03  -1.4980684e-03
   1.2725191e-01  -7.0522281e-02   4.2716892e-01  -2.4096883e-03   4.5719173e-03  -1.3463437e-03
   1.1096838e-01  -6.7907479e-02   4.8027138e-01  -3.4436373e-03   4.8154043e-03  -1.3927986e-03
   1.1163542e-01  -5.4726166e-02   5.0820094e-01  -3.6256500e-03   4.8188877e-03  -1.2630006e-03
   1.1375886e-01  -5.0854003e-02   4.9439277e-01  -3.2182610e-03   4.7168726e-03  -1.4046917e-03
   1.1268035e-01  -4.7634063e-02   5.0258998e-01  -3.3419473e-03   4.5213024e-03  -1.4969950e-03
   1.0371797e-01  -6.3063328e-02   5.3773750e-01  -4.0571520e-03   4.5403748e-03  -1.5403684e-03
   1.0624266e-01  -5.0238484e-02   5.1969860e-01  -3.8117648e-03   4.3109040e-03  -1.6103579e-03
   1.0395139e-01  -7.8174353e-02   5.6524682e-01  -3.8668996e-03   4.3817100e-03  -1.7358233e-03
   1.1404642e-01  -7.2919054e-02   5.6048259e-01  -3.7765353e-03   3.9999385e-03  -1.8652357e-03
   1.0425338e-01  -8.1568939e-02   5.5051165e-01  -3.5578712e-03   4.2204738e-03  -2.0473763e-03
   1.0338133e-01  -7.3766100e-02   5.6308589e-01  -3.9853219e-03   4.2025634e-03  -1.9758780e-03
   1.0519546e-01  -6.2778262e-02   6.0929086e-01  -4.1817742e-03   4.2357181e-03  -1.8593948e-03
   9.6438444e-02  -5.7769264e-02   6.1660239e-01  -4.5775572e-03   4.2806606e-03  -2.0472124e-03
   1.0130882e-01  -7.4958891e-02   6.4428547e-01  -4.8705395e-03   4.0372582e-03  -2.2641217e-03
   8.8062805e-02  -6.7920120e-02   6.3553184e-01  -4.9405335e-03   4.1602620e-03  -2.4496605e-03
   7.6263325e-02  -7.2441800e-02   6.5716808e-01  -5.0680450e-03   4.1853200e-03  -2.5070076e-03
   7.1422035e-02  -8.1078319e-02   6.4257165e-01  -4.6798633e-03   3.9708882e-03  -2.6236736e-03
   6.5090792e-02  -9.9901231e-02   6.3801412e-01  -4.1500231e-03   3.5970438e-03  -2.9292971e-03
   3.9349800e-02  -1.0145713e-01   6.6351425e-01  -3.9099202e-03   3.6665291e-03  -3.4510305e-03
   4.1387671e-02  -1.1337301e-01   6.9247827e-01  -4.2561118e-03   3.2670746e-03  -3.4604469e-03
   2.3399797e-02  -1.0757605e-01   7.0953795e-01  -4.2716020e-03   3.3229029e-03  -3.7905835e-03
   2.0874888e-02  -1.0290734e-01   7.1458706e-01  -4.2440815e-03   3.1551497e-03  -3.9811134e-03
   2.2598947e-02  -1.1141558e-01   7.1219628e-01  -4.8504692e-03   3.3813892e-03  -4.0847657e-03
   3.0147632e-02  -1.3061465e-01   6.9952423e-01  -4.2781923e-03   2.8464714e-03  -4.2565289e-03
   6.1204521e-03  -1.1493720e-01   7.1685852e-01  -4.4015173e-03   3.0816299e-03  -4.2164350e-03
   1.4498315e-02  -1.1617195e-01   7.4681702e-01  -5.8154778e-03   2.9298722e-03  -4.4375195e-03
   9.7487888e-03  -1.3214208e-01   7.5100442e-01  -4.3600244e-03   2.8338205e-03  -4.6313994e-03
   9.4423258e-03  -1.3811328e-01   7.1775600e-01  -3.8906979e-03   2.6023596e-03  -4.8139001e-03
  -4.1541793e-03  -1.2922418e-01   7.3440767e-01  -4.3576543e-03   2.7854806e-03  -4.9087180e-03
  -2.6596753e-02  -1.4659467e-01   7.4738282e-01  -4.2762916e-03   2.8299292e-03  -5.4940511e-03
  -3.2134130e-02  -1.4957919e-01   7.6125063e-01  -4.4301890e-03   2.6829189e-03  -5.1994954e-03
  -4.5150203e-02  -1.3680799e-01   7.1814387e-01  -4.3406667e-03   2.6693891e-03  -5.1472968e-03
