   0.0000000e+00   0.0000000e+00   0.0000000e+00   8.6736174e-19   0.0000000e+00   0.0000000e+00
  -3.3431451e-03  -5.4637165e-02   1.2181003e-01   7.3896171e-04   2.3258352e-04  -1.4491389e-04
   6.1914968e-03  -1.3771766e-02   3.1666455e-02   6.2129426e-04   2.6561013e-04   2.5068576e-04
  -1.0871604e-02  -6.8573542e-02   1.1505335e-01   1.0415314e-03   3.0088767e-04  -5.2754933e-05
  -2.3039488e-04  -1.4385732e-02   5.7128507e-03  -1.2677683e-04  -1.4638847e-04   2.0747650e-04
   7.1184799e-03  -7.1535089e-02   5.5339024e-02   1.2609473e-03   8.5701838e-05   3.2284025e-04
   9.6153476e-03  -2.4421582e-02  -2.1909336e-02   1.1136959e-03   2.6221737e-04   4.4687765e-04
   8.1169423e-03  -1.0727049e-01   1.5545104e-01   1.7935376e-03   1.2776554e-04   2.8361765e-04
   7.0765351e-03  -6.0804687e-02   4.2789468e-02   1.4456298e-03   2.4020877e-04   4.4967064e-04
   1.2747637e-02  -9.6898068e-02   8.4770807e-02   2.2370242e-03   1.8168141e-04   4.5759861e-04
   1.7372696e-02  -8.5905485e-02   9.4125690e-02   2.1686148e-03   2.4288445e-04   5.6898033e-04
   3.0610921e-02  -6.0492696e-02  -1.0359450e-05   1.7484484e-03  -1.4097821e-04   7.2707576e-04
   2.4281616e-02  -8.1488997e-02   2.4326002e-02   2.2821805e-03  -7.5308887e-05   7.3861811e-04
   2.0116644e-02  -7.3760199e-02   1.9417920e-02   2.0323302e-03  -1.0110584e-04   8.2607090e-04
   1.2452668e-02  -1.0136106e-01   6.5088724e-02   2.4447926e-03   2.5654936e-05   9.1065277e-04
   1.2082006e-02  -9.1659291e-02   1.0991184e-01   2.4370359e-03   1.6884899e-04   8.9497153e-04
   3.8822845e-02  -7.3957021e-02   6.0542020e-02   2.1233879e-03  -3.6029700e-04   8.3147983e-04
   4.0500163e-02  -6.5155769e-02   2.9306357e-02   2.2129571e-03  -4.0104198e-04   1.0339009e-03
   3.0818510e-02  -8.7066950e-02   9.5757535e-02   2.6104704e-03  -2.2762369e-04   8.7760953e-04
   3.4475568e-02  -9.3682807e-02   1.0882756e-01   2.6837731e-03  -2.6204002e-04   9.7978493e-04
   2.8120352e-02  -1.0005214e-01   1.1242615e-01   2.8917363e-03  -2.3050435e-04   9.7308562e-04
   3.7217393e-02  -9.1631747e-02   5.6388160e-02   2.8893676e-03  -2.4345032e-04   1.1737779e-03
   2.4466196e-02  -1.0881369e-01   1.0322961e-01   3.2107497e-03  -1.7352505e-04   1.0089686e-03
   2.0040007e-02  -1.1495735e-01   1.1508609e-01   3.3821815e-03  -1.6108558e-04   7.0430820e-04
   3.4447743e-02  -1.1930292e-01   1.0506825e-01   3.1476785e-03  -3.1399853e-04   7.0189702e-04
   4.6485525e-02  -1.3224153e-01   1.1070079e-01   3.1396437e-03  -4.7940826e-04   7.0785852e-04
   4.1738746e-02  -1.5300464e-01   1.1012486e-01   2.6050802e-03  -5.4492693e-04   5.8656900e-04
   3.3708463e-02  -1.6874795e-01   9.2044782e-02   2.6151549e-03  -4.8121753e-04   3.8366531e-04
   3.1967285e-02  -1.3646644e-01   4.3694486e-02   2.4756864e-03  -4.5659170e-04   7.2564741e-04
   2.6721046e-02  -1.7359977e-01   8.8647287e-02   2.8095284e-03  -5.5332760e-04   6.8339306e-04
   3.1912638e-02  -1.4961570e-01  -8.6076819e-03   2.6450654e-03  -4.8741758e-04   1.0980494e-03
   1.6378401e-02  -1.8811742e-01   1.3127761e-01   2.6929614e-03  -3.1554151e-04   9.1968973e-04
   2.3884645e-02  -1.8735042e-01   7.8296213e-02   2.7388285e-03  -4.3855284e-04   1.0835278e-03
   3.6463530e-02  -2.2041476e-01   1.0461376e-01   2.7659678e-03  -5.2401784e-04   1.2078198e-03
   2.4191545e-02  -2.3855862e-01   1.5011818e-01   2.8456724e-03  -3.8264025e-04   1.2118268e-03
   3.4139008e-02  -2.0807652e-01   8.8307657e-02   2.6311269e-03  -4.8461457e-04   1.3998652e-03
   3.1746067e-02  -2.4045427e-01   7.6753179e-02   3.2148993e-03  -5.1814917e-04   1.2680228e-03
   2.3297670e-02  -2.2694078e-01   1.2425348e-01   2.8728832e-03  -4.4410507e-04   1.1467176e-03
   3.9678880e-02  -2.1937644e-01   6.0903061e-02   3.3193181e-03  -8.4962931e-04   1.3811142e-03
   3.1471775e-02  -2.5530728e-01   1.2845020e-01   3.3995148e-03  -7.9395523e-04   1.2896305e-03
   3.2340569e-02  -2.3756774e-01   1.1748583e-01   3.2880325e-03  -7.5528227e-04   1.2180474e-03
   3.9219754e-02  -2.2839379e-01   7.8685028e-02   3.0338208e-03  -8.2324916e-04   1.2594735e-03
   5.4523479e-02  -1.9930948e-01   1.6651477e-02   2.8715821e-03  -7.8708881e-04   1.6505519e-03
   6.0104097e-02  -2.1029215e-01   2.1925407e-02   3.3077193e-03  -8.9314199e-04   1.6558314e-03
   5.3122897e-02  -2.3255328e-01   6.6434497e-02   3.4812820e-03  -8.3125893e-04   1.4904871e-03
   5.6368149e-02  -2.2356681e-01   1.0775830e-01   3.3380051e-03  -9.2819070e-04   1.4537157e-03
   5.6367275e-02  -2.3783240e-01   8.9453859e-02   3.7773284e-03  -1.0573972e-03   1.5191531e-03
   4.7533257e-02  -2.5502400e-01   6.4677548e-02   3.8758761e-03  -1.2269877e-03   1.2740660e-03
   5.2560190e-02  -2.5490358e-01   6.0673178e-02   4.3033960e-03  -1.2262322e-03   1.2180376e-03
   3.0989851e-02  -2.7501964e-01   1.1529037e-01   4.7903236e-03  -7.9026941e-04   8.2815702e-04
   3.1323358e-02  -2.7243772e-01   1.7322547e-01   5.1131391e-03  -9.1184037e-04   7.1857074e-04
   5.1329317e-02  -2.6615095e-01   2.0066598e-01   4.8684511e-03  -1.0964419e-03   6.2420743e-04
   1.1333694e-01  -2.7367491e-01   2.2778225e-01   3.5069196e-03  -1.6794765e-03   8.0865487e-04
   1.1585064e-01  -2.5743430e-01   2.1817923e-01   2.2607125e-03  -2.2000138e-03  -2.3128911e-04
   9.7277685e-02  -2.3058514e-01   1.6184195e-01   2.3346137e-03  -2.5185771e-03  -8.8865283e-04
   9.3176487e-02  -2.5798422e-01   1.4971688e-01   3.0190126e-03  -2.6347259e-03  -7.8213056e-04
   9.0115772e-02  -2.9678831e-01   2.5555003e-01   3.2957322e-03  -2.6395588e-03  -7.4904022e-04
   9.8013755e-02  -3.1991358e-01   2.3500076e-01   3.5572789e-03  -2.6853685e-03  -4.9012816e-04
   1.0251835e-01  -3.2686189e-01   1.7779371e-01   4.0966675e-03  -2.6769499e-03  -3.9450030e-04
   8.5321547e-02  -3.4172380e-01   2.6420969e-01   4.5200065e-03  -2.3996366e-03  -5.0648785e-04
   8.8185309e-02  -3.3204571e-01   2.0400929e-01   4.3843448e-03  -2.5497789e-03  -8.9996948e-04
   9.7458413e-02  -3.4128766e-01   1.9364097e-01   4.0344263e-03  -2.9018348e-03  -8.7834889e-04
   1.0104594e-01  -3.4119661e-01   1.2154324e-01   3.9055914e-03  -3.0253595e-03  -8.4548740e-04
   9.5214296e-02  -3.4064291e-01   1.7696949e-01   3.8539407e-03  -2.7322890e-03  -7.8084501e-04
   9.1843820e-02  -3.1291408e-01   1.2999923e-01   3.2454670e-03  -2.7670302e-03  -6.6654019e-04
   9.7263594e-02  -3.2767194e-01   7.2856495e-02   4.0527605e-03  -2.6029668e-03  -2.6945878e-04
   1.2512844e-01  -2.9977861e-01  -1.3964175e-01   3.7071454e-03  -2.6281256e-03  -1.4629945e-04
   9.1396048e-02  -3.2697887e-01  -2.3872754e-02   3.1538512e-03  -2.4835840e-03  -3.5319542e-04
   8.4031794e-02  -3.3838944e-01   6.2137559e-02   3.1183196e-03  -2.2667974e-03  -3.4944582e-04
   8.3985052e-02  -3.3941740e-01   5.7614759e-02   3.1927308e-03  -2.1255716e-03  -5.4445769e-04
   7.8960129e-02  -3.3875270e-01   5.3450789e-02   3.1613378e-03  -2.2522441e-03  -1.0829013e-03
   9.6035077e-02  -3.3455539e-01   5.7412312e-02   3.2476046e-03  -2.2968428e-03  -7.1666502e-04
   1.0094751e-01  -3.3542516e-01   9.6313468e-02   3.3532372e-03  -2.4370500e-03  -4.1012747e-04
   1.4403424e-01  -3.6722198e-01  -7.0081590e-02   2.1182011e-03  -2.1489482e-03   3.5600208e-04
   1.3130877e-01  -3.8758740e-01  -3.2209537e-02  -1.4729356e-04  -2.1384814e-03  -2.4123917e-04
   7.7742307e-02  -3.3966069e-01  -4.0350723e-02  -8.7658518e-05  -2.0997619e-03  -9.1288731e-04
   4.9686067e-02  -3.5867251e-01   4.1411244e-03   8.9089433e-04  -2.0258126e-03  -1.3004823e-03
   6.9784890e-02  -3.3600940e-01  -4.5586942e-02   8.7932166e-04  -2.2673162e-03  -1.4407622e-03
   6.4080066e-02  -3.6846462e-01   6.8888832e-03   1.3337577e-03  -2.4704009e-03  -1.6845856e-03
   6.6881262e-02  -3.5484291e-01  -2.4764729e-02   1.4032602e-03  -2.3760738e-03  -1.6596492e-03
   7.4583263e-02  -3.4575515e-01  -1.4386618e-02   1.6014479e-03  -2.5169075e-03  -1.5720454e-03
   8.6354350e-02  -3.4035245e-01  -8.6775835e-02   8.4660339e-04  -2.5086943e-03  -1.2934878e-03
   9.8519067e-02  -3.3533184e-01  -2.7320484e-02   4.4660556e-05  -2.7004349e-03  -1.5628604e-03
   6.9490365e-02  -3.2447583e-01   7.5730127e-02  -6.6622998e-04  -2.9676547e-03  -2.0985319e-03
   5.2187478e-02  -3.0272450e-01  -1.1544126e-02  -5.8852158e-04  -3.0201749e-03  -2.2767166e-03
   6.2310802e-02  -3.2917865e-01   1.1558502e-02  -1.5151570e-06  -3.0991996e-03  -2.1330152e-03
   5.9036688e-02  -3.2195907e-01   2.6791243e-02   4.3008419e-04  -3.2743818e-03  -2.1637816e-03
   5.5477882e-02  -3.2088765e-01   9.9717826e-02   2.5023667e-04  -3.2281550e-03  -2.0529292e-03
   4.9619592e-02  -3.0859029e-01   1.2254948e-01  -5.6918479e-05  -3.1031981e-03  -1.9355079e-03
   4.3335047e-02  -3.0749912e-01   6.7946360e-02  -1.9514325e-04  -3.0212841e-03  -1.9911530e-03
   5.1292503e-02  -3.1898881e-01   1.0630878e-01  -5.7443891e-04  -2.4962904e-03  -1.8678713e-03
   7.2661613e-02  -2.9711520e-01   1.1068719e-01  -1.6711514e-03  -2.9477992e-03  -2.0759621e-03
   4.3688442e-02  -3.1810810e-01   3.7941929e-02  -1.3908212e-03  -2.5229304e-03  -2.5023831e-03
   3.1531470e-02  -3.6119980e-01   4.5771211e-02  -6.2889343e-04  -2.4914581e-03  -2.5506192e-03
   4.4991117e-02  -3.8949650e-01   1.1504677e-01  -5.5238574e-04  -2.4799603e-03  -2.2347201e-03
   5.5269732e-02  -3.7807248e-01   5.4354030e-02  -2.9639705e-04  -2.6260653e-03  -2.1369800e-03
   6.2435963e-02  -3.7062863e-01   7.0808302e-02  -7.7477470e-06  -2.8926835e-03  -1.9993196e-03
   8.2275972e-02  -3.5947596e-01   1.7285913e-01  -3.1439693e-04  -2.7916130e-03  -1.5742257e-03
   1.0644214e-01  -3.2847405e-01   2.0234955e-01  -1.1554501e-04  -2.8768316e-03  -1.3586445e-03
   1.0406326e-01  -3.1597658e-01   1.7150167e-01  -1.0485484e-03  -3.5468121e-03  -1.5754884e-03
   9.3956878e-02  -3.0707905e-01   1.7742400e-01  -7.9752588e-04  -3.6106309e-03  -1.4931793e-03
   7.3520926e-02  -2.8905639e-01   1.4346541e-01  -1.0011189e-03  -3.2082052e-03  -1.8146192e-03
   7.9115291e-02  -3.2772440e-01   1.9597217e-01  -1.2103162e-03  -3.2768167e-03  -1.6222598e-03
   7.5285872e-02  -3.3430355e-01   2.3122368e-01  -8.6594617e-04  -3.0471809e-03  -1.4770603e-03
   6.5163504e-02  -3.3090636e-01   2.1894438e-01  -1.0117081e-03  -2.9897609e-03  -1.5682723e-03
   5.4817768e-02  -3.5892993e-01   2.5418521e-01  -4.0833793e-04  -2.7580453e-03  -1.7743949e-03
   4.6968249e-02  -3.2608905e-01   2.1387391e-01  -7.2537667e-04  -2.7663989e-03  -1.7452422e-03
   5.7505426e-02  -3.1916607e-01   1.7399792e-01  -1.3063069e-03  -3.0754017e-03  -1.8535641e-03
   5.2510298e-02  -3.4105627e-01   2.2174916e-01  -1.7620245e-03  -3.0914970e-03  -2.0787691e-03
   4.7665912e-02  -3.7889881e-01   2.6354718e-01  -1.8117348e-03  -3.2694919e-03  -2.2759128e-03
   5.1193253e-02  -4.2061809e-01   2.1491159e-01  -1.4433068e-03  -3.5791865e-03  -2.4685450e-03
   5.7977842e-02  -4.2917240e-01   2.0022026e-01  -1.1063474e-03  -3.4133023e-03  -2.2143289e-03
   5.7270824e-02  -4.6026944e-01   2.8654571e-01  -9.9106459e-04  -3.4720208e-03  -2.1680027e-03
   5.4882790e-02  -4.5056230e-01   2.3717494e-01  -8.4887054e-04  -3.4844402e-03  -2.2683678e-03
   5.2737515e-02  -4.2940376e-01   2.0531388e-01  -8.8065193e-04  -3.4399628e-03  -2.0023043e-03
   6.5913705e-02  -4.0366159e-01   2.0858623e-01  -1.1730095e-03  -3.3148851e-03  -1.5935824e-03
   7.1202119e-02  -4.0830264e-01   2.4488221e-01  -1.7078821e-03  -3.1765871e-03  -1.5467009e-03
   4.6702840e-02  -3.9599601e-01   2.6749839e-01  -1.5367377e-03  -3.0210971e-03  -1.6214792e-03
   2.2827838e-02  -3.5207760e-01   2.5666831e-01  -2.3545765e-03  -2.3876240e-03  -1.9654720e-03
   3.6672637e-02  -3.6116302e-01   2.4350818e-01  -2.0710289e-03  -2.8206890e-03  -2.0304165e-03
