   0.0000000e+00   0.0000000e+00   0.0000000e+00  -4.9784122e-60   7.3151193e-99  -1.4693679e-39
  -8.8988019e-03   6.3323750e-03   5.8198914e-03  -2.2344553e-04   2.8825796e-04  -1.2052358e-05
  -9.0888157e-03  -1.2795282e-02   6.9362324e-02  -1.4119690e-04   2.1090456e-04  -5.4428505e-05
  -3.7521617e-02   6.3107343e-02   1.6462956e-01  -1.9276746e-03   1.2788635e-05  -7.6103104e-05
   5.9998534e-03  -1.3527969e-02   1.7379264e-01   1.2396030e-03  -4.2090649e-03  -2.5983647e-04
  -1.7889009e-02  -1.1556408e-03   1.7419142e-01   4.1943436e-04  -3.4228672e-03  -2.5147087e-04
  -4.1707288e-02  -7.5383854e-02   4.6755020e-01   4.9047076e-03  -3.4506908e-03  -6.5198380e-04
  -7.2095477e-02  -2.1211810e-01   2.6342915e-01   8.9997940e-03  -4.7589591e-03  -1.2858052e-03
  -8.8066157e-02  -2.2008169e-01   6.8214815e-01   5.9110576e-03  -3.1222264e-03  -1.2914829e-03
  -9.6328435e-02  -3.0389192e-01   3.8572335e-01   8.0715938e-03  -2.7613861e-03  -9.9991174e-04
  -6.6250242e-02  -6.0822811e-02   2.5421334e-02   7.0518745e-03  -4.4833020e-03  -1.1522970e-03
  -5.2787452e-02  -6.3435774e-02   1.0024541e-01   7.1465845e-03  -4.7450001e-03  -1.1455671e-03
  -3.7895494e-02  -4.3228704e-02   8.3720994e-02   6.5852206e-03  -4.9542443e-03  -8.7655803e-04
  -5.4513784e-02  -7.6837225e-02   1.8033478e-01   6.9990497e-03  -4.8414864e-03  -8.3683717e-04
  -5.3166306e-02  -9.0755534e-02   1.2498752e-01   6.7765354e-03  -4.0257249e-03  -7.0544709e-04
  -4.7541049e-02  -7.2752022e-02   1.4928201e-01   6.4767668e-03  -4.3280924e-03  -6.5176349e-04
  -6.4624948e-02  -9.8798270e-02   1.9733473e-01   4.8259434e-03  -3.5354982e-03  -1.0144543e-03
  -4.9990293e-02  -3.3080631e-02   1.3576177e-01   4.7824019e-03  -4.2616158e-03  -7.5028931e-04
  -5.5686219e-02  -4.2079417e-02   1.4172634e-01   3.3922791e-03  -3.8361745e-03  -1.4141413e-03
  -3.2774500e-02  -1.1730607e-01   3.4044693e-01   7.5616765e-03  -5.8142001e-03  -7.5584927e-04
  -4.6703270e-02  -6.9887267e-02   2.9304990e-01   5.0850649e-03  -5.8839486e-03  -1.6871885e-03
  -5.0771122e-02  -2.9860566e-02   3.2465969e-01   3.6250110e-03  -5.3044154e-03  -1.4235055e-03
  -6.0719824e-02  -3.8778401e-02   3.8689354e-01   3.2614379e-03  -5.2638281e-03  -1.2171270e-03
  -6.2287814e-02  -5.3095077e-02   3.9265653e-01   3.1657641e-03  -4.8639832e-03  -1.3293417e-03
  -5.8730673e-02  -5.9984558e-02   3.9034507e-01   3.4637434e-03  -4.9146557e-03  -1.3416084e-03
  -5.8443002e-02  -3.7643786e-02   3.5847308e-01   3.2374788e-03  -4.6865206e-03  -1.3229215e-03
  -7.0848866e-02  -5.8467117e-02   4.2934397e-01   3.1442376e-03  -4.1963160e-03  -1.2713786e-03
  -5.9565304e-02  -4.2583185e-02   2.5859366e-01   2.4827094e-03  -4.3625115e-03  -1.3785225e-03
  -5.7743114e-02  -8.5158153e-03   3.1946882e-01   1.5652286e-03  -4.3170371e-03  -1.5893400e-03
  -6.2244191e-02   5.6505488e-02   3.0306175e-01   1.5612320e-03  -4.1724567e-03  -1.4140668e-03
  -1.9206975e-02   1.6563887e-02   2.5483324e-01  -9.1525127e-04  -4.0899206e-03  -1.0504782e-03
  -6.0496732e-02   4.1670622e-02   4.4389753e-01  -1.8809727e-03  -3.8872073e-03  -1.6113341e-03
  -4.2913218e-02   4.9775411e-02   3.7345295e-01  -2.1359508e-03  -2.8175528e-03  -9.6934742e-04
  -6.0937480e-02   5.5617562e-02   3.7715328e-01  -1.8536028e-03  -2.2688739e-03  -1.2817137e-03
  -2.4347522e-02   4.5474310e-02   2.8307969e-01  -1.7777672e-03  -2.3492712e-03  -9.3042567e-04
  -4.3813679e-02   6.0210558e-02   3.4010824e-01  -1.6215700e-03  -2.2566036e-03  -9.1017012e-04
  -9.5729262e-03   1.0400027e-01   2.4021640e-01   1.1355803e-03  -2.6622352e-03  -3.7510496e-04
  -3.9123709e-03  -3.9859640e-02   1.5731375e-01   1.0679837e-03  -2.4369315e-03  -6.5773687e-04
  -1.3739224e-02   4.7264777e-02   2.3115525e-01  -1.8550993e-03  -1.9503814e-03  -7.3052328e-04
  -1.1976421e-02   7.0595739e-02   2.4641073e-01  -1.5810923e-03  -1.8840479e-03  -6.1748965e-04
  -3.2063091e-02   2.7273837e-02   2.2527144e-01  -8.4557531e-04  -2.1994918e-03  -4.5444784e-04
   1.4568234e-02   1.4608931e-01  -7.5373802e-02  -4.3320988e-03  -4.5487025e-03  -5.5847651e-04
  -5.3272593e-02   8.1685672e-02   4.3180252e-01  -6.3153800e-03  -2.4197547e-03  -1.4611944e-03
  -6.0755051e-02   1.3665631e-01   4.0822362e-01  -7.8266343e-03  -2.6243554e-03  -1.6178985e-03
  -4.6054347e-02   1.0697649e-01   4.1235609e-01  -6.5705531e-03  -2.9583319e-03  -1.5562101e-03
  -3.4383944e-02   8.5193895e-02   4.3781987e-01  -6.4831222e-03  -3.0085950e-03  -1.4212789e-03
  -3.4378499e-02   7.6862346e-02   4.5670765e-01  -6.6305714e-03  -3.1515155e-03  -1.3554528e-03
  -2.8087163e-02   9.0249704e-02   4.2013026e-01  -6.6547967e-03  -3.0999253e-03  -1.1262417e-03
  -2.9549964e-02   1.0065801e-01   3.9450698e-01  -6.5547268e-03  -3.0178372e-03  -1.2789989e-03
  -3.2206599e-02   1.0988283e-01   3.9536679e-01  -6.7160480e-03  -2.9636885e-03  -1.2539014e-03
  -1.9020754e-02   8.0781928e-02   3.9807925e-01  -5.8874516e-03  -3.4958848e-03  -1.2134052e-03
  -2.3323103e-02   6.7015636e-02   3.9390237e-01  -5.5929543e-03  -3.6463873e-03  -1.3160785e-03
  -3.4283341e-02   7.8054380e-02   3.9337574e-01  -5.8732545e-03  -3.4825051e-03  -1.3402572e-03
  -4.0761541e-02   9.7671746e-02   3.2510223e-01  -6.2186634e-03  -3.5597665e-03  -1.4972653e-03
  -3.8654851e-02   8.6218517e-02   2.0509426e-01  -5.8616732e-03  -3.8004271e-03  -1.6766493e-03
  -3.8892180e-02   1.3432450e-01   9.8374079e-02  -5.8566650e-03  -3.5758034e-03  -1.6276894e-03
  -8.1453934e-03   9.5904922e-02   5.9171914e-02  -6.0857659e-03  -3.6466052e-03  -1.5962577e-03
  -3.8956351e-02   1.5566703e-01   2.3189530e-01  -6.2516389e-03  -3.0239311e-03  -1.9306624e-03
  -3.0651893e-03   1.3258510e-01   2.0709939e-01  -7.8329850e-03  -2.7724595e-03  -1.5890793e-03
  -1.4775724e-02   1.2343772e-01   1.5340276e-01  -5.7186729e-03  -2.9917382e-03  -1.3594635e-03
   7.8094023e-02   1.4100669e-01   2.5751158e-01  -8.0551186e-03  -2.9530096e-03  -1.5196353e-04
   7.6985636e-02   1.5436339e-01   2.4365329e-01  -6.7358889e-03  -3.0290553e-03   3.7645115e-04
   1.0341217e-01   1.4618550e-01   1.5261279e-01  -7.8871688e-03  -2.7692558e-03   8.6253724e-04
   7.6409105e-02   1.6127393e-01   2.7696461e-01  -8.0375126e-03  -3.2856466e-03   8.3974526e-04
   8.9154521e-02   1.3462009e-01   1.8802992e-01  -7.7485035e-03  -3.6434057e-03   7.1080652e-04
   4.8238079e-02   1.6829756e-01   1.8120929e-01  -7.1486266e-03  -4.0616482e-03   2.9952906e-04
   5.8316145e-02   1.6701565e-01   1.9768991e-02  -7.0413851e-03  -3.7893668e-03   4.6375970e-04
   3.0614977e-02   1.5691666e-01   3.3397677e-01  -8.1928811e-03  -5.1024424e-03   2.4666719e-04
   6.2293951e-02   1.3468056e-01   2.4405518e-01  -6.8381615e-03  -5.7851071e-03   5.1086488e-04
   1.7359461e-02   9.9538838e-02   5.1526792e-01  -7.7233628e-03  -5.5401336e-03  -1.0870911e-04
  -4.6647404e-02   8.7576538e-02   1.0151992e-01  -6.6990498e-03  -2.6738458e-03  -8.1283357e-04
  -3.4014539e-02   5.9050166e-02   1.5181563e-01   1.5509839e-03  -3.5354267e-03  -7.9604769e-04
  -5.4065778e-02  -9.1955324e-01   1.0492304e+00   3.0028406e-02  -1.0980763e-02   2.6719976e-03
  -5.4243812e-02  -3.2199618e-01   2.1804359e-01   1.5927755e-02  -9.9195770e-03   4.4906034e-04
  -4.1571763e-02  -7.6885393e-02   2.0053771e-01   6.5707503e-03  -9.5378050e-03  -4.0874189e-04
  -4.1687055e-02  -2.3960190e-02   2.6183723e-01   4.8527576e-03  -9.0248496e-03  -2.8062621e-04
  -1.3491757e-02  -6.5756862e-02   3.0607165e-01   5.2350185e-03  -9.4291036e-03   1.7350540e-04
  -1.0669788e-02  -1.1539002e-01   3.0400495e-01   7.4745635e-03  -9.4302275e-03   5.7851935e-04
   1.3861864e-02  -2.0509224e-01   1.9287065e-01   9.9186351e-03  -1.0046903e-02   7.2375982e-04
   2.1238394e-02  -8.5868792e-02   1.3360967e-01   5.5002276e-03  -8.1444960e-03   8.9195005e-04
   5.6262192e-03  -1.1361724e-01  -3.1499751e-02   7.8708566e-03  -5.2434963e-03   8.3856140e-04
   2.2424766e-02  -8.6389905e-02   1.6205880e-02   7.3377006e-03  -4.8771244e-03   1.0182143e-03
   2.0410558e-02  -7.5027334e-02  -3.8888246e-02   5.7959701e-03  -4.6045760e-03   5.1150438e-04
   2.5767181e-02  -6.0604621e-02  -4.1014561e-02   6.9225110e-03  -4.1302348e-03   1.0970782e-03
   3.5787371e-02  -5.6208241e-02  -1.6095452e-01   5.4297009e-03  -2.9045277e-03   1.2505912e-03
   3.1617999e-02  -7.3786735e-04  -3.3976818e-04   3.4459228e-03  -3.8816784e-03   1.2263166e-03
   1.1881431e-01   6.9017266e-02  -2.4105301e-01   2.5032263e-03  -3.8196011e-03   1.6432764e-03
   1.0639241e-01   3.8792919e-03  -6.5668700e-02   3.3288610e-03  -4.0037355e-03   1.6886779e-03
   1.3269723e-01  -7.1335474e-03  -1.0087737e-01   2.4603575e-03  -3.6616511e-03   1.7671112e-03
   1.2467350e-01   4.3308422e-02  -8.4781119e-02   2.4003839e-03  -3.8633138e-03   2.0229485e-03
   1.3977702e-01   2.6651867e-02  -1.6043673e-01   1.6810632e-03  -3.4849081e-03   2.1939637e-03
   1.2654281e-01   7.7362158e-02  -1.5147510e-01   1.7004267e-03  -3.1939825e-03   2.2910210e-03
   1.5858663e-01   1.0227291e-01  -2.1642820e-01  -2.8450141e-04  -3.2005728e-03   2.4965914e-03
   1.3828560e-01   3.3979137e-02   8.1603028e-02   1.7995378e-04  -3.6500160e-03   1.9970501e-03
   8.5051937e-02   1.0011945e-02   2.6008560e-01  -1.5267059e-03  -2.6454569e-03   1.2917574e-03
   6.5318050e-02   6.9031520e-03   2.7477379e-01  -9.9941736e-04  -3.2430627e-03   3.8542053e-04
   5.2163672e-02   8.1087460e-04   3.1104669e-01  -9.2433677e-04  -2.2125634e-03   5.8950662e-04
   5.9696827e-02  -1.2985441e-02   2.7598672e-01  -4.0997137e-04  -1.9704732e-03   5.2603661e-04
   5.4042495e-02  -2.5829968e-02   3.7436506e-01  -8.8439634e-04  -2.0159536e-03   4.6125957e-04
   3.9306034e-02  -3.9074077e-02   3.9724248e-01   7.4299337e-04  -2.2097879e-03   6.3685210e-04
   6.6533460e-02  -4.9801241e-02   2.7832315e-01   7.9971752e-04  -3.8102108e-03   5.6635961e-04
   6.1716229e-02  -3.5866644e-02   3.0838449e-01   7.7836113e-04  -3.2988085e-03   5.8472439e-04
   6.1611021e-02   1.3285404e-02   1.7594676e-01  -2.4706843e-04  -2.5701315e-03   9.9461903e-04
   9.2265227e-02  -6.9149341e-03  -1.7717810e-01   1.5222047e-03  -1.8648662e-03   1.2984053e-03
   8.3473819e-02   1.8397322e-02  -2.9816293e-02   1.1544335e-03  -2.4714676e-03   1.2995216e-03
   9.5935989e-02   2.9625986e-02  -1.6443684e-01   1.9483596e-03  -2.3610419e-03   1.7533010e-03
   7.4790865e-02  -3.5266493e-02  -8.8353055e-03   1.8463078e-03  -2.7661952e-03   1.3366405e-03
   9.0951033e-02  -5.0314619e-04  -1.0949397e-02   9.8217992e-04  -2.3055125e-03   2.1589014e-03
   1.1976885e-01   2.6423047e-02  -7.7627985e-02  -1.3061592e-04  -2.7842495e-03   2.1970147e-03
   1.0032911e-01   4.6608665e-02   1.0801623e-02   1.7066383e-04  -3.0958298e-03   2.1558880e-03
   1.1304120e-01   5.7836969e-02  -1.0788061e-01  -1.8385488e-03  -2.0625542e-03   2.0131152e-03
   1.0453789e-01   7.3564205e-02   4.1384300e-03  -2.7306467e-03  -2.6133989e-03   1.9146044e-03
   1.1893222e-01   8.1648270e-02  -1.7823612e-01  -1.7693623e-03  -2.4187341e-03   2.1195042e-03
   1.3257771e-01   7.5295940e-02  -2.0341878e-01  -1.8589618e-03  -2.2690769e-03   2.0553353e-03
   1.3688491e-01   7.3971340e-02  -8.3592552e-02  -2.2927859e-03  -2.7887837e-03   2.3966874e-03
   1.5163886e-01   9.5116633e-02  -4.9485882e-02  -2.7296556e-03  -2.8327324e-03   2.6706358e-03
   1.4996433e-01   8.5444923e-02   4.0689708e-03  -3.6064027e-03  -2.6259324e-03   2.4894560e-03
   1.3324784e-01   7.3345295e-02   3.3457170e-01  -3.9337725e-03  -3.8248594e-03   2.0435346e-03
  -3.5083195e-02   1.0640792e-01  -1.9216947e-01  -1.1147735e-02  -1.4665763e-03  -4.3200469e-04
   9.9311928e-03   2.5770778e-02  -6.2847639e-02  -4.5805419e-03  -1.7883960e-03  -2.6935532e-04
