   0.0000000e+00   0.0000000e+00   0.0000000e+00   0.0000000e+00   0.0000000e+00   0.0000000e+00
  -1.7062323e-03  -7.5602209e-03   4.4912481e-03  -2.6234268e-04  -4.5507890e-06   1.0114055e-04
  -9.2970981e-03  -8.6336702e-03  -2.9093816e-02  -5.5717951e-04   1.8268622e-04   4.9227556e-05
  -5.8823084e-03  -5.8142793e-03  -5.7264890e-02  -2.3594838e-04   1.9588365e-04   1.2254637e-04
  -1.8625311e-03   2.8314455e-02  -7.2499238e-02   2.6987481e-04   2.5813630e-05   2.0116675e-04
  -3.5001597e-04   1.1262539e-02  -5.0452986e-02   1.0416645e-03  -3.0212943e-04   2.6324624e-04
   1.1225479e-03   4.4468099e-03  -3.6470038e-02   1.3269852e-03  -3.6665662e-04   7.0891004e-05
  -7.5243554e-03   1.5409050e-02  -6.4812599e-02   7.9976550e-04  -1.3085820e-05  -5.3208247e-05
  -4.2022006e-03   2.6543663e-02  -4.2034006e-02   6.5659884e-04   2.4356832e-05  -6.9455768e-06
   6.1299903e-03   2.8394706e-02  -5.6034087e-02   8.5693250e-04  -7.4748183e-05   4.9223820e-05
   7.5890907e-03   2.3592591e-02  -4.0445366e-02   7.4139797e-04  -2.3961431e-04   8.6804181e-05
   3.5949241e-04   8.6391750e-03  -1.8714877e-02   4.1006970e-05  -1.9838614e-04  -1.8464070e-05
   1.3432300e-06   6.8149253e-03  -3.5764231e-02   8.1889728e-04  -3.6270788e-04  -5.0801126e-05
   2.8279358e-03   8.5885536e-03  -3.3082846e-02   6.3246189e-04  -3.8336932e-04  -5.8798232e-05
   4.2873605e-04   5.2482436e-03  -1.3603521e-02   5.8495358e-04  -1.6814861e-04  -2.7962281e-05
   9.6985839e-04   7.0277221e-03  -3.9126482e-02   4.8507733e-04  -7.4254223e-05   7.2402133e-05
  -2.9022526e-03   5.2975062e-03  -6.4235091e-02   9.6465157e-04  -1.3693304e-04   1.2811720e-05
   4.1436907e-03  -1.6146715e-02  -4.8569333e-02   1.0721697e-03  -2.3566305e-04   7.1338756e-05
  -9.1191153e-03  -1.7861406e-02  -3.9406510e-02   9.8224655e-04   8.7410606e-05   1.4213306e-04
   5.3708919e-03  -7.9782907e-02  -1.9328034e-03   5.2040452e-03   3.6548164e-04   1.0845952e-04
  -3.3221215e-02   1.8856799e-02  -1.6401936e-01   4.4507659e-03  -1.7415387e-04   3.8379078e-04
  -6.5625046e-02  -1.3458346e-01  -5.1898134e-01   8.9578921e-03   1.1294415e-03   3.5941819e-04
  -3.3045056e-02  -3.2762127e-01  -8.2062368e-01   1.2222643e-02   1.0578985e-03   3.7762409e-04
   1.1316334e-02  -3.1366944e-02  -6.9670035e-01   7.5969602e-03   6.1751860e-04   4.0960379e-04
   1.4375910e-02  -1.5263714e-02  -5.6200597e-01   6.6171344e-03   6.4774861e-04   3.7653772e-04
   7.0878637e-03  -5.3161009e-03  -4.8341852e-01   6.0110366e-03   9.1811929e-04   3.5612852e-04
   6.9972375e-03  -3.5601629e-03  -3.4248932e-01   4.5423839e-03   1.1789802e-03   4.7833490e-04
   3.0086454e-02   1.3480990e-02  -3.9452623e-01   4.7634464e-03   7.8162853e-04   7.1098211e-04
   2.9550028e-02  -1.9295212e-02  -4.0143374e-01   4.8326742e-03   6.1009986e-04   4.4460680e-04
   2.5330579e-02  -2.8176824e-02  -4.1100803e-01   4.8695617e-03   7.1525331e-04   4.6540532e-04
   3.0883292e-02  -1.5788299e-02  -4.1109823e-01   4.9187717e-03   5.6389746e-04   4.3441802e-04
   1.8519385e-02  -3.8295920e-02  -4.0919260e-01   5.1625845e-03   1.0530571e-03   5.2432113e-04
   1.0211961e-02  -1.9621625e-02  -3.7121566e-01   4.5117859e-03   1.2384398e-03   3.8735920e-04
  -1.7539941e-02  -3.2539542e-02  -3.8472088e-01   4.6597082e-03   2.1230523e-03   2.3337205e-04
  -9.5499253e-02   3.5091337e-02  -6.4493090e-01   2.5968786e-03   4.8682148e-03   1.8467721e-04
  -5.5248307e-02   6.6181800e-03  -4.8254462e-01   6.5258629e-03   3.1998828e-03   6.5434478e-04
  -7.9445057e-02   5.4812516e-02  -3.3420398e-01   3.3595959e-03   4.2257466e-03   4.7334558e-04
  -7.1043595e-02   3.6485656e-02  -4.0023083e-01   4.4292576e-03   4.1302535e-03   6.3277993e-04
  -7.1354915e-02   1.6452164e-02  -3.5256098e-01   3.8005231e-03   4.2321350e-03   7.0313514e-04
  -6.7264818e-02   1.2473575e-02  -3.0207997e-01   3.3675325e-03   4.4129408e-03   6.2717593e-04
  -6.1083123e-02   1.1001807e-02  -3.2578589e-01   3.7941503e-03   4.2005648e-03   5.6671342e-04
  -6.3161108e-02   4.3069191e-02  -3.2707755e-01   3.5382245e-03   4.3413500e-03   5.8236250e-04
  -5.8610910e-02   4.9553205e-02  -3.5283115e-01   3.8579342e-03   4.1871700e-03   6.3551107e-04
  -6.3539515e-02   2.3378108e-02  -3.3910830e-01   3.5101698e-03   4.4704653e-03   5.5900631e-04
  -6.3250210e-02   4.0969313e-02  -3.2926879e-01   3.3338826e-03   4.6193829e-03   7.8272187e-04
  -5.2187224e-02   2.7825764e-02  -3.5898906e-01   4.0425761e-03   4.3023751e-03   7.4060955e-04
  -4.2656726e-02   6.8532521e-03  -3.4132284e-01   3.7501391e-03   4.3493555e-03   8.0212153e-04
  -5.1531422e-02   1.9697628e-02  -3.5033093e-01   3.5220009e-03   4.4092093e-03   6.4199800e-04
  -5.4945721e-02   8.6428016e-04  -3.4327377e-01   3.6650069e-03   4.2850717e-03   6.7195494e-04
  -5.0717004e-02  -7.2180964e-03  -3.3479261e-01   3.6955879e-03   4.0356473e-03   7.9246054e-04
  -5.3119549e-02  -2.3278278e-02  -3.0322287e-01   2.9531763e-03   4.1098361e-03   7.6203047e-04
  -5.5616610e-02  -2.8271836e-02  -3.1645080e-01   3.6235392e-03   4.0578053e-03   7.0249403e-04
  -6.4237279e-02   1.5955267e-02  -3.0909960e-01   3.1466277e-03   4.2028407e-03   6.5608089e-04
  -5.8070014e-02   3.1721096e-03  -3.1485064e-01   3.6577918e-03   4.1551407e-03   6.8867609e-04
  -6.2324012e-02  -1.6967267e-02  -2.8425733e-01   3.5562643e-03   4.3508841e-03   7.0251558e-04
  -6.7225450e-02  -1.7367193e-02  -2.7578232e-01   2.9243971e-03   4.5398781e-03   7.5369719e-04
  -7.0490571e-02  -5.2192244e-03  -3.0930398e-01   3.4330899e-03   4.6495138e-03   6.1965880e-04
  -6.1479459e-02   7.0274818e-03  -3.3504128e-01   3.3199385e-03   4.5574468e-03   6.7881718e-04
  -4.2022092e-02  -8.4440641e-03  -3.3085228e-01   3.1572809e-03   4.1285940e-03   8.0335053e-04
  -4.6243300e-02  -2.5047104e-02  -3.2700376e-01   3.6152490e-03   4.0891055e-03   7.2508525e-04
  -5.1516658e-02  -2.8597530e-02  -3.4876564e-01   3.9894508e-03   4.3122556e-03   7.4484419e-04
  -5.5404934e-02  -6.3483328e-03  -3.6024513e-01   3.7928943e-03   4.3924928e-03   6.6358640e-04
  -5.0597236e-02  -1.5998118e-02  -3.5689520e-01   4.0377742e-03   4.2513928e-03   6.7240946e-04
  -5.1087296e-02  -2.5194553e-02  -3.4368054e-01   3.9906777e-03   4.3797848e-03   6.1095360e-04
  -5.7838577e-02  -4.0592533e-02  -3.3732380e-01   3.9480074e-03   4.5405210e-03   6.7137433e-04
  -6.3549362e-02  -3.3879601e-02  -3.4473545e-01   3.8051533e-03   4.5866058e-03   5.6918485e-04
  -5.5487232e-02  -6.5343622e-02  -3.2817493e-01   4.6093132e-03   4.6355774e-03   7.7908071e-04
  -6.0696962e-02  -2.5409170e-02  -3.3750292e-01   3.5148774e-03   4.3593506e-03   6.8404389e-04
  -5.9128032e-02  -3.4165750e-02  -3.4381712e-01   3.8864983e-03   4.3137354e-03   7.1103307e-04
  -6.0336497e-02  -3.2151631e-02  -3.3283554e-01   3.7394168e-03   4.4117077e-03   7.1919781e-04
  -5.5469939e-02  -2.5992390e-02  -3.2276266e-01   3.6492767e-03   4.3196965e-03   6.7865486e-04
  -6.4616649e-02  -3.2039991e-02  -3.3201934e-01   3.4691993e-03   4.5433134e-03   5.8000513e-04
  -6.4625197e-02  -3.2006926e-02  -3.5409261e-01   3.7404070e-03   4.5898651e-03   5.9994887e-04
  -4.7411798e-02  -2.6553291e-02  -3.5338609e-01   3.3034287e-03   4.2695516e-03   6.3933171e-04
  -5.3974288e-02  -4.7484167e-02  -3.4952025e-01   3.2648325e-03   4.5341210e-03   6.7813078e-04
  -9.4959162e-02   9.3498282e-02  -4.7998203e-01   3.9080991e-03   3.3040875e-03   1.8613161e-03
  -8.7870235e-02   8.3743553e-02  -6.4362216e-01   4.0902779e-03   4.1826321e-03   1.2611467e-03
  -7.8399961e-02  -1.7260187e-02  -9.8688378e-01   9.8665843e-03   4.4128987e-03   1.5150756e-03
  -8.2193622e-02   5.1135184e-02  -6.1991741e-01   4.5767765e-03   4.1656923e-03   8.2113009e-04
  -1.8324362e-01   1.6530518e-01  -4.4477842e-01  -1.5622603e-02  -2.5243161e-03   9.4475039e-04
  -2.3495232e-01  -3.0851415e-01  -3.1923724e-01   3.0387854e-03  -8.9061307e-04  -1.6631033e-03
  -2.1944645e-01  -4.4293596e-01  -5.2718875e-02   7.2348111e-03  -1.6956969e-03  -2.3413986e-03
  -1.7111995e-01  -1.9446164e-01  -1.0423774e+00   5.6227624e-03  -2.4035300e-03  -4.3610224e-04
  -1.5396586e-01  -5.8777550e-02  -1.0668517e+00   4.7713701e-03  -3.2936781e-03  -3.2166163e-04
  -1.5434832e-01  -4.5002189e-02  -1.0361228e+00   4.2945095e-03  -3.4522397e-03  -4.8881358e-04
  -1.5681543e-01  -5.8247921e-02  -8.5590234e-01   5.7582933e-03  -2.6671688e-03  -3.2456397e-04
  -1.8771498e-01  -1.3792853e-01  -8.6311481e-01   6.7616620e-03  -1.6354323e-03   3.7843478e-04
  -2.0394826e-01  -1.5265363e-02  -7.3614431e-01   2.5890391e-03  -5.9270752e-04   6.0873116e-06
  -2.0913789e-01  -8.7085355e-02  -6.5216511e-01   3.3417236e-03  -2.1485462e-04  -2.1188485e-04
  -2.1615724e-01  -4.6802251e-02  -7.2064339e-01   2.9491083e-03   5.4547320e-05  -2.6144781e-04
  -2.2474282e-01  -6.0031019e-02  -7.1988804e-01   3.5319742e-03   3.0192829e-04  -2.3425046e-04
  -2.3355005e-01  -7.8027775e-02  -6.9892762e-01   3.1529824e-03   6.5053765e-04  -2.2471064e-04
  -2.4044724e-01  -6.3838545e-02  -7.6113780e-01   3.3730084e-03   9.2576647e-04  -1.9580381e-04
  -2.3811195e-01  -4.3954012e-02  -7.5108267e-01   2.6200719e-03   9.9070577e-04  -1.2096994e-04
  -2.3681858e-01  -3.6975984e-02  -7.7118158e-01   2.9243971e-03   8.7392265e-04  -1.3400359e-04
  -2.4328771e-01  -5.6053335e-02  -7.6751064e-01   2.8203925e-03   1.0158752e-03  -1.7518318e-04
  -2.4753272e-01  -6.0459371e-02  -7.7905876e-01   2.9706096e-03   1.0907462e-03  -2.4616490e-04
  -2.5493423e-01  -4.6016339e-02  -7.8756216e-01   2.6967247e-03   1.1241149e-03  -2.7932366e-04
  -2.4280417e-01  -5.8586664e-02  -7.9879386e-01   2.7375958e-03   9.8985828e-04  -3.5980598e-04
  -2.2358644e-01  -6.6640018e-02  -8.1225681e-01   2.9425590e-03   6.5566041e-04  -2.7257766e-04
  -2.3322263e-01  -4.3361578e-02  -7.9320108e-01   3.0616900e-03   8.0315485e-04  -2.5828309e-04
  -2.3715284e-01  -5.3318844e-02  -8.1497766e-01   3.0794603e-03   7.9596584e-04  -2.4951914e-04
  -2.2488440e-01  -5.6967099e-02  -7.8875710e-01   2.7710222e-03   5.5057673e-04  -2.2261369e-04
  -2.1823924e-01  -6.4007049e-02  -7.5398056e-01   1.8522481e-03   4.1364749e-04  -2.3901575e-04
  -2.3745960e-01  -5.9162249e-02  -8.0524560e-01   2.0110937e-03   1.0046157e-03  -2.3651820e-04
  -2.3607366e-01  -6.7513238e-02  -8.0285395e-01   1.9764084e-03   1.1035060e-03  -2.6855957e-04
  -2.3177067e-01  -7.5815196e-02  -7.8288681e-01   2.0133759e-03   1.1635831e-03   1.9739135e-05
  -2.2477441e-01  -7.3359186e-02  -8.1511575e-01   3.0309535e-03   9.6074643e-04   2.5776842e-04
  -2.2546828e-01  -4.6794776e-02  -7.7777497e-01   2.0982659e-03   5.8188984e-04  -1.0073945e-05
  -2.0089893e-01  -5.4104660e-02  -8.2341529e-01   3.5015554e-03  -2.5069340e-04  -1.1478953e-04
  -2.2733011e-01  -5.2301579e-02  -7.5431460e-01   1.7654620e-03   5.8118096e-04  -2.3505944e-04
  -2.2608881e-01  -7.5049602e-02  -7.8112835e-01   2.2712326e-03   5.6683138e-04  -2.0440885e-04
  -2.3575302e-01  -8.0357692e-02  -7.6524558e-01   1.9744511e-03   8.4404695e-04  -2.3611184e-04
  -2.3919589e-01  -9.8378157e-02  -7.6418079e-01   2.1253252e-03   1.1660808e-03  -1.7631405e-04
  -2.3634984e-01  -9.4729860e-02  -7.7594079e-01   2.2635115e-03   1.0411416e-03  -6.8818681e-05
  -2.3752184e-01  -8.4276304e-02  -7.8126778e-01   2.0996468e-03   1.0638297e-03  -9.4055834e-05
  -2.4892516e-01  -5.8198879e-02  -8.1155899e-01   2.1995972e-03   1.0458639e-03  -1.1625702e-04
  -2.4638332e-01  -5.3192559e-02  -8.1066791e-01   1.6216820e-03   1.0427622e-03  -1.5144990e-04
  -2.5330144e-01  -5.5330755e-02  -8.0349548e-01   1.9747315e-03   1.1264064e-03  -1.5690349e-04
  -2.2987943e-01  -9.3420198e-02  -7.1357645e-01   1.8462297e-03   5.9958918e-04  -1.1999132e-04
