   0.0000000e+00   0.0000000e+00   0.0000000e+00   0.0000000e+00   1.7347235e-18   0.0000000e+00
  -3.0826195e-04  -4.1535047e-02   2.0323796e-02   1.1236213e-04   2.3469688e-04   2.9093779e-05
   5.5616118e-03  -3.3378336e-03  -1.7780496e-02  -4.4078244e-04   8.7050781e-05  -2.0787492e-04
   2.3473384e-03  -5.7310400e-02  -1.0127939e-03   8.8252390e-04  -4.0068619e-05   2.5352931e-06
   1.2606138e-02  -7.5741983e-02   1.2162928e-01   4.0273745e-03   4.5163574e-04   1.4730055e-03
   2.7932419e-02  -1.1522491e-01   3.2408123e-01   6.4106600e-03   6.2439079e-04   3.1059193e-03
   4.4217485e-02  -1.3123712e-01   3.5297076e-01   7.6099871e-03   2.9163118e-04   3.6533066e-03
   5.7163867e-02  -1.4504465e-01   3.7488592e-01   7.9396564e-03  -2.6889998e-05   3.4907900e-03
   7.0170049e-02  -1.9188827e-01   3.8388633e-01   8.3602696e-03  -4.6731741e-05   3.3472478e-03
   6.7991214e-02  -2.3941359e-01   4.1662688e-01   8.9697692e-03   3.9422583e-04   3.0020979e-03
   5.7460361e-02  -2.4470633e-01   4.1244848e-01   9.9360179e-03   9.1628104e-04   2.9471199e-03
   4.9138275e-02  -2.9146719e-01   3.3339744e-01   1.0827828e-02   1.0152923e-03   2.3318044e-03
   5.4518106e-02  -2.3199025e-01   3.5182569e-01   9.3259992e-03   7.3456176e-04   1.2703969e-03
   5.6020471e-02  -1.6256818e-01   2.3880748e-01   8.4692982e-03   1.1316283e-03   3.4548455e-04
   4.8833643e-02  -2.0211346e-01   2.9721348e-01   8.7783416e-03   2.1631110e-03   1.0111237e-03
   4.7631682e-02  -1.6922057e-01   2.5216763e-01   8.6197213e-03   2.2053766e-03   9.6243519e-04
   3.3909233e-02  -2.0293872e-01   2.9146082e-01   8.6748036e-03   2.0856395e-03   1.0044744e-03
   2.6817087e-02  -1.5151063e-01   2.7174540e-01   7.7785111e-03   1.7935687e-03  -4.7424813e-05
   1.9836464e-02  -1.5679638e-01   2.2379556e-01   7.1040635e-03   1.7445972e-03  -5.4838228e-04
   4.3844172e-03  -1.5115970e-01   1.6369347e-01   6.4997547e-03   1.9989004e-03  -4.6348284e-04
   1.3953597e-02  -1.0758837e-01   1.2753685e-01   5.7952613e-03   1.9037737e-03  -6.6399656e-04
   1.1965669e-02  -1.6031452e-01   1.1032726e-01   6.1068041e-03   1.5266155e-03  -6.3798926e-04
   4.9939615e-03  -1.1052535e-01   1.0077576e-01   5.7950620e-03   1.5999002e-03  -9.4605941e-04
  -4.6432780e-03  -1.4507306e-01   8.4926385e-02   5.2504431e-03   2.1166747e-03  -8.8943772e-04
  -7.8161105e-03  -1.1983315e-01   6.5945136e-02   4.6709066e-03   2.3500886e-03  -1.0715437e-03
   6.9068236e-03  -1.4649074e-01   6.9515921e-02   4.9959941e-03   2.6501436e-03  -5.5135055e-04
  -4.3537492e-03  -1.1857921e-01   8.8481325e-02   4.7616708e-03   2.5898679e-03  -7.3974183e-04
  -1.2566552e-03  -1.5889433e-01   1.2095084e-01   5.0905187e-03   2.4321221e-03  -2.5918045e-04
   6.0693106e-03  -1.6186162e-01   2.1682476e-01   6.4499077e-03   2.5234683e-03   2.9595210e-04
   1.1526610e-02  -1.7957990e-01   3.1338815e-01   7.8752856e-03   2.5134316e-03   1.4198533e-03
   1.3701098e-02  -1.8891573e-01   3.5662887e-01   8.8819201e-03   2.6231397e-03   1.5852196e-03
   1.2568521e-02  -2.1000565e-01   4.0589735e-01   9.4199881e-03   2.1187887e-03   1.5753834e-03
   3.7609823e-03  -2.4710506e-01   4.6774273e-01   1.0352342e-02   2.4973706e-03   1.6204969e-03
   2.2147146e-03  -2.6297834e-01   4.9480402e-01   1.0611265e-02   2.2469832e-03   1.0273391e-03
  -6.8018787e-03  -2.8040847e-01   5.3220782e-01   1.1173448e-02   1.8590158e-03   7.3813616e-04
  -8.2985697e-03  -2.8386251e-01   5.4919316e-01   1.1505215e-02   2.2878706e-03   9.0460045e-04
   4.7671976e-04  -2.3078228e-01   4.2054758e-01   1.0343091e-02   1.0613064e-03   7.9130407e-04
  -4.5731772e-02  -2.9977349e-01   4.4779539e-01   9.7545843e-03   9.1600067e-04   3.4144255e-04
  -4.1857791e-02  -2.8785146e-01   4.3579120e-01   9.3596723e-03   9.4010157e-04   4.1280088e-04
  -5.7744985e-02  -2.7795985e-01   5.4239982e-01   1.1053266e-02   1.8884129e-03  -1.4134445e-03
  -6.3916265e-02  -2.4026217e-01   5.4882609e-01   1.0629507e-02   2.0281644e-03  -2.0089771e-03
  -6.0861163e-02  -2.7203840e-01   6.7467099e-01   1.0905983e-02   2.0831116e-03  -1.6268395e-03
  -4.8885029e-02  -2.8715244e-01   6.9072441e-01   1.0893579e-02   2.0627681e-03  -1.4019319e-03
  -4.1142640e-02  -2.9050701e-01   6.7568411e-01   1.1391613e-02   2.4084215e-03  -1.2265607e-03
  -5.3034689e-02  -3.0492122e-01   7.1492027e-01   1.1677085e-02   2.7471169e-03  -1.0231312e-03
  -4.9754338e-02  -3.0566266e-01   7.6468384e-01   1.2323539e-02   2.9276764e-03  -7.7789593e-04
  -3.3430746e-02  -3.2645183e-01   7.9781857e-01   1.2974576e-02   2.9599139e-03  -3.7054426e-04
  -3.4184767e-02  -3.0168977e-01   7.7614132e-01   1.2905166e-02   2.6215681e-03  -7.2375982e-04
  -4.6513646e-02  -2.9023889e-01   7.4208136e-01   1.2936273e-02   2.5946382e-03  -1.1407687e-03
  -5.5037718e-02  -3.2627576e-01   8.1431397e-01   1.3903242e-02   2.7247782e-03  -1.3038854e-03
  -4.7113497e-02  -2.9894911e-01   8.0405149e-01   1.3931139e-02   2.7357200e-03  -1.2574332e-03
  -4.8004961e-02  -3.5498152e-01   8.5406633e-01   1.3959868e-02   2.9200577e-03  -7.9516006e-04
  -5.2941557e-02  -3.3803585e-01   8.0983175e-01   1.4247790e-02   2.8453916e-03  -1.4094078e-03
  -3.7128255e-02  -3.4527284e-01   8.1952474e-01   1.4205310e-02   2.7005476e-03  -1.3245508e-03
  -3.0337234e-02  -3.4007125e-01   8.5858070e-01   1.4458289e-02   2.6441158e-03  -1.3091870e-03
  -2.8415574e-02  -3.3914253e-01   8.5360579e-01   1.4975339e-02   2.6947911e-03  -1.1692846e-03
  -2.8380545e-02  -3.9034967e-01   9.1822431e-01   1.5667060e-02   2.5200369e-03  -1.3442137e-03
  -4.6431078e-02  -3.5550544e-01   8.8187640e-01   1.4690372e-02   2.6510503e-03  -1.4778242e-03
  -4.8257268e-02  -3.6438028e-01   8.6400405e-01   1.4462335e-02   2.6992215e-03  -1.7049222e-03
  -3.7241866e-02  -3.4235517e-01   8.0982626e-01   1.3552951e-02   1.1428142e-03  -2.2122260e-03
  -3.7971129e-02  -2.8346659e-01   8.5438307e-01   1.1591306e-02   2.0595523e-03  -2.2010846e-03
  -4.0485792e-02  -2.8795728e-01   9.4395292e-01   1.1721449e-02   2.0849666e-03  -3.0285035e-03
  -4.2193298e-02  -2.7691717e-01   9.5584462e-01   8.8082417e-03   2.6514728e-03  -3.4119737e-03
  -3.4320351e-02  -2.4010071e-01   9.0031594e-01   9.3493117e-03   2.9277258e-03  -4.3776052e-03
  -3.5104496e-02  -2.7679611e-01   9.3075646e-01   1.1474039e-02   3.2155949e-03  -4.8193754e-03
  -2.1242884e-02  -2.2037031e-01   8.8688830e-01   1.0618304e-02   3.3344313e-03  -4.9644064e-03
  -5.5258544e-02  -2.0141158e-01   8.7485708e-01   1.1780139e-02   3.2929612e-03  -5.5679536e-03
  -5.5712576e-02  -2.2215146e-01   8.1629843e-01   9.8868712e-03   3.5719128e-03  -5.4043400e-03
  -5.4931167e-03  -2.6112230e-01   6.8397318e-01   1.0337916e-02   3.7953103e-03  -4.1226784e-03
  -4.9756529e-02  -1.9902734e-01   6.9188656e-01   1.1292764e-02   4.0222160e-03  -5.8034180e-03
  -7.1540538e-02  -1.8856868e-01   7.5220098e-01   1.1826877e-02   4.3492317e-03  -6.1516535e-03
  -6.5359347e-02  -1.3912862e-01   7.3746753e-01   1.1285869e-02   4.3060812e-03  -6.2914319e-03
  -8.8339985e-02  -1.4650380e-01   7.7798684e-01   1.1648285e-02   4.0234684e-03  -6.0636933e-03
  -9.8480263e-02  -1.5316217e-01   8.5846031e-01   1.1575129e-02   4.4619945e-03  -6.6286803e-03
  -1.0056513e-01  -1.7770021e-01   8.9415064e-01   1.2723671e-02   4.3581556e-03  -6.1725170e-03
  -9.7596444e-02  -1.7074211e-01   9.0479850e-01   1.2969725e-02   4.7263402e-03  -5.7323826e-03
  -9.5293078e-02  -1.8826749e-01   9.0991591e-01   1.2689152e-02   5.2920641e-03  -5.8508305e-03
  -9.2151116e-02  -2.0319362e-01   9.6554683e-01   1.2995197e-02   5.2025663e-03  -5.2080427e-03
  -1.0595553e-01  -2.0254707e-01   1.0010347e+00   1.3078339e-02   5.4079584e-03  -5.3513764e-03
  -9.7076435e-02  -2.2250023e-01   1.0409727e+00   1.3284583e-02   5.3842089e-03  -4.9773739e-03
  -9.1498776e-02  -2.2392883e-01   1.0761088e+00   1.3432465e-02   5.3225369e-03  -5.0987157e-03
  -7.3428151e-02  -2.0868398e-01   9.6787986e-01   1.4243331e-02   4.9584732e-03  -5.1965060e-03
  -7.5719670e-02  -2.0166128e-01   1.0217773e+00   1.3684674e-02   5.8693993e-03  -5.8974722e-03
  -9.3136767e-02  -1.7108645e-01   1.0509042e+00   1.0929618e-02   6.8577121e-03  -6.7216808e-03
  -9.0888945e-02  -1.6276725e-01   1.0601999e+00   1.1148940e-02   7.3299088e-03  -6.9058890e-03
  -8.1707806e-02  -1.6796622e-01   1.1248962e+00   1.1256549e-02   7.6776195e-03  -6.7076253e-03
  -8.8480072e-02  -1.4414372e-01   1.1320739e+00   1.0788171e-02   8.4723739e-03  -6.7527466e-03
  -8.0728891e-02  -1.8916049e-01   1.1729153e+00   1.0636640e-02   8.5244421e-03  -6.7252975e-03
  -6.3543395e-02  -1.7526817e-01   1.1702576e+00   1.0195903e-02   8.4000328e-03  -6.4331820e-03
  -6.1940916e-02  -1.4540658e-01   1.1183696e+00   9.8984908e-03   7.9399988e-03  -5.7268354e-03
  -5.6001747e-02  -1.6614480e-01   1.1075055e+00   9.8647263e-03   8.2442133e-03  -6.0734018e-03
  -6.5713648e-02  -1.1819800e-01   1.1169982e+00   9.5166716e-03   8.6042080e-03  -6.2901974e-03
  -6.2395201e-02  -1.1863968e-01   1.0966987e+00   9.1829755e-03   8.5640002e-03  -5.9148565e-03
  -6.6174636e-02  -1.3223835e-01   1.1445298e+00   9.4033041e-03   8.2431420e-03  -5.5771654e-03
  -7.8778971e-02  -1.0928545e-01   1.1151372e+00   8.6781017e-03   8.4633315e-03  -5.9114454e-03
  -8.9968065e-02  -1.3883503e-01   1.1171062e+00   9.2183717e-03   8.6171479e-03  -6.0751678e-03
  -7.9345112e-02  -1.0423403e-01   1.0185863e+00   9.0296454e-03   8.8623505e-03  -6.3244695e-03
  -5.7048377e-02  -1.1018570e-01   1.0264228e+00   9.1933600e-03   8.8051557e-03  -6.4758169e-03
  -5.2822588e-02  -1.8412508e-01   1.1512271e+00   1.0631419e-02   9.2073219e-03  -6.4546247e-03
  -4.2850879e-02  -1.6315780e-01   1.1616638e+00   1.1683598e-02   8.9023896e-03  -5.8760067e-03
  -3.5224407e-02  -1.7706381e-01   1.1728781e+00   1.2653401e-02   8.8532099e-03  -5.2577373e-03
  -2.9434775e-02  -1.7164714e-01   1.2434813e+00   1.2415983e-02   8.6549066e-03  -4.7608630e-03
  -2.8666890e-02  -1.7498965e-01   1.2304559e+00   1.2775680e-02   8.1232960e-03  -4.4797391e-03
  -3.9642029e-02  -1.9726898e-01   1.3101592e+00   1.2872500e-02   7.8396846e-03  -4.5918293e-03
  -2.6517537e-02  -1.7357011e-01   1.2996409e+00   1.3031219e-02   7.5662844e-03  -4.3153564e-03
  -1.8587706e-02  -2.1267260e-01   1.3213231e+00   1.3504348e-02   7.1665076e-03  -3.6162381e-03
  -3.8798224e-02  -2.1664981e-01   1.3153986e+00   1.3496433e-02   7.4468194e-03  -3.8252346e-03
  -2.3426670e-02  -2.2200685e-01   1.3037607e+00   1.3491717e-02   7.4337461e-03  -3.6170035e-03
  -2.4812594e-02  -2.4595436e-01   1.3448970e+00   1.3349072e-02   7.5022487e-03  -3.5069407e-03
  -3.1460778e-02  -2.6911921e-01   1.3340824e+00   1.3395575e-02   7.8257823e-03  -3.2456905e-03
  -2.7852282e-02  -2.6809154e-01   1.3414965e+00   1.3155109e-02   8.0514110e-03  -3.0631013e-03
  -2.8067621e-02  -2.9935794e-01   1.3777077e+00   1.3606152e-02   8.0628056e-03  -3.0065034e-03
  -2.7646332e-02  -2.7996189e-01   1.3609272e+00   1.3566508e-02   8.1902876e-03  -3.1038535e-03
  -1.3389370e-02  -2.5459437e-01   1.3426713e+00   1.2956417e-02   7.8551894e-03  -2.9740820e-03
  -1.8256169e-02  -2.5468155e-01   1.3093260e+00   1.3294823e-02   7.4933560e-03  -3.2867616e-03
  -1.6537104e-02  -2.1959165e-01   1.2686550e+00   1.2518786e-02   7.7116475e-03  -3.0648572e-03
  -7.3471806e-03  -2.0810690e-01   1.2422180e+00   1.2681561e-02   8.0925501e-03  -2.8408822e-03
  -4.7606268e-03  -2.3755631e-01   1.3116341e+00   1.2502668e-02   7.6835339e-03  -3.1342366e-03
   1.7384015e-02  -1.9104456e-01   1.2340053e+00   1.1227827e-02   6.6291952e-03  -2.6316666e-03
   6.1923218e-03  -1.9288410e-01   1.1138456e+00   1.1430763e-02   6.4417842e-03  -2.8324275e-03
