   0.0000000e+00   0.0000000e+00   0.0000000e+00   1.3877788e-17   2.4074124e-35   1.7347235e-18
   3.9646243e-03  -2.1872960e-03   1.3851975e-02  -7.4358308e-05  -3.6485604e-04   5.8505379e-05
   2.0293395e-03  -8.4795800e-03   1.5447010e-02  -3.2095896e-05  -5.6201633e-04  -6.2465222e-05
   6.7305295e-03  -3.7998441e-03  -4.4555807e-02   8.4235540e-04  -8.0360313e-04   6.7122801e-05
  -1.2304196e-02  -5.0098513e-03  -4.7313637e-03   1.4291841e-04  -8.8534716e-04   7.0830729e-05
  -1.2443635e-02  -7.2851224e-03   2.8676962e-03   1.5644130e-04  -9.1790980e-04   1.5651778e-04
  -6.2659273e-03  -6.3582273e-03   1.3857776e-02  -4.0274163e-04  -1.2500616e-03   2.7287929e-04
  -6.3311622e-03  -2.9062570e-02  -8.8707307e-03   4.5929692e-03  -3.7235774e-04  -1.0698107e-04
  -1.1332538e-02  -4.3024113e-02   6.5669512e-02   7.5893674e-03   1.8967635e-03  -1.8029033e-05
  -9.5611612e-03  -6.2995686e-02  -1.3383680e-03   9.5480539e-03   2.0572744e-03   3.1226081e-04
   1.7943478e-02  -6.0235815e-02  -2.3215893e-02   1.2486505e-02   2.0657154e-03   6.5597101e-04
  -2.9759240e-03  -4.2546816e-02  -3.2419556e-02   1.6743642e-02   1.9386606e-03   8.7000860e-05
  -1.5505556e-02  -4.6561888e-02  -2.5646722e-02   2.1027588e-02   2.1237177e-03   2.8643903e-04
  -3.7847315e-02  -4.4355084e-02  -3.3690464e-02   2.2853911e-02   1.8952286e-03  -3.5559827e-04
  -4.8181489e-03  -3.6418448e-02  -1.0028888e-02   2.2515048e-02   1.3028622e-03   4.6242975e-04
  -9.3496366e-03  -4.0216744e-02  -2.9333752e-02   2.4402881e-02   2.5030017e-03   7.9605514e-05
   3.3131847e-03  -2.0370400e-02  -4.5829887e-02   2.4737096e-02   2.9138076e-03   3.6455184e-04
  -1.4363595e-02  -3.4049276e-02  -2.7021941e-02   2.5300093e-02   3.1356403e-03   1.6723977e-04
  -4.0210043e-04  -3.3762454e-02  -5.6929938e-03   2.4731388e-02   3.7184879e-03   1.9278395e-04
   1.5140217e-02  -4.1731537e-02  -7.5979405e-03   2.4253305e-02   3.4415414e-03   4.7020550e-04
   5.8543844e-03  -2.9568312e-02   2.9909414e-02   2.5243043e-02   4.0755152e-03   2.8749788e-04
  -1.0066809e-02  -4.0936803e-02  -2.1870904e-02   2.5787571e-02   3.1093921e-03   4.0515338e-04
  -2.4098229e-02  -6.6725577e-02   1.7187918e-02   2.6838789e-02   4.4019376e-03  -4.4721131e-04
   4.1572914e-03  -7.1693697e-02   1.2634707e-02   2.7651004e-02   4.4422921e-03   3.3581869e-04
   9.4252815e-04  -4.9037534e-02   5.5921280e-02   2.8388459e-02   4.0215001e-03   4.2866443e-04
  -5.8023490e-02  -2.5268439e-02   5.9546988e-01   2.1107049e-02   1.8995913e-03  -6.2473246e-04
  -5.6579666e-02  -3.3846014e-02   6.2067561e-02   8.6877304e-03   3.0506186e-04  -2.1849736e-03
  -5.0362182e-02  -4.8267482e-02   5.8144195e-02   1.6402251e-02   1.3383101e-03  -1.3566343e-03
  -4.8256595e-02  -3.5055414e-02   1.7221432e-02   1.7889217e-02   2.1311054e-03  -1.8178227e-03
  -6.6962618e-02  -5.5318464e-02   1.1173656e-01   1.8031596e-02   1.9835621e-03  -2.2202956e-03
  -4.9516409e-02  -6.3714914e-02   1.2425610e-01   1.8205041e-02   2.4115004e-03  -1.8513368e-03
  -5.0261264e-02  -4.4856545e-02   5.3275288e-02   1.9044984e-02   2.6836001e-03  -1.9368277e-03
  -1.1474236e-01  -7.9818177e-02   6.2518952e-01   1.9584341e-02   2.8285279e-03  -2.6390905e-03
  -6.8335324e-02  -4.2032726e-02   1.7580477e-01   9.0066055e-03   1.7280616e-03  -2.1945530e-03
  -5.4767968e-02  -8.2137748e-02   2.0637230e-02   1.3426463e-02   2.6638595e-03  -2.2743192e-03
  -5.0480174e-02  -8.4015731e-02   4.1154472e-02   1.5040517e-02   3.3698065e-03  -2.5118852e-03
  -5.6673389e-02  -9.3154448e-02   9.7077560e-02   1.5383576e-02   3.7965203e-03  -2.7650642e-03
  -4.0420084e-02  -1.2694419e-01   9.3586105e-02   1.8598696e-02   4.7575014e-03  -2.6520334e-03
  -4.2109802e-02  -1.2307942e-01   4.2613930e-02   2.1232415e-02   5.0069031e-03  -2.3460054e-03
  -3.5941071e-02  -1.2271309e-01   5.9623644e-02   2.3157956e-02   4.9721211e-03  -2.0769166e-03
  -4.0111957e-02  -1.1913612e-01   1.1173851e-01   2.3583298e-02   4.9056590e-03  -2.0240629e-03
  -3.5285742e-02  -1.2469224e-01   1.1266853e-01   2.3979001e-02   4.8232631e-03  -1.6719501e-03
  -2.6446289e-02  -1.3447215e-01   1.1647362e-01   2.4819214e-02   4.3235016e-03  -1.2693745e-03
  -2.3306129e-02  -1.2668818e-01   7.8801854e-02   2.5782594e-02   3.9112187e-03  -8.4647867e-04
  -2.8467628e-02  -1.2477725e-01   9.1835692e-02   2.8566992e-02   3.9979539e-03  -1.2406606e-03
  -2.8359467e-02  -3.4090316e-01   2.1997342e-01   3.0608839e-02   2.3277676e-03  -1.2741337e-03
  -1.1419031e-02  -4.1656379e-02   5.8661815e-02   1.5182903e-02   8.0157375e-04  -2.0997913e-03
  -6.7399384e-02  -1.0754458e-01   6.1713232e-02   2.1350859e-02   2.1792173e-03  -2.6650429e-03
  -5.7230663e-02  -1.0056477e-01   6.1000169e-02   2.1719317e-02   2.5771141e-03  -2.9061384e-03
  -5.5215011e-02  -9.9308387e-02   5.3203651e-02   2.2365204e-02   2.5141675e-03  -2.7549855e-03
  -8.1628040e-02  -1.3660979e-01   1.0267279e-01   2.2795984e-02   2.4608194e-03  -3.0136492e-03
  -7.6206433e-02  -1.7490742e-01   6.6612411e-02   2.4659800e-02   3.3858807e-03  -3.0176171e-03
  -8.2065466e-02  -1.8016900e-01   7.1754340e-02   2.5113895e-02   3.2398914e-03  -2.8861457e-03
  -7.8768342e-02  -1.8213526e-01   6.5899613e-02   2.6059584e-02   2.7565474e-03  -1.9637573e-03
  -6.3422575e-02  -1.8640249e-01   7.1236611e-02   2.7535198e-02   3.2737520e-03  -1.8792235e-03
  -4.6919776e-02  -1.8435506e-01   1.0825296e-01   2.8279060e-02   3.7992590e-03  -1.6857933e-03
  -5.6759314e-02  -1.8754948e-01   1.1244528e-01   2.8042077e-02   3.7443636e-03  -1.9067456e-03
  -5.4201716e-02  -1.6248766e-01   4.0871022e-02   2.8057267e-02   3.4688595e-03  -1.3657279e-03
  -8.0125226e-02  -2.4023037e-01   4.4750354e-01   3.1673920e-02   2.9767645e-03  -2.0992769e-03
  -9.0515736e-02  -1.3950848e-01   5.7010515e-01   2.8126849e-02   4.4953635e-03  -2.1746841e-03
  -9.0183717e-03  -2.9519322e-01  -1.7169583e-01   2.5621515e-02   7.9494584e-04  -8.0991095e-04
  -8.2749020e-02  -1.6854578e-01   3.2988817e-02   1.5434559e-02   3.9036952e-04  -4.4141643e-03
  -9.4827268e-02  -1.7878113e-01   1.0128077e-01   1.8699457e-02   5.8400341e-04  -5.3252418e-03
  -8.3795906e-02  -1.6815159e-01   7.9758805e-02   1.9185398e-02   3.0339328e-04  -5.4931271e-03
  -1.2037107e-01  -2.0212966e-01   1.0859940e-01   1.9794042e-02   4.2343229e-04  -5.8975313e-03
  -9.5610062e-02  -1.6627115e-01   4.2064865e-02   2.0984604e-02   5.3284731e-04  -5.6643375e-03
  -9.2327216e-02  -1.7468622e-01   1.0305427e-01   2.0680406e-02   4.7844800e-04  -5.6510739e-03
  -9.6303059e-02  -1.7422957e-01   7.5627683e-02   2.0259521e-02   5.7521748e-04  -5.8573738e-03
  -1.1247468e-01  -1.8774613e-01   1.1559497e-01   1.9757587e-02   2.6393039e-04  -5.7208680e-03
  -9.7981020e-02  -1.7554436e-01   7.3158339e-02   1.9452312e-02   4.6766320e-04  -5.9932120e-03
  -1.2318215e-01  -1.7211884e-01   9.2418263e-02   1.9244076e-02   1.9833134e-04  -6.2937822e-03
  -1.1671923e-01  -2.0655258e-01   1.4489983e-01   1.9625517e-02   4.6918600e-04  -6.3728813e-03
  -1.1215658e-01  -2.1441626e-01   1.8271742e-01   1.8274239e-02   4.9876780e-04  -6.3242622e-03
  -9.5827744e-02  -1.9386013e-01   1.0190469e-01   1.8653029e-02   4.8241457e-04  -6.1895230e-03
  -7.9795645e-02  -2.4128043e-01   1.1893129e-01   2.6314706e-02   5.4878630e-05  -4.3702125e-03
  -1.2450157e-01  -2.4779407e-01   1.4945226e-01   2.5316509e-02   7.0879707e-04  -5.1067301e-03
  -8.0187145e-02  -2.6460975e-01   2.0424791e-01   2.6035763e-02   8.0403076e-04  -2.7437121e-03
  -8.4444826e-02  -2.3392425e-01   1.2713082e-01   2.6641145e-02   2.0133227e-04  -3.4992942e-03
  -9.0669730e-02  -2.3074570e-01   9.9228459e-02   2.7409778e-02   5.6168981e-04  -3.7550372e-03
  -8.5423147e-02  -2.3451947e-01   1.1433746e-01   2.8762444e-02   1.6293227e-04  -3.6395075e-03
  -9.1075866e-02  -2.5792416e-01   1.2972183e-01   2.9331938e-02   6.0332565e-04  -4.0209895e-03
  -1.1478072e-01  -2.7790678e-01   2.7390651e-01   3.2089255e-02   4.3414423e-04  -3.5788941e-03
  -1.1760139e-01  -2.9335460e-01   8.4300545e-02   3.3102288e-02   6.0688005e-04  -3.9191931e-03
  -1.0186552e-01  -2.8194218e-01   1.1029334e-01   3.4393646e-02   8.3938507e-04  -3.5245334e-03
  -8.0984461e-02  -2.9539568e-01   5.0927225e-02   3.5888650e-02   5.5742763e-04  -2.7460966e-03
  -9.7413314e-02  -2.9344573e-01   8.6533167e-02   3.5035674e-02   6.1891241e-04  -2.9798555e-03
  -1.1228916e-01  -3.1563999e-01   1.0898798e-01   3.6015603e-02   2.8733648e-04  -2.8396459e-03
  -1.1436771e-01  -3.4882174e-01  -1.9815550e-01   4.6476859e-02   3.1430041e-03  -3.1726240e-03
  -1.0023849e-01  -3.1679453e-01   9.5107287e-03   4.2374757e-02   3.4182687e-04  -2.4380288e-03
  -1.0499972e-01  -2.9604861e-01  -3.4259550e-02   3.9405550e-02   6.7741068e-04  -2.8198509e-03
  -1.4356320e-01  -3.3326906e-01   3.5337246e-02   3.8621220e-02   1.3685873e-03  -4.0717576e-03
  -1.6996081e-01  -2.7237168e-01   6.2477660e-02   2.5107551e-02   1.4967173e-04  -5.9195790e-03
  -1.8417852e-01  -2.9283636e-01   5.9621154e-02   3.0449458e-02   2.1078532e-03  -5.8901712e-03
  -1.9014606e-01  -2.9383211e-01   6.8944310e-02   3.0499017e-02   2.2967594e-03  -6.2438744e-03
  -2.2528005e-01  -3.5597477e-01   3.0627026e-01   3.2357542e-02   1.4202950e-03  -5.6303777e-03
  -1.9526225e-01  -2.5177600e-01   1.3993428e-01   2.1454383e-02  -8.7095072e-05  -6.1685259e-03
  -1.7491703e-01  -3.1707051e-01   3.8119166e-02   2.5916286e-02   9.4367636e-05  -4.9660545e-03
  -1.8327182e-01  -3.0930540e-01   6.8123079e-02   2.7044280e-02   6.9236862e-04  -5.2964559e-03
  -1.7816246e-01  -3.0679450e-01   7.1773319e-02   2.6127241e-02   5.8628908e-04  -5.3058612e-03
  -1.9710820e-01  -3.0561955e-01   8.4041170e-02   2.5791437e-02   1.0422873e-03  -5.5782014e-03
  -1.9182183e-01  -3.1329088e-01   5.9386634e-02   2.5666491e-02   9.3299515e-04  -5.6535064e-03
  -2.1188523e-01  -3.0884626e-01   7.4690948e-02   2.6319294e-02   1.0679781e-03  -5.9550061e-03
  -2.2884649e-01  -3.2334808e-01   1.2197537e-01   2.6182405e-02   1.0277743e-03  -5.8874948e-03
  -2.3670257e-01  -3.1943912e-01   1.2522846e-01   2.6356532e-02   1.3139149e-03  -5.8823723e-03
  -2.5032136e-01  -3.3385617e-01   1.1035011e-01   2.6417293e-02   1.4824432e-03  -6.2534318e-03
  -2.5768187e-01  -3.3245788e-01   1.0644130e-01   2.6112883e-02   1.6389748e-03  -6.5583983e-03
  -2.5497155e-01  -3.4447608e-01   1.2918474e-01   2.5820470e-02   1.5809690e-03  -6.4141210e-03
  -2.3905066e-01  -3.4326360e-01   7.5349603e-02   2.7768619e-02   1.2464331e-03  -5.8573477e-03
  -2.7527564e-01  -3.6324417e-01   1.0675845e-01   2.9453144e-02   1.8722476e-03  -6.7842452e-03
  -2.7516260e-01  -3.6413469e-01   1.0385566e-01   2.8414914e-02   1.9514767e-03  -6.8690468e-03
  -2.7012241e-01  -3.7809915e-01   1.0262846e-01   2.8485284e-02   1.6878507e-03  -6.3785429e-03
  -2.6705763e-01  -3.9167248e-01   1.0165377e-01   2.8785274e-02   1.7910507e-03  -6.6112894e-03
  -2.5796264e-01  -3.9191759e-01   1.6356555e-01   3.0216083e-02   1.6051130e-03  -6.1283506e-03
  -2.3961121e-01  -3.9152229e-01   2.0492820e-01   3.2237627e-02   9.4638785e-04  -4.9534045e-03
  -2.1491093e-01  -3.6154620e-01   2.1224993e-01   3.6685697e-02   1.6864019e-03  -4.4670351e-03
  -1.9861873e-01  -4.5966014e-01  -2.7435155e-02   4.1093063e-02   1.1265589e-03  -3.6454809e-03
  -2.1459569e-01  -4.0403215e-01  -1.3262559e-03   3.6956625e-02   1.3751037e-03  -4.8590575e-03
  -2.3647836e-01  -4.0154518e-01   2.6633211e-02   3.6511800e-02   1.9623139e-03  -5.3176509e-03
  -2.2890625e-01  -4.3279671e-01   4.1208327e-02   3.7906844e-02   1.9299151e-03  -5.0436184e-03
  -2.2540632e-01  -4.3407210e-01   2.6161336e-02   4.0260207e-02   2.0847845e-03  -5.2252818e-03
