   0.0000000e+00   0.0000000e+00   0.0000000e+00   0.0000000e+00  -8.6736174e-19   0.0000000e+00
  -6.9655119e-03  -1.4540996e-02   1.5569853e-02   9.9187278e-05   3.1323199e-04  -1.4119119e-04
  -1.5132101e-03  -8.3137331e-03   7.3335032e-02  -3.4935598e-04   1.2097952e-04  -4.3124839e-04
  -2.5042828e-03   4.7130651e-03   9.1252427e-03  -3.2661503e-04   2.4532394e-04  -1.3732983e-04
   6.0218618e-03  -5.3772236e-03   7.7148163e-03  -2.7869815e-04   2.1756870e-04  -1.4006925e-04
   2.6165748e-03  -6.6442065e-03   8.5960361e-02  -8.4137439e-04   1.5146802e-04  -1.4533867e-04
   6.8224806e-03  -6.6794920e-03   3.0192437e-02  -4.9741989e-04   4.6086960e-05   1.7692442e-04
   4.2001656e-04  -2.1529306e-02   5.9967968e-02  -5.8832094e-04   1.7066474e-04  -1.7018086e-04
   2.0782320e-02  -2.2645376e-02   1.0543116e-01  -7.8592327e-04  -1.2214990e-05  -1.5106094e-05
   3.7040730e-02  -1.7982563e-02   7.3419919e-02  -5.2841531e-04  -1.7266365e-04   4.7586697e-04
   4.1597735e-02  -2.1059824e-02   3.8238505e-02  -6.0572225e-04  -3.3725761e-04   6.4988938e-04
   3.6409351e-02  -1.0807549e-02   8.5187176e-02  -1.0914461e-03  -3.5290618e-04   5.6207853e-04
   2.6920904e-02  -1.8797221e-02   7.5653056e-02  -9.1478949e-04  -3.4237198e-04   2.7824445e-04
   3.3706588e-02  -3.5602934e-02   6.8516738e-02  -6.6054642e-04  -4.8247383e-04   5.8571881e-04
   3.5167490e-02  -4.1376345e-02   9.9422589e-02  -1.0729793e-03  -7.0618791e-04   3.9851110e-04
   4.1300433e-02  -4.2435312e-02   1.1986604e-01  -1.2738166e-03  -7.2216606e-04   6.2963063e-04
   5.7756105e-02  -3.1978880e-02   1.1054266e-01  -1.7592794e-03  -8.4566499e-04   9.5865922e-04
   4.5084382e-02  -3.3362549e-02   7.9654704e-02  -1.3556305e-03  -6.3323243e-04   7.7589101e-04
   5.8046291e-02  -4.2802974e-02   9.7663679e-02  -1.3715524e-03  -8.7651383e-04   9.8511195e-04
   6.3457783e-02  -4.3280896e-02   1.4707599e-01  -2.2816101e-03  -1.1207209e-03   1.0200119e-03
   5.2913993e-02  -3.4064494e-02   9.2744666e-02  -1.9874358e-03  -9.8602432e-04   1.0390464e-03
   4.9080910e-02  -4.7455683e-02   6.9691558e-02  -1.9965083e-03  -9.4397931e-04   9.6594663e-04
   4.7220608e-02  -7.3601352e-02   1.3829774e-01  -2.0481329e-03  -9.9335566e-04   1.2037765e-03
   4.3206192e-02  -8.3033895e-02   6.8144152e-02  -1.8342061e-03  -1.1982568e-03   1.0321223e-03
   3.6945138e-02  -8.8237835e-02   4.5967192e-02  -1.4239216e-03  -9.6036790e-04   9.5049386e-04
   5.4218443e-02  -8.4217632e-02   1.0043711e-01  -1.7965311e-03  -9.0861056e-04   1.1765533e-03
   6.2687497e-02  -7.2843903e-02   1.2856088e-01  -2.4494522e-03  -5.9967094e-04   1.4989447e-03
   6.8824253e-02  -7.6150138e-02   4.4044207e-02  -1.8631362e-03  -6.4716146e-04   1.5319178e-03
   6.5955268e-02  -7.2874453e-02   7.5678591e-02  -2.6253709e-03  -7.2050664e-04   1.5858954e-03
   6.7385240e-02  -8.4496427e-02   4.8364133e-02  -2.2917859e-03  -7.3113299e-04   1.6127907e-03
   7.1337595e-02  -9.6916930e-02   9.8577076e-02  -2.5746482e-03  -8.4508047e-04   1.4922235e-03
   7.2727826e-02  -1.1163105e-01   9.6354437e-02  -1.9484814e-03  -6.5053399e-04   1.8406225e-03
   1.0525953e-01  -1.1757988e-01   7.4245269e-02  -2.2900440e-03  -1.0724375e-03   1.8821765e-03
   9.5349202e-02  -1.0706784e-01   4.2501984e-02  -1.7619474e-03  -9.6752010e-04   1.5936172e-03
   1.1064932e-01  -7.6629275e-02   5.7731229e-02  -1.5777310e-03  -1.2238062e-03   1.9648659e-03
   9.4732573e-02  -6.0663549e-02   4.4667207e-02  -1.8787501e-03  -1.0421934e-03   2.3611514e-03
   9.6006928e-02  -9.4749833e-02   5.0876707e-02  -2.5548423e-03  -9.2748648e-04   1.9631211e-03
   9.6168362e-02  -9.0710710e-02   7.7016062e-02  -2.9586893e-03  -9.1297458e-04   1.7190588e-03
   7.1876816e-02  -9.8373536e-02   8.2254579e-02  -2.2457751e-03  -3.4830509e-04   1.7467113e-03
   4.2383419e-02  -1.2107743e-01   1.1785814e-02  -6.8724631e-04  -4.5938277e-04   1.4037042e-03
   2.1577328e-02  -1.2212351e-01   1.0404181e-01  -1.0447218e-03  -6.6777249e-04   4.3564977e-04
   5.2829317e-02  -1.0790575e-01   8.8626946e-02  -2.3275386e-03  -7.9642808e-04   8.9090864e-04
   6.3091236e-02  -7.7897239e-02   7.8139484e-02  -2.3549660e-03  -7.7231322e-04   1.2877815e-03
   4.8005363e-02  -3.6730378e-02   3.8794268e-02  -2.0982297e-03  -9.7158146e-04   1.6079264e-03
   4.2647948e-02  -4.8138459e-02   1.1279061e-02  -1.8691927e-03  -4.3384159e-04   1.2192589e-03
   3.5415779e-02  -5.0197409e-02   5.2234381e-02  -2.7229317e-03  -4.7519734e-04   3.9121423e-04
  -4.7459152e-02  -5.4372815e-02  -4.1268150e-02  -2.1353564e-03   1.8349192e-04   1.0001258e-04
  -8.6830973e-03  -8.8290511e-02   3.3588143e-02  -2.7300944e-03   6.5139267e-04   2.1518647e-04
  -2.8588960e-03  -6.4956946e-02  -2.2793284e-02  -2.4906075e-03   6.9451982e-04   5.8951955e-04
  -2.2130927e-02  -1.2084525e-01   3.8978478e-03  -2.2227993e-03   1.3596092e-03   6.0369882e-04
  -1.8640430e-02  -2.0274223e-01   7.7403707e-02  -1.6014199e-03   1.2753432e-03   4.2800379e-04
   5.4013942e-03  -2.1927384e-01   3.8428441e-02  -1.5613461e-03   7.8892600e-04   8.4552604e-04
   8.0847587e-03  -2.2836608e-01   5.3493017e-02  -1.6588132e-03   7.3856956e-04   8.7714836e-04
   1.5692604e-02  -2.1595331e-01   5.2029988e-02  -1.7613820e-03   7.5699079e-04   1.1760002e-03
   8.1762183e-03  -2.2905225e-01   2.8741136e-02  -1.5790068e-03   8.6025491e-04   1.0772986e-03
   1.3192084e-02  -2.4520791e-01  -4.6903359e-02  -7.9695757e-04   1.2737863e-03   8.8970160e-04
   8.7760519e-03  -2.2767107e-01  -1.4782386e-02  -1.6715493e-03   8.1095306e-04   8.8536374e-04
   2.3043595e-02  -2.3364108e-01  -3.8840223e-02  -9.5126511e-04   8.5013392e-04   1.1841527e-03
   3.0087792e-02  -2.5391434e-01   4.8630379e-02  -1.5266024e-03   5.9547321e-04   9.1007284e-04
   4.0572650e-02  -2.3352368e-01   5.4437514e-02  -1.8570825e-03   5.3403734e-04   1.2059886e-03
   4.1564274e-02  -2.2623636e-01   4.5767666e-03  -1.8230427e-03   4.3594187e-04   1.1447914e-03
   3.9006512e-02  -2.1555361e-01   4.2824000e-02  -2.2586301e-03   4.4451171e-04   9.3821125e-04
   3.6619284e-02  -2.0344855e-01   4.6470933e-02  -2.4778635e-03   7.6629225e-04   1.3259791e-03
   3.5108818e-02  -2.1375705e-01   4.3067407e-03  -2.0556338e-03   5.7082398e-04   1.2855805e-03
   3.6740945e-02  -2.3122312e-01   3.8086769e-02  -2.5197490e-03   8.5124123e-04   1.2557987e-03
   5.0451543e-02  -2.1061719e-01   3.8813017e-02  -2.5487055e-03   3.5076126e-04   1.0961390e-03
   3.8777904e-02  -1.9248763e-01   1.0803278e-03  -1.5935719e-03   1.7981024e-04   1.2804370e-03
   2.4043920e-02  -1.7626328e-01  -5.2446254e-02  -1.0460053e-03  -3.0453614e-04   1.3586917e-03
   1.7600813e-02  -2.1846739e-01   1.3031234e-02  -2.2760770e-03   1.1927482e-04   9.7873863e-04
   3.6240548e-02  -2.1488259e-01   1.3877537e-02  -2.4685900e-03   1.9226925e-04   8.4395043e-04
   2.7957824e-02  -2.1369572e-01   3.0026111e-02  -2.5181703e-03   3.5165684e-04   8.9839405e-04
   2.1057946e-02  -2.4938220e-01   3.1506722e-02  -2.0842220e-03   3.4842767e-04   1.0230133e-03
   2.4225060e-02  -2.8057182e-01  -8.5605960e-03  -1.5560957e-03   5.8556885e-04   1.2262675e-03
   2.9859138e-02  -2.7114433e-01   7.4304968e-02  -2.2906940e-03   4.0435454e-04   1.1903155e-03
   2.6943267e-02  -2.5540869e-01   2.5523288e-02  -1.6224379e-03   1.4552611e-04   1.4394794e-03
   3.8062446e-02  -2.2947649e-01  -4.3640174e-02  -9.2231548e-04  -3.3979612e-04   1.3179264e-03
   1.7638361e-02  -2.1229827e-01   2.8367510e-02  -1.7354519e-03   3.2766766e-04   1.0051349e-03
   3.0578004e-02  -2.1225444e-01  -1.0942211e-02  -1.8791342e-03   2.2374151e-04   1.0428368e-03
   2.2557250e-02  -1.7892300e-01  -4.5627321e-02  -1.8952124e-03   2.2895982e-04   1.0638587e-03
   1.4767337e-02  -1.6235767e-01  -3.1560875e-02  -2.2781280e-03   9.6728492e-05   1.0169779e-03
  -5.5999747e-03  -1.5743368e-01  -5.2588157e-02  -2.3429223e-03   5.3420906e-04   9.6399405e-04
  -1.1511448e-02  -1.5722822e-01  -9.8473330e-02  -1.7928446e-03   7.0273606e-04   6.0973374e-04
  -3.0461856e-02  -1.4567104e-01  -1.6395039e-01  -1.3560473e-03   1.0809508e-03  -4.7484816e-05
  -4.3532298e-02  -1.5392222e-01  -5.9953007e-02  -1.8865306e-03   1.2834134e-03  -3.1961717e-04
  -5.1621942e-03  -1.8823228e-01  -9.5014415e-02  -1.7773791e-03   9.5840124e-04   2.3983120e-04
  -1.3007529e-02  -1.8420342e-01  -1.1752097e-01  -1.7414815e-03   1.2676233e-03   1.6750501e-04
  -7.6067114e-02  -2.0025696e-01  -1.5679337e-01  -1.8537016e-03   1.7841280e-03   2.4066438e-04
  -4.6461795e-02  -2.6365649e-01  -1.4486832e-01  -1.4113605e-03   1.3626094e-03   4.5498908e-04
  -2.1639116e-02  -2.6534691e-01  -5.5733585e-02  -2.1658030e-03   4.1011439e-05   2.8536503e-04
  -4.0361595e-02  -2.3878156e-01  -1.0052436e-01  -2.8135039e-03   2.7396253e-05   3.5231533e-04
  -4.0457823e-02  -2.6938845e-01  -5.6801444e-02  -1.8060250e-03   6.7078416e-04  -1.6249116e-05
  -7.2077857e-02  -2.7559449e-01  -3.5838786e-03  -2.3923045e-03   1.8344428e-03  -6.5375814e-05
  -1.7206244e-01  -2.5711584e-01  -1.3519668e-01  -1.0875688e-03   1.7916339e-03  -3.8776011e-04
  -2.5931887e-01  -2.4025603e-01  -1.2292085e-01  -1.2674115e-03   1.8708061e-03  -2.1882107e-03
  -2.3043026e-01  -2.4415167e-01  -2.0772046e-01  -1.3526541e-03   2.1556948e-03  -1.7422211e-03
  -1.5651581e-01  -2.7955242e-01  -1.4368397e-01  -1.0896234e-03   1.4632997e-03  -1.3818691e-03
  -1.3983957e-01  -2.8929968e-01  -7.5740896e-02  -1.4942004e-03   1.8629811e-03  -1.4967657e-03
  -1.9055426e-01  -2.7461069e-01  -1.2895623e-01  -9.4927141e-04   1.9332339e-03  -2.0392801e-03
  -2.1360461e-01  -2.9365987e-01  -2.1143503e-01  -6.0634447e-04   1.3024043e-03  -2.5037805e-03
  -1.9403732e-01  -2.8578436e-01  -1.1659017e-01  -1.5436064e-03   9.7665016e-04  -2.3316120e-03
  -1.8672464e-01  -2.9412429e-01  -1.7315246e-01  -6.1793644e-04   4.9158768e-04  -2.0536821e-03
  -2.4570116e-01  -2.7925368e-01  -1.1077676e-01  -8.5565834e-04   1.2862923e-03  -2.8160792e-03
  -2.5826458e-01  -2.7304656e-01  -2.1985119e-01  -3.4866321e-04   1.4553874e-03  -2.9821342e-03
  -2.0018362e-01  -2.9707734e-01  -1.1789787e-01  -8.5795187e-04   8.5829077e-04  -2.5642457e-03
  -2.0964886e-01  -2.9265003e-01  -2.1039810e-01   2.5900614e-05   6.6311037e-04  -2.8941008e-03
  -2.2274035e-01  -2.8991074e-01  -1.3720276e-01  -4.8337750e-04   7.9254158e-04  -3.2697726e-03
  -2.4479003e-01  -3.0424792e-01  -2.8259449e-01  -2.0376163e-04   6.8545567e-04  -3.4076248e-03
  -2.0471777e-01  -2.9756213e-01  -1.4002423e-01  -1.3323171e-03   1.7788075e-04  -2.8482872e-03
  -1.7000232e-01  -2.8366547e-01  -2.5652990e-01  -1.2794545e-04  -4.1546900e-04  -1.7361312e-03
  -1.9090186e-01  -3.0885071e-01  -9.9914841e-02  -4.8801795e-04  -4.2465070e-05  -1.9570533e-03
  -2.1166775e-01  -3.3306428e-01  -2.4394316e-01  -7.9496430e-06  -1.1154688e-04  -2.2368215e-03
  -1.9392649e-01  -3.6502118e-01  -7.8892230e-02  -2.9514973e-04  -1.9009612e-04  -2.1231442e-03
  -2.0863691e-01  -3.1297725e-01  -2.8395334e-01  -2.8806618e-04  -2.7921190e-04  -2.4683022e-03
  -2.4151374e-01  -3.5603123e-01  -9.1808450e-02  -4.4310375e-04   8.9351060e-04  -3.6451237e-03
  -2.7540620e-01  -3.5979481e-01  -2.4004780e-01  -8.3596262e-04   1.1990310e-03  -4.1144292e-03
  -2.3992877e-01  -3.8254914e-01  -1.7081629e-01  -8.9809160e-04   3.7763053e-04  -4.6258869e-03
  -2.6233368e-01  -3.6818360e-01  -1.7217117e-01  -1.0439249e-03   4.4641584e-04  -4.4137963e-03
  -2.3833209e-01  -3.5321889e-01  -2.6084264e-01  -1.0859920e-03  -1.0266020e-05  -3.5280877e-03
  -2.4757283e-01  -3.3657239e-01  -2.0494988e-01  -8.6921276e-04   1.5302671e-05  -3.1968377e-03
  -2.2021361e-01  -3.4903276e-01  -2.7919819e-01  -6.5429299e-05  -4.6328749e-04  -3.0088261e-03
