   0.0000000e+00   0.0000000e+00   0.0000000e+00   0.0000000e+00  -8.6736174e-19   0.0000000e+00
  -1.1949612e-02   1.0150235e-01  -3.9670638e-04  -4.6139922e-03   1.1679882e-04  -6.9538094e-06
  -8.6066615e-03   5.4395331e-02   1.2215624e-01  -6.0863540e-03  -8.3414780e-05  -1.1301137e-05
   7.9401154e-04  -1.2343522e-02   9.3462663e-02  -4.5750995e-03  -5.3768863e-04   6.1518303e-05
  -3.5190046e-03   1.0820447e-01   3.6854356e-02  -5.1811526e-03   4.4757334e-05   4.3236140e-05
   6.4508045e-02  -1.2814665e-02   1.7172525e-01  -3.4188223e-03  -1.7300201e-03   4.4806662e-04
   7.8668040e-02  -6.5509886e-02   1.9035261e-01  -2.7767640e-03  -2.0917225e-03   9.2463197e-05
   7.2004358e-02   7.0784858e-03   1.9041103e-01  -3.2301985e-03  -2.2250189e-03   4.1130622e-05
   9.3351836e-02  -1.3324570e-01   2.8710444e-01  -2.1392794e-03  -3.0357286e-03   2.6027297e-04
   1.0121637e-01  -1.7907829e-01   2.7286561e-01  -1.7927575e-03  -2.8936451e-03  -2.3421714e-04
   8.6416249e-02  -3.5740914e-02   2.5031797e-01  -2.5601661e-03  -2.8660831e-03  -4.2029929e-05
   6.9769918e-02  -5.1347043e-02   3.3935028e-01  -2.8838216e-03  -2.7055404e-03  -4.7611046e-05
   7.6069127e-02  -1.6071511e-01   3.5048551e-01  -2.5096416e-03  -3.0295833e-03   2.5024954e-05
   5.1237613e-02  -2.9988257e-02   2.6782173e-01  -3.1971455e-03  -2.6963406e-03   7.9922370e-05
   3.9030181e-02  -2.0389073e-02   3.2427658e-01  -3.2465853e-03  -2.4774809e-03   5.6671531e-05
   5.7191296e-02  -1.5187403e-01   3.5519637e-01  -2.5195647e-03  -2.7703321e-03   5.3814265e-05
   1.8915497e-02  -4.1782164e-02   2.7634652e-01  -3.5929790e-03  -2.1092225e-03   1.0841377e-04
   4.1133213e-02  -1.1181483e-01   3.5836971e-01  -3.2817273e-03  -2.4508061e-03   4.5534412e-05
   5.5667496e-02  -1.6579104e-01   3.5349339e-01  -2.3700141e-03  -2.7586430e-03  -4.1900414e-05
   2.6037204e-02  -4.8863795e-02   2.9847598e-01  -3.6455930e-03  -2.1738063e-03   4.2561941e-05
  -4.2523621e-02  -1.4656110e-01  -1.1955248e-01  -2.6261381e-03   6.2322337e-04   7.0265496e-05
  -1.5403439e-03  -2.1800692e-01  -9.9385044e-02  -1.7334443e-03  -8.4240155e-04   3.6045720e-04
  -2.7324597e-02  -4.3867130e-02  -9.6426480e-02  -2.7456712e-03  -4.3185263e-04   8.0052062e-05
  -5.1741708e-02   9.5375729e-02   1.0616612e-01  -5.0465575e-03  -2.5127941e-04  -4.1225262e-04
  -7.1781336e-02   4.1716141e-02   2.8642051e-01  -5.8846479e-03  -2.9148475e-05  -3.5354148e-04
  -7.4785829e-02   1.2298382e-01   3.7600463e-01  -8.3727795e-03   1.6114538e-04  -4.0386219e-04
  -9.4493338e-02   2.1707980e-01   2.7329762e-01  -1.0961254e-02   6.0583175e-04   1.4220230e-04
  -7.4879096e-02   7.0561046e-02   3.7674542e-01  -1.0168760e-02   2.1489062e-04   1.5048863e-04
  -8.1607562e-02   1.1660947e-01   2.9904338e-01  -9.9443650e-03   2.1500912e-04   6.1657928e-05
  -1.1207413e-01   2.1981425e-01   2.9285551e-01  -1.2126265e-02   9.5492789e-04  -5.2666080e-08
  -1.0340414e-01   1.4467923e-01   3.5254290e-01  -1.2231706e-02   5.5122969e-04   4.1001415e-04
  -9.2393426e-02   2.1425986e-01   4.1677792e-01  -1.3018017e-02   6.1269785e-04   6.8110838e-05
  -1.0670751e-01   2.1701589e-01   4.5415901e-01  -1.4025506e-02   1.0534003e-03   2.2221504e-04
  -3.9293577e-02   2.9840652e-01   3.1739496e-01  -1.8575913e-02   5.9371698e-04  -2.4435909e-04
  -3.7997507e-02   8.9676020e-02   5.0098497e-01  -1.4311957e-02   2.7515041e-04  -3.4987195e-04
  -3.7193921e-02   1.2352116e-01   3.9262572e-01  -1.3007987e-02   1.9044336e-04  -3.3278989e-04
  -6.9505524e-02   2.1780099e-01   3.9680206e-01  -1.3047653e-02   8.2516464e-04  -1.5252042e-04
  -2.8485223e-02   8.7151530e-02   4.6137150e-01  -1.1297817e-02  -1.6752535e-04   9.4285925e-05
   1.4412657e-02   7.5623787e-02   4.4051260e-01  -1.0093852e-02  -1.2417426e-03   5.0259327e-04
   1.3674447e-02   8.8406905e-03   4.9338273e-01  -9.3440198e-03  -1.4432055e-03   6.5418236e-04
   4.6806511e-02  -3.3724922e-02   4.4968596e-01  -8.3765612e-03  -2.3324610e-03   1.0989986e-03
   4.8498018e-02   3.4087021e-02   4.2753788e-01  -8.1961936e-03  -2.0933546e-03   4.0739568e-04
   4.1885962e-02  -9.9417399e-02   4.8471971e-01  -7.4846395e-03  -2.0904996e-03   3.3610900e-04
   5.2293226e-02  -1.7819267e-02   4.0549185e-01  -8.0012190e-03  -2.3411816e-03   2.2461853e-05
   3.9580959e-02  -7.8349564e-02   4.7063286e-01  -7.5951589e-03  -2.5088144e-03  -2.0920657e-04
   4.1666143e-02  -7.7316515e-02   4.0890773e-01  -7.1990384e-03  -2.6214617e-03  -1.1700589e-04
   3.1772693e-02  -6.8250478e-03   4.1124210e-01  -7.7120648e-03  -2.4973062e-03  -2.0555320e-04
   2.3203871e-02  -9.6958766e-02   4.4941771e-01  -7.1028753e-03  -2.3823446e-03  -2.6214891e-04
   3.5655948e-03  -9.8190896e-03   4.0759102e-01  -7.7533853e-03  -2.0168432e-03  -3.1957713e-04
   1.8890716e-02  -1.2610918e-01   5.2738425e-01  -7.6247142e-03  -2.1916664e-03  -4.6628812e-04
   1.8529699e-02  -1.2172575e-01   4.2220134e-01  -7.0533695e-03  -2.1920408e-03  -4.7603678e-04
  -2.8546025e-02   4.8857646e-03   1.8149169e-01  -7.9479229e-03  -6.3241463e-04  -6.7739815e-04
  -2.8984660e-02  -9.3087149e-02   2.5191808e-01  -7.5484119e-03  -5.7818935e-04  -7.6445569e-04
  -7.6414918e-02   1.1463266e-02   2.2757129e-01  -8.0710302e-03   9.5952913e-05  -6.2299765e-04
  -1.0467362e-01   6.3967471e-03   3.4687918e-01  -8.9683778e-03   5.9592484e-04  -4.1833126e-04
  -6.4597919e-02   1.3444106e-01   5.6313063e-01  -1.3109329e-02   6.8142422e-06  -8.9228872e-04
  -6.7720946e-02   1.6614675e-01   5.6729662e-01  -1.6387640e-02   4.7566450e-04  -1.2391282e-03
  -4.7610343e-02  -1.8312772e-02   5.0961016e-01  -1.2411181e-02  -1.2751083e-04  -8.5336743e-04
  -7.7769274e-02   1.2625277e-01   3.8679584e-01  -1.3307965e-02   4.6318062e-04  -8.4737163e-04
  -1.1676924e-01   1.8019167e-01   3.8829036e-01  -1.4389938e-02   1.2027918e-03  -7.6284447e-04
  -3.2532295e-02   1.2078695e-02   4.8048080e-01  -1.1467182e-02  -1.3278218e-03  -1.7555089e-04
  -3.3008843e-02   4.5226316e-02   4.3461892e-01  -1.0775681e-02  -1.1285215e-03  -4.3932444e-04
  -2.8418973e-02  -6.3929415e-02   5.0658167e-01  -9.7505535e-03  -1.1147530e-03  -7.2980225e-04
  -1.5274439e-02  -1.5023190e-01   4.8820128e-01  -8.2572531e-03  -1.7857113e-03  -7.7307150e-04
  -3.3171086e-02  -5.1794514e-02   4.7301562e-01  -8.3166355e-03  -1.6464253e-03  -6.6938702e-04
  -2.7691923e-02  -7.0451806e-02   5.4542062e-01  -8.7861086e-03  -1.6748310e-03  -8.0427490e-04
  -1.4378111e-02  -1.6433264e-01   5.6677878e-01  -8.0952848e-03  -2.1680581e-03  -3.9272677e-04
  -4.7220074e-02  -4.6269965e-02   4.8473173e-01  -8.7292203e-03  -1.5284923e-03  -7.1987350e-04
  -3.8418164e-02  -1.0888141e-01   5.7333539e-01  -9.1221813e-03  -1.8024513e-03  -4.7870008e-04
  -2.5015816e-02  -1.3753711e-01   5.4131797e-01  -8.1503101e-03  -1.8640156e-03  -8.5145454e-04
  -4.9995192e-02  -3.2025049e-02   5.2595778e-01  -9.0799188e-03  -1.4407358e-03  -8.2007625e-04
  -5.7127992e-02  -9.0363370e-02   5.8483406e-01  -9.2319139e-03  -1.3977371e-03  -8.1543523e-04
  -6.8518613e-02  -1.0437466e-01   5.5071229e-01  -9.0463448e-03  -1.1054351e-03  -7.5287818e-04
  -8.4458444e-02  -2.4871086e-02   5.4303071e-01  -1.0410126e-02  -6.8692639e-04  -8.5896930e-04
  -8.2055624e-02  -1.2909684e-01   5.4982707e-01  -9.6127578e-03  -7.0173110e-04  -8.5324772e-04
  -5.4153814e-02  -2.3230004e-01   2.3234998e-01  -8.3179694e-03  -7.2808331e-04  -9.3451944e-04
  -9.2563819e-02  -7.0094856e-02   1.9558058e-01  -9.2002793e-03  -8.0071360e-05  -9.4101257e-04
  -1.2363645e-01   6.8559961e-02   2.6974607e-01  -1.2225065e-02   1.0327948e-03  -1.2473939e-03
  -8.6527195e-02   1.1626268e-01   3.3764846e-01  -1.5913413e-02   6.3424838e-04  -1.3688147e-03
  -8.7600389e-02   1.0639430e-01   3.7655886e-01  -1.6646638e-02   7.6153322e-04  -1.3069336e-03
  -8.8926834e-02  -3.5648099e-02   3.4822328e-01  -1.2877168e-02   4.3009965e-04  -1.0056566e-03
  -7.6320462e-02  -6.9937560e-02   2.9630265e-01  -1.1592480e-02  -2.3892221e-05  -9.0519687e-04
  -1.1851302e-01   1.0518798e-01   2.0939421e-01  -1.4639387e-02   9.7710027e-04  -9.8871808e-04
  -1.1218205e-01   2.3268417e-01   5.9650285e-02  -2.2726986e-02   1.4811687e-03  -1.4639056e-03
  -1.5320920e-01   1.6863357e-01  -4.7421154e-03  -2.2651355e-02   2.7825898e-03  -1.8683025e-03
  -7.9132527e-02  -8.2426568e-02   3.0390307e-01  -1.4548877e-02   6.4259199e-04  -9.5162908e-04
  -4.4092100e-02  -2.8226996e-02   2.4300434e-01  -1.3651744e-02  -7.0654181e-04  -5.4282240e-04
  -3.2269794e-02  -7.5731618e-02   3.5350575e-01  -1.2656207e-02  -8.8632414e-04  -1.0912031e-03
  -1.8024051e-02  -1.4600799e-01   3.5806407e-01  -1.0943402e-02  -1.4051040e-03  -8.5018018e-04
  -3.8503488e-02  -3.2279162e-02   3.4792985e-01  -1.1888810e-02  -1.2094732e-03  -8.9380146e-04
  -3.9003433e-02  -1.5496257e-01   4.6904865e-01  -1.1138684e-02  -1.3866395e-03  -1.0471085e-03
  -3.3508206e-02  -1.5375274e-01   4.3066113e-01  -1.0748540e-02  -1.6222627e-03  -9.9476319e-04
  -5.4922403e-02  -4.7192311e-02   4.2867547e-01  -1.1383228e-02  -1.3146655e-03  -1.1074228e-03
  -6.3720233e-02  -1.9059081e-01   5.4070313e-01  -1.0847791e-02  -1.1218537e-03  -1.0647530e-03
  -6.6365122e-02  -1.7208110e-01   4.6283463e-01  -1.0896597e-02  -1.2960847e-03  -1.0546154e-03
  -8.8686760e-02  -7.5357016e-02   4.6311846e-01  -1.1702048e-02  -9.1261046e-04  -1.1509728e-03
  -7.6372588e-02  -1.9095118e-01   5.6373222e-01  -1.0834444e-02  -1.0470957e-03  -1.1295787e-03
  -7.9144560e-02  -1.1663992e-01   5.6605460e-01  -1.1781778e-02  -9.7973532e-04  -1.2406106e-03
  -9.2442644e-02  -8.1823015e-02   6.2069014e-01  -1.2462845e-02  -7.8436033e-04  -1.1813146e-03
  -1.0059894e-01  -1.1038220e-01   6.1469396e-01  -1.2305882e-02  -6.9080842e-04  -1.2229383e-03
  -1.0403123e-01  -6.6358262e-02   5.9069494e-01  -1.2535995e-02  -6.6946081e-04  -1.3473494e-03
  -8.9877392e-02  -1.8178002e-01   6.7400181e-01  -1.2527082e-02  -9.2911016e-04  -1.2840129e-03
  -1.0246661e-01  -1.4160146e-01   5.8787054e-01  -1.2391584e-02  -7.5380200e-04  -1.3045949e-03
  -1.3564076e-01  -1.1127257e-01   2.9346771e-01  -1.1436594e-02   4.0123656e-04  -1.2611559e-03
  -8.5570871e-02  -3.5743337e-01   8.4411062e-02  -7.1222181e-03   5.7311892e-04  -9.6728787e-04
  -7.0964014e-02  -2.8862210e-01   5.1233047e-02  -7.1011038e-03  -6.7521974e-05  -1.0599154e-03
  -5.2107798e-02  -3.0624566e-01   1.3756872e-02  -3.4114752e-03  -1.5088274e-03  -9.9390869e-04
  -1.0377146e-01  -2.7308409e-01   8.4916036e-02  -4.1013414e-03  -1.0301791e-03  -1.2394454e-03
  -8.4027594e-02  -3.7334958e-01   2.8266582e-01  -3.7039477e-03  -7.8314888e-04  -8.7526891e-04
  -8.9739034e-02  -3.0627063e-01   2.1932394e-01  -3.5228006e-03  -1.0766806e-03  -9.7190637e-04
  -5.6918444e-02  -3.1015587e-01   3.0648090e-01  -3.2893618e-03  -2.1464712e-03  -6.7388014e-04
  -5.3007404e-02  -4.6995574e-01   4.0792871e-01  -2.9157120e-03  -2.2921280e-03  -8.6984731e-04
  -6.4204398e-02  -3.7982708e-01   3.3824499e-01  -2.9835524e-03  -2.4646288e-03  -8.3123998e-04
  -8.5994012e-02  -2.8092131e-01   3.4442084e-01  -3.6613980e-03  -2.1868032e-03  -1.0584729e-03
  -8.1494263e-02  -4.1798310e-01   4.5804462e-01  -2.9512685e-03  -2.4468202e-03  -1.0923995e-03
  -9.6239542e-02  -3.1683218e-01   3.5883803e-01  -3.6473560e-03  -2.1481596e-03  -1.1827210e-03
  -1.3538923e-01  -3.3306297e-01   1.7923898e-01  -4.3132193e-03  -5.5605551e-04  -1.3572813e-03
  -1.2668072e-01  -4.5071534e-01   1.4841626e-02  -2.3885131e-03   1.1500231e-05  -8.8290885e-04
  -2.2303626e-01  -2.4674391e-01   6.7541840e-02  -5.1110843e-03   1.5400409e-03  -9.3531085e-04
  -2.3104803e-01  -1.0400835e-01   8.6696123e-02  -1.1497550e-02   2.3157238e-03  -1.0556880e-03
