   0.0000000e+00   0.0000000e+00   0.0000000e+00   0.0000000e+00   0.0000000e+00  -3.7615819e-37
   2.2406589e-02  -2.5109867e-02   6.3720370e-02  -6.1662721e-04   1.3063897e-04   1.6271854e-05
   7.9544192e-03  -1.1610819e-02   2.5509608e-02  -5.5025904e-04  -1.5166883e-04  -1.7155116e-04
   2.7343671e-03  -1.5968534e-02  -9.7788185e-03  -7.4151557e-05  -3.5959412e-04  -2.0787871e-04
   6.1126792e-03  -2.1218668e-02   2.7845669e-02   6.4645566e-06  -5.4302299e-04  -3.4893468e-04
  -1.2714071e-02  -2.8923253e-02   7.4865983e-03  -3.7751553e-04  -5.9049454e-04  -7.5314799e-04
  -1.1785237e-02  -1.4177165e-02  -9.9440882e-03  -6.3371687e-04  -6.1603529e-04  -6.2565007e-04
   2.3148279e-02  -4.6011591e-02   7.3114632e-02  -1.7226017e-03  -5.2547549e-04  -3.5504453e-04
  -3.3377463e-03  -2.0112235e-02  -2.7406368e-02  -3.3163631e-04  -5.6940816e-04  -3.5755335e-04
   3.8284313e-03  -4.3640541e-02   2.5635981e-03  -5.4855113e-05  -3.9958020e-04  -4.8406749e-04
   5.9917435e-03  -2.5996209e-02  -1.9274912e-03   2.3614308e-04  -7.3833496e-04  -4.5390251e-04
  -2.5089439e-03  -4.8560164e-02  -6.6746233e-04  -1.1652596e-03  -3.3075925e-04  -6.7179823e-04
   8.5979646e-03  -4.6236297e-02  -3.7577477e-02   2.4145766e-04  -1.9061438e-04  -6.2547779e-04
   4.2606013e-02  -1.8203627e-02  -3.2018695e-02  -7.6153499e-04  -4.9548710e-04  -5.8878039e-05
   5.7116169e-02   3.1482822e-02  -3.5199558e-01   1.4996747e-03  -1.0691541e-03  -1.5257856e-05
   9.1595302e-02   3.8492785e-02  -3.5443271e-01   1.9018344e-03  -1.2508212e-03   6.2678447e-04
   4.7217688e-02   6.8691343e-02  -6.3553382e-01   3.2299102e-03  -9.0547964e-04   1.8769170e-04
   5.9041400e-02   5.0894624e-02  -5.0192527e-01   3.9584374e-03  -8.6567713e-04  -1.3619564e-04
   6.6998331e-02   6.0220911e-02  -5.1370437e-01   2.2765960e-03  -8.7726562e-04  -4.0432045e-04
   3.2239123e-02   5.7845786e-02  -3.3772472e-01   7.4303877e-04  -3.6208604e-04  -5.9573766e-04
   1.7483739e-02   5.3497518e-02  -3.3831797e-01   1.5241070e-03  -9.7832320e-04  -6.1389364e-04
   2.9850880e-02   2.5884116e-02  -2.9588941e-01   1.9212045e-03  -1.1188434e-03  -7.7858302e-04
   2.2751843e-02   3.0377316e-02  -3.1425743e-01   1.5436842e-03  -1.1632723e-03  -9.3437230e-04
   2.3116037e-02   1.7432516e-02  -2.5627674e-01  -4.1413509e-04  -1.1394093e-03  -1.2055193e-03
  -5.1196859e-03   3.2143828e-02  -2.7256778e-01  -7.6912251e-05  -1.1938099e-03  -1.4378009e-03
  -2.0286731e-02   2.7513830e-02  -2.6187339e-01   8.2980595e-04  -1.1510237e-03  -1.2517493e-03
  -2.1956452e-02   1.1790031e-02  -1.3071913e-01  -1.0265672e-03  -1.3237326e-03  -1.3199442e-03
   1.3304411e-02   2.8702436e-02  -3.2370363e-01   1.7951743e-03  -1.2663068e-03  -1.2674356e-03
  -4.4756227e-03   3.9229268e-02  -1.2131007e-01  -3.2505842e-04  -1.3648967e-03  -1.7797968e-03
   7.3321175e-03   3.5496889e-02  -1.6648430e-01   1.1117248e-04  -1.8387917e-03  -2.2930472e-03
   1.5761886e-02   4.3386031e-02  -1.9906787e-01   3.4380358e-04  -2.2689545e-03  -2.6479368e-03
   2.5912188e-02   3.8430303e-02  -1.9592634e-01   2.2748378e-04  -2.2780983e-03  -2.6856387e-03
   3.5814961e-02   4.3175220e-02  -1.1272580e-01  -3.2452635e-04  -2.1128080e-03  -2.8078134e-03
   4.5525972e-02   2.6348829e-02   1.5564728e-02  -1.7624789e-03  -1.5822177e-03  -2.7461161e-03
   5.3912102e-02   1.4430097e-03   2.2569075e-02  -1.3998222e-03  -1.7628564e-03  -2.5723095e-03
   5.9108692e-02   2.4785002e-02  -8.4186274e-02  -9.7272574e-04  -1.2998061e-03  -2.6225944e-03
   6.9041236e-02   3.3622216e-02   1.0390679e-01  -4.0895113e-03  -1.2145823e-03  -2.5926645e-03
   3.4485453e-02  -1.8752707e-02   1.7905532e-01  -3.6242031e-03  -9.6257967e-04  -2.3646211e-03
   2.0306843e-02  -2.2870343e-02   2.0402858e-01  -4.1939202e-03  -6.0822435e-04  -2.9058020e-03
   3.9704564e-02  -3.9744764e-02   2.4077584e-01  -3.9788184e-03  -7.4211910e-04  -2.7793631e-03
   4.2061426e-02  -3.2785344e-02   2.5639092e-01  -4.9158811e-03  -8.2529443e-04  -2.7457870e-03
   2.4922898e-02  -3.4959431e-02   1.9133551e-01  -3.0612258e-03  -7.6831159e-04  -2.9215052e-03
   3.0908242e-02  -6.6991838e-02   2.1846044e-01  -3.0175615e-03  -8.1544074e-04  -2.9797040e-03
   2.0076869e-02  -5.9958423e-02   2.4144864e-01  -4.1429487e-03  -8.9509871e-04  -3.0178161e-03
   1.3840212e-02  -7.5270143e-02   2.0968215e-01  -2.9398925e-03  -8.7149483e-04  -3.0059322e-03
   2.8696625e-02  -8.6496662e-02   2.7973188e-01  -3.5603533e-03  -1.1220676e-03  -2.9215990e-03
   1.4241771e-02  -9.1466559e-02   2.1420755e-01  -2.5699462e-03  -8.0956659e-04  -3.2107554e-03
   4.0198592e-02  -1.1478776e-01   2.9823009e-01  -2.8934108e-03  -8.1746044e-04  -2.9210322e-03
   1.6958146e-02  -9.1141874e-02   2.4142949e-01  -2.9615705e-03  -7.7421793e-04  -3.0574070e-03
   1.0845278e-02  -1.0425174e-01   2.8404238e-01  -3.6869372e-03  -6.0048553e-04  -3.2088090e-03
   4.6267646e-03  -1.0573483e-01   2.6209533e-01  -3.8197112e-03  -7.5894806e-04  -3.4720187e-03
  -1.8994552e-03  -1.1981500e-01   2.4002404e-01  -3.2871625e-03  -9.4786755e-04  -3.4093482e-03
   6.9216217e-03  -1.1230398e-01   2.3745366e-01  -3.0284442e-03  -5.3254170e-04  -3.2135008e-03
   3.4331591e-03  -1.1434126e-01   1.3863547e-01  -2.0548991e-03  -5.4027812e-04  -3.5573971e-03
  -1.9692133e-02  -8.4199468e-02   2.0757461e-02  -1.2811896e-03  -1.4364780e-04  -4.0737288e-03
  -6.9638282e-02  -7.4964265e-02   1.6411064e-01  -1.8647275e-03   3.3895062e-04  -4.9985991e-03
  -9.5232016e-02  -6.8241419e-02   1.1305064e-01  -2.0262968e-03   1.0572947e-03  -5.4419746e-03
  -9.4025517e-02  -1.0967001e-01   1.8338710e-01  -1.6142533e-03   1.3796888e-03  -5.6001582e-03
  -9.5263723e-02  -8.3485832e-02   1.3549638e-01  -1.7880684e-03   1.1142862e-03  -5.8952769e-03
  -1.1642450e-01  -8.5681881e-02   1.3009980e-01  -2.3289608e-03   9.5671303e-04  -6.1918646e-03
  -1.5235665e-01  -7.7013138e-02   1.2048342e-01  -2.3213545e-03   8.9191232e-04  -6.9328294e-03
  -1.7268089e-01  -5.9555732e-02   7.4574368e-02  -1.8876628e-03   9.3231837e-04  -7.3201913e-03
  -1.8576465e-01  -6.5022514e-02   4.3776861e-02  -1.5334198e-03   8.2583111e-04  -7.7086296e-03
  -1.7757604e-01  -6.6695556e-02   7.3525380e-02  -1.6808187e-03   6.0416219e-04  -7.8376181e-03
  -1.6738471e-01  -7.8521681e-02   4.7138144e-02  -1.8558986e-03   8.2106534e-04  -7.6279966e-03
  -1.9100178e-01  -5.3637243e-02   6.0759963e-02  -1.8773717e-03   8.2092728e-04  -8.0913194e-03
  -1.7610110e-01  -6.4200187e-02   9.1414620e-02  -1.7331713e-03   1.1138242e-03  -7.8683913e-03
  -1.7153429e-01  -9.5658919e-02   1.5710732e-01  -1.4064202e-03   1.6109364e-03  -7.7669535e-03
  -2.0390228e-01  -6.9650506e-02   9.6732464e-02  -1.9964289e-03   1.9595959e-03  -8.2909716e-03
  -2.1051878e-01  -7.7784498e-02   2.4507221e-01  -4.2391374e-03   2.1989701e-03  -8.5134443e-03
  -2.4512300e-01  -1.3719445e-01   4.7604661e-01  -4.7011721e-03   2.4523344e-03  -8.5129686e-03
  -2.5604105e-01  -1.2427196e-01   4.9094631e-01  -5.0744580e-03   2.3489704e-03  -8.5679099e-03
  -2.6188620e-01  -1.5519683e-01   5.4185204e-01  -4.9640341e-03   2.7417395e-03  -8.7209588e-03
  -2.3563576e-01  -1.5715743e-01   5.8159269e-01  -5.2609381e-03   2.8118091e-03  -8.5175374e-03
  -2.5191591e-01  -1.5825335e-01   5.5245155e-01  -4.6643793e-03   2.8852349e-03  -8.9017881e-03
  -2.5011583e-01  -2.1075301e-01   6.1366334e-01  -5.0020219e-03   2.9565910e-03  -8.7793217e-03
  -2.5081192e-01  -1.9166655e-01   6.2190475e-01  -6.4873060e-03   3.1769446e-03  -8.7494131e-03
  -2.3889050e-01  -2.4103257e-01   6.7616026e-01  -6.0769193e-03   3.4832731e-03  -8.8750461e-03
  -2.3887936e-01  -2.3748875e-01   6.8653678e-01  -5.5686847e-03   3.6896407e-03  -8.8526067e-03
  -2.4435623e-01  -2.0888206e-01   4.7754190e-01  -4.2741339e-03   3.5743318e-03  -9.1235722e-03
  -2.5299956e-01  -2.0142236e-01   5.0576644e-01  -5.1063726e-03   3.3548679e-03  -9.4269407e-03
  -2.6442660e-01  -1.6865514e-01   4.9859019e-01  -5.3023988e-03   3.4495118e-03  -9.7130567e-03
  -2.8866981e-01  -1.7198989e-01   4.3940735e-01  -5.1618429e-03   3.4913553e-03  -1.0052967e-02
  -3.0434669e-01  -1.6738950e-01   5.0319942e-01  -5.3361058e-03   3.9437009e-03  -1.0308444e-02
  -3.2631590e-01  -1.6584613e-01   4.3339922e-01  -4.9150760e-03   4.0495162e-03  -1.0908712e-02
  -3.2159615e-01  -1.5666028e-01   4.4526382e-01  -5.6006834e-03   3.9035712e-03  -1.0997186e-02
  -3.0543316e-01  -1.8603720e-01   4.9526775e-01  -5.4221059e-03   4.1642058e-03  -1.1125044e-02
  -3.1286805e-01  -1.8673728e-01   5.1297505e-01  -5.5499343e-03   4.5347583e-03  -1.1270384e-02
  -3.1482898e-01  -1.7401944e-01   3.5562156e-01  -3.6267898e-03   4.4686446e-03  -1.1365251e-02
  -3.0944781e-01  -1.6811481e-01   4.0564822e-01  -4.9090265e-03   4.3974406e-03  -1.1514962e-02
  -2.9992568e-01  -1.8151379e-01   4.6922300e-01  -5.0959812e-03   4.4421194e-03  -1.1409424e-02
  -2.9304712e-01  -1.5227917e-01   4.0646862e-01  -4.9409231e-03   4.2606778e-03  -1.1377285e-02
  -2.9158777e-01  -1.8298310e-01   4.2865476e-01  -5.2389313e-03   4.4839944e-03  -1.1333134e-02
  -3.1454161e-01  -2.3202168e-01   5.7453326e-01  -8.0775392e-03   4.9556654e-03  -1.1722048e-02
  -3.4308482e-01  -2.4083559e-01   7.3929067e-01  -8.7140283e-03   5.9542832e-03  -1.1459462e-02
  -3.5853347e-01  -2.4481932e-01   7.3151919e-01  -7.1738023e-03   5.4657948e-03  -1.1835579e-02
  -3.3303945e-01  -2.7988855e-01   7.8139360e-01  -7.4891368e-03   6.0333229e-03  -1.1817603e-02
  -3.4986722e-01  -2.9111178e-01   7.5286427e-01  -7.1856521e-03   6.2160414e-03  -1.2173601e-02
  -3.3654395e-01  -3.1663255e-01   7.6305538e-01  -6.1237318e-03   6.6125122e-03  -1.1824557e-02
  -3.3196834e-01  -3.1127459e-01   8.2335050e-01  -6.1430933e-03   6.8728316e-03  -1.2207641e-02
  -3.2868746e-01  -3.1604315e-01   8.1775533e-01  -6.2755933e-03   6.8523983e-03  -1.2349816e-02
  -3.0230759e-01  -3.3952519e-01   8.2313158e-01  -6.2785625e-03   6.9508122e-03  -1.2030396e-02
  -2.7863176e-01  -3.1736884e-01   6.1204256e-01  -4.4187389e-03   7.0883939e-03  -1.2070565e-02
  -2.6557340e-01  -2.9755714e-01   6.4009070e-01  -4.9248590e-03   6.6581073e-03  -1.2300380e-02
  -2.6307712e-01  -2.7791566e-01   6.7691021e-01  -6.1755757e-03   6.4731857e-03  -1.2313640e-02
  -2.7638379e-01  -2.5321773e-01   5.4658186e-01  -4.9911951e-03   6.7581959e-03  -1.2518492e-02
  -2.7616019e-01  -2.5872244e-01   5.9241228e-01  -5.8181913e-03   6.8110269e-03  -1.2658011e-02
  -2.6783632e-01  -3.0264250e-01   5.9365410e-01  -4.7377321e-03   6.4859239e-03  -1.2994202e-02
  -2.5814388e-01  -2.6478470e-01   5.6408501e-01  -5.5939098e-03   6.5892895e-03  -1.2812557e-02
  -2.3761989e-01  -2.4232441e-01   5.3291234e-01  -5.4333607e-03   6.2025794e-03  -1.2781026e-02
  -2.2050834e-01  -2.4747921e-01   5.3074542e-01  -6.0575785e-03   6.1624239e-03  -1.2572343e-02
  -2.0387365e-01  -2.6205499e-01   5.7242143e-01  -6.1222658e-03   6.3658580e-03  -1.2599307e-02
  -2.0488165e-01  -2.5860399e-01   5.3101180e-01  -5.5367971e-03   6.1513094e-03  -1.2575938e-02
  -2.0885980e-01  -2.4261517e-01   5.3825518e-01  -6.4428715e-03   5.9933369e-03  -1.2656609e-02
  -2.0745827e-01  -2.5737455e-01   5.5349312e-01  -6.7105215e-03   6.2672233e-03  -1.2691129e-02
  -1.9862566e-01  -2.6590634e-01   5.1526276e-01  -5.6725084e-03   6.0170867e-03  -1.2800348e-02
  -2.0086456e-01  -2.7600315e-01   5.8200361e-01  -6.5673814e-03   5.9808157e-03  -1.2821624e-02
  -2.1200294e-01  -2.8798038e-01   6.1384952e-01  -7.7331016e-03   6.1782314e-03  -1.2668064e-02
  -2.5287273e-01  -3.4894853e-01   8.1195821e-01  -9.0863622e-03   6.5375518e-03  -1.2451729e-02
  -2.6950301e-01  -3.3070658e-01   8.3286702e-01  -8.3365982e-03   6.7037519e-03  -1.2735742e-02
