   0.0000000e+00   0.0000000e+00   0.0000000e+00   0.0000000e+00   0.0000000e+00   0.0000000e+00
   2.4351613e-03   9.9778914e-03   1.7156234e-02   2.6463983e-04   3.1196332e-04   3.6191435e-07
   5.8163880e-03   1.5984043e-02  -1.3371332e-02   7.4653005e-04   1.1429203e-04   2.4773034e-05
   1.0085970e-02   3.6776337e-03  -2.4585793e-02   2.5731884e-04  -3.3275352e-05   8.6539695e-05
   2.4230567e-03   3.5480125e-02  -4.4535972e-02  -4.5685264e-04   8.7640182e-05   2.2969580e-05
   8.0342218e-04   1.9204158e-02  -1.0873887e-01  -1.3068247e-04   3.0423118e-04  -2.9347608e-04
  -2.9258616e-03   4.6897320e-02  -1.1497066e-01  -1.3495100e-04   2.9227552e-04  -4.2372166e-04
  -6.0547072e-03   2.8268641e-02  -1.2420577e-01   1.7381212e-05   3.9963096e-04  -5.1297672e-04
  -2.9362507e-03   2.6013449e-02  -1.3492363e-01  -7.4350201e-04   2.8816428e-04  -7.4422483e-04
  -4.2511778e-03   2.7688709e-02  -1.2702991e-01  -1.0992845e-03   2.5337841e-04  -1.0448959e-03
  -4.0525763e-03   2.5857247e-02  -1.3688666e-01  -5.8933461e-04   1.4316836e-04  -1.2200692e-03
  -3.7296303e-03   1.4692889e-02  -1.5589664e-01   1.7498341e-04   1.4794047e-05  -1.2637481e-03
   1.5835208e-03   2.1194570e-02  -1.3567495e-01  -6.8911322e-04  -1.1921009e-04  -1.3926649e-03
  -3.0411534e-03   3.0658755e-02  -1.0346302e-01  -1.3317270e-03   1.2191830e-04  -1.6889852e-03
  -3.1467310e-04   5.4398263e-02  -8.8980576e-02  -1.5624617e-03  -1.8564288e-05  -2.0268090e-03
  -7.7820395e-03   5.5579589e-02  -9.2458670e-02  -1.1879959e-03   1.5081261e-06  -2.4332083e-03
  -2.7253129e-03   3.7330535e-02  -6.1971022e-02  -1.7038555e-03  -1.1617140e-04  -2.9367993e-03
   3.9282370e-03   4.2094374e-02  -2.0278957e-02  -1.8239291e-03  -8.6382086e-05  -3.2597359e-03
  -7.6765819e-03   4.9886625e-02   1.8826003e-03  -1.7179251e-03  -2.8872895e-05  -3.3830714e-03
  -3.8425087e-03   5.0001209e-02  -1.8222616e-03  -2.0210975e-03  -2.4473858e-04  -3.1898455e-03
   4.9754756e-04  -1.5532441e-02  -6.6692027e-02  -1.8610576e-03  -8.8413977e-05  -2.9765305e-03
  -3.1291643e-03   6.5066506e-03  -3.4440752e-02  -1.6436165e-03  -1.1644401e-04  -3.0313252e-03
  -5.7553233e-03   1.6519882e-02  -3.3473497e-02  -1.2004785e-03  -2.2248644e-04  -3.2324314e-03
  -2.1244190e-03   3.0071294e-02   8.0811093e-03  -1.7583717e-03  -4.6068673e-04  -3.0960184e-03
  -7.2428038e-03   5.4941795e-02   4.0100377e-02  -2.3421281e-03  -5.6736066e-04  -3.1042959e-03
  -1.4607404e-02   3.2486844e-02   5.6331997e-02  -3.3250715e-03  -6.4465394e-04  -3.0935193e-03
  -1.2699282e-02   1.6738080e-02   2.5513866e-02  -2.4621620e-03  -3.0930963e-04  -3.0156042e-03
  -2.6517788e-02   2.1550094e-02   2.7347710e-02  -4.0661928e-03   3.1678183e-04  -3.2258453e-03
  -3.6562204e-02   2.1797911e-02   3.0682286e-02  -4.5658473e-03   2.2230136e-04  -3.5360135e-03
  -2.5921686e-02   4.8680754e-02   3.4089373e-02  -4.5759979e-03  -2.2222120e-04  -3.7514423e-03
  -2.6149955e-02   4.4960619e-02   5.7347435e-02  -5.4025409e-03  -2.7559365e-04  -3.7198384e-03
  -2.5177249e-02   4.1949830e-02   4.4249779e-02  -5.5999955e-03  -2.3759079e-04  -3.8455834e-03
  -2.9880991e-02   4.3152365e-02   3.9924675e-02  -5.5350864e-03  -4.0729696e-04  -4.0770957e-03
  -3.2662310e-02  -8.9418844e-03  -2.3886424e-02  -4.6305478e-03  -6.7058161e-04  -4.5989878e-03
  -2.9519816e-02   4.4453647e-02   3.5301023e-02  -6.2976077e-03  -5.3739543e-04  -4.8000482e-03
  -2.6844044e-02   5.6882317e-02   2.8378525e-02  -5.5993267e-03  -5.7180921e-04  -4.7505035e-03
  -1.5451830e-02   9.5295868e-02   4.8455231e-02  -7.0482084e-03  -2.3549129e-04  -4.4965741e-03
  -1.6453876e-02   1.3434012e-01   1.4807495e-01  -8.8767900e-03   8.7786600e-04  -4.7019410e-03
  -1.5690619e-02   1.1534661e-01   8.0074400e-02  -8.6852209e-03  -2.2159016e-04  -5.6044159e-03
  -1.4544072e-02   1.0493539e-01   7.5875026e-02  -9.0793201e-03  -1.0872147e-03  -6.3520625e-03
  -2.3858326e-02   9.8387182e-02   7.3259491e-02  -9.1707693e-03  -1.4246874e-03  -7.0317430e-03
  -3.3539135e-02   9.1832004e-02   5.9219006e-02  -9.5670373e-03  -1.8565006e-03  -7.8944605e-03
  -3.5138471e-02   1.0194016e-01   7.7960620e-02  -1.0583849e-02  -2.0940746e-03  -8.4624552e-03
  -3.6023645e-02   9.5918993e-02   7.0240383e-02  -1.0520229e-02  -1.9851350e-03  -8.5412422e-03
  -3.5716118e-02   1.0292977e-01   1.0315881e-01  -1.0788835e-02  -2.0922829e-03  -8.8510960e-03
  -3.3168452e-02   9.7394949e-02   1.1657594e-01  -1.0467657e-02  -2.3539292e-03  -9.0506763e-03
  -4.6350551e-02   1.0414008e-01   1.0222889e-01  -9.9801696e-03  -2.0258830e-03  -9.2690756e-03
  -4.0419628e-02   1.1647213e-01   1.4019290e-01  -1.0442433e-02  -2.0540595e-03  -9.2579988e-03
  -2.3902616e-02   1.1372725e-01   1.9091812e-01  -1.0664466e-02  -2.2998113e-03  -9.5449797e-03
  -2.0167014e-02   1.2350916e-01   1.9260330e-01  -1.0598847e-02  -2.2947460e-03  -9.9162241e-03
  -2.9261510e-02   1.2085406e-01   1.7923246e-01  -1.0757680e-02  -1.8092954e-03  -9.8706143e-03
  -2.7379323e-02   9.6004940e-02   1.3455795e-01  -9.3279463e-03  -2.3183111e-03  -9.5652785e-03
  -5.0498901e-02   9.4042118e-02   1.5855592e-01  -9.8657045e-03  -2.3886128e-03  -1.0050061e-02
  -9.0191078e-02   8.8632563e-02   1.5324588e-01  -9.2503620e-03  -2.1169964e-03  -1.1080363e-02
  -8.0000950e-02   1.0598607e-01   1.2515979e-01  -8.6609859e-03  -1.5576005e-03  -1.0353519e-02
  -7.8625984e-02   6.6732895e-02   1.2931370e-01  -8.4744732e-03  -1.8791106e-03  -1.0431242e-02
  -8.3888180e-02   9.1862999e-02   1.3404393e-01  -9.0353817e-03  -1.5924229e-03  -1.0225294e-02
  -7.3948298e-02   1.0190784e-01   1.5600817e-01  -9.2502737e-03  -1.5241609e-03  -1.0336965e-02
  -6.6252892e-02   1.3548622e-01   1.5538301e-01  -8.7758791e-03  -1.5698607e-03  -1.0295747e-02
  -5.9291244e-02   1.1111283e-01   1.6565007e-01  -8.8028601e-03  -1.2981989e-03  -1.0116272e-02
  -6.2381293e-02   1.2124333e-01   1.3578769e-01  -9.0902484e-03  -1.3651611e-03  -1.0175053e-02
  -6.3160055e-02   1.2196529e-01   1.4158285e-01  -9.4419468e-03  -1.2739244e-03  -1.0481958e-02
  -6.0585258e-02   1.3159824e-01   1.3170754e-01  -9.1124275e-03  -1.4675324e-03  -1.0684899e-02
  -5.9720665e-02   1.2542208e-01   1.3640889e-01  -9.4178807e-03  -1.7096424e-03  -1.1216065e-02
  -6.0719984e-02   1.1080236e-01   1.5718592e-01  -9.7249485e-03  -1.9136023e-03  -1.1450768e-02
  -5.3549670e-02   1.0128523e-01   1.8148002e-01  -1.0257018e-02  -2.0774314e-03  -1.1678162e-02
  -6.4775165e-02   1.2775655e-01   1.7980145e-01  -1.0411649e-02  -2.1336379e-03  -1.1975823e-02
  -6.8409034e-02   1.0445616e-01   1.5694421e-01  -9.6085583e-03  -2.4989940e-03  -1.2443331e-02
  -6.6898519e-02   1.0815701e-01   1.6685047e-01  -9.9695021e-03  -2.7570141e-03  -1.2828796e-02
  -5.9837928e-02   8.6399703e-02   1.6566484e-01  -9.3531745e-03  -3.1098133e-03  -1.3202553e-02
  -6.4710017e-02   9.1368640e-02   1.7608791e-01  -9.9655146e-03  -3.6323451e-03  -1.4000889e-02
  -5.5905183e-02   8.8152499e-02   1.9931228e-01  -9.8869352e-03  -4.0116552e-03  -1.4102265e-02
  -6.2005379e-02   1.0926847e-01   2.1771484e-01  -1.0581075e-02  -3.7792767e-03  -1.4425816e-02
  -6.0104495e-02   9.6825209e-02   2.1641535e-01  -1.0466953e-02  -4.0846362e-03  -1.4471218e-02
  -7.1429655e-02   1.3120247e-01   1.8070429e-01  -1.0199735e-02  -3.9920877e-03  -1.4650213e-02
  -7.4735995e-02   1.2331116e-01   1.4068706e-01  -9.1181265e-03  -4.3652765e-03  -1.4908072e-02
  -6.7889404e-02   7.7660941e-02   1.5657664e-01  -9.4034485e-03  -4.6044680e-03  -1.4945143e-02
  -8.5884216e-02   9.6348700e-02   1.7075596e-01  -9.3849452e-03  -4.1428783e-03  -1.4802999e-02
  -8.1504607e-02   1.0931968e-01   1.8585710e-01  -9.3173074e-03  -4.2029243e-03  -1.4773601e-02
  -5.6832492e-02   1.0799848e-01   1.6066106e-01  -9.2522556e-03  -4.1700159e-03  -1.4368780e-02
  -7.2965322e-02   1.2173651e-01   1.9190874e-01  -9.6071783e-03  -3.7260948e-03  -1.4359769e-02
  -8.4025272e-02  -1.1259226e-02   9.5423225e-02  -9.1594450e-03  -3.3025196e-03  -1.4752673e-02
  -8.7259865e-02   5.8040935e-02   7.2146239e-02  -7.8275865e-03  -3.2391510e-03  -1.4231841e-02
  -8.6340040e-02   1.1183800e-01   1.1593648e-01  -8.1376440e-03  -3.5371220e-03  -1.4467571e-02
  -7.4438900e-02   6.8887114e-02   1.1975735e-01  -8.1838202e-03  -3.9853574e-03  -1.4395860e-02
  -8.8378685e-02   9.5070715e-02   1.3522349e-01  -8.7891288e-03  -3.6237183e-03  -1.4687526e-02
  -7.0205499e-02   1.1132830e-01   1.5803928e-01  -8.9913591e-03  -3.6294879e-03  -1.4568215e-02
  -7.4625377e-02   1.2277495e-01   1.4892739e-01  -9.0290404e-03  -3.8012703e-03  -1.4835996e-02
  -6.5130282e-02   1.2809859e-01   1.4584424e-01  -9.7070830e-03  -4.1671803e-03  -1.5164947e-02
  -6.1231548e-02   1.3630506e-01   1.3491213e-01  -1.0080363e-02  -4.1286329e-03  -1.5228629e-02
  -6.4658107e-02   1.1016896e-01   1.1882355e-01  -9.2905499e-03  -4.5939268e-03  -1.5574903e-02
  -7.5631861e-02   1.0088389e-01   1.2527106e-01  -9.2647950e-03  -4.5372100e-03  -1.5700425e-02
  -7.6496521e-02   9.7426859e-02   1.2693323e-01  -9.2097125e-03  -4.5623831e-03  -1.5788743e-02
  -7.5347877e-02   1.0898416e-01   1.0729594e-01  -9.2601042e-03  -4.6050753e-03  -1.6272147e-02
  -8.6238885e-02   1.1915787e-01   1.1509704e-01  -9.2315744e-03  -4.5514928e-03  -1.6652303e-02
  -8.1380675e-02   1.0815840e-01   1.4508677e-01  -9.1012142e-03  -4.7591952e-03  -1.6717060e-02
  -7.4682735e-02   1.2650251e-01   1.5188665e-01  -8.9619654e-03  -4.9823197e-03  -1.6841371e-02
  -6.9079950e-02   1.2591597e-01   1.5716637e-01  -9.4183985e-03  -5.3003782e-03  -1.7052164e-02
  -7.9750614e-02   1.2656607e-01   1.4543408e-01  -9.1142694e-03  -5.2827946e-03  -1.7391958e-02
  -8.6709625e-02   1.1551143e-01   1.6723678e-01  -9.1512121e-03  -5.0329224e-03  -1.7366251e-02
  -7.6813908e-02   1.1944668e-01   1.8749202e-01  -8.9319945e-03  -5.1527922e-03  -1.7575633e-02
  -9.2187200e-02   1.1165365e-01   1.8683709e-01  -8.7335224e-03  -4.5050767e-03  -1.7597319e-02
  -8.6598495e-02   1.2016963e-01   1.9257221e-01  -8.2639539e-03  -4.4364668e-03  -1.7769625e-02
  -7.8115450e-02   1.0575418e-01   1.9422122e-01  -8.6951746e-03  -4.3332083e-03  -1.7230094e-02
  -9.7043716e-02   1.0099060e-01   1.8271516e-01  -8.9131506e-03  -4.1490618e-03  -1.7111668e-02
  -1.0813416e-01   1.3745474e-01   1.4174730e-01  -8.2564033e-03  -4.0440225e-03  -1.6998231e-02
  -9.7955330e-02   4.8329891e-02   1.3378503e-01  -7.5249372e-03  -4.1899360e-03  -1.6838461e-02
  -1.1608851e-01   1.1283966e-01   1.3573455e-01  -7.4292806e-03  -4.4009058e-03  -1.7543619e-02
  -1.0345485e-01   1.1434902e-01   1.2506875e-01  -7.6713040e-03  -4.4215552e-03  -1.7390077e-02
  -1.0384082e-01   1.2022704e-01   1.6277295e-01  -8.7120942e-03  -4.3811419e-03  -1.7292202e-02
  -1.1496475e-01   1.2031623e-01   1.5198822e-01  -8.1636431e-03  -3.9366414e-03  -1.7435791e-02
  -9.7996383e-02   1.2402979e-01   1.5320538e-01  -8.0132275e-03  -4.3433206e-03  -1.7645851e-02
  -9.8714998e-02   1.2497349e-01   1.1885988e-01  -7.9832261e-03  -4.3060079e-03  -1.7830581e-02
  -9.6377888e-02   1.2354843e-01   1.1543854e-01  -8.4646667e-03  -4.4513041e-03  -1.8146970e-02
  -8.1771757e-02   1.2435007e-01   1.3583942e-01  -9.0276421e-03  -4.7496090e-03  -1.7832761e-02
  -9.2127481e-02   1.3800558e-01   1.7791217e-01  -9.8760184e-03  -4.4654941e-03  -1.7613387e-02
  -8.3543711e-02   1.1058215e-01   1.7944999e-01  -9.6995732e-03  -4.3541136e-03  -1.7100504e-02
  -9.2312309e-02   1.2798230e-01   1.9966020e-01  -9.5990095e-03  -4.4980765e-03  -1.7486814e-02
  -9.2198641e-02   1.5077890e-01   2.0664930e-01  -9.4834399e-03  -4.5626492e-03  -1.7563698e-02
  -1.0087803e-01   1.5571473e-01   2.6915442e-01  -1.0524172e-02  -4.5166272e-03  -1.7811401e-02
