   0.0000000e+00   0.0000000e+00   0.0000000e+00   0.0000000e+00   0.0000000e+00   0.0000000e+00
  -1.6348797e-02   3.2499024e-02   5.7491062e-02  -3.7018332e-04   1.9890739e-04  -5.8477551e-05
  -1.4799312e-02  -4.9452973e-02   1.0464779e-01   3.3070416e-04  -1.0186513e-04  -6.5705319e-05
  -1.5712862e-02   4.3673182e-02   5.7889693e-02   1.3383436e-04   7.7260896e-05  -2.7113107e-04
  -1.4798078e-02  -4.6299605e-02   1.4914734e-01   3.1579853e-04  -6.2295571e-05  -2.1973349e-04
  -1.6714047e-02   2.8317928e-02   7.6541163e-02   3.9398962e-04   1.6911537e-04  -1.8942864e-04
  -1.8721327e-02  -3.4100464e-02   1.7799380e-01   9.7898396e-04  -1.1764239e-04  -1.6702598e-04
   5.1684672e-03  -6.5201578e-02   1.0927382e-01   4.8235858e-04  -5.3369464e-05  -6.4611918e-04
   4.2680770e-03   3.8703915e-02   9.3122372e-02  -2.1452941e-03   2.8515099e-04  -8.8129802e-04
  -1.2554666e-02   3.5906539e-02   6.9377932e-02  -1.3395762e-03   1.3024819e-05  -1.0266707e-03
  -2.2764494e-02   2.3930278e-03   6.5645150e-02  -1.3694852e-03  -4.0114251e-04  -1.1936990e-03
  -1.0604113e-02  -2.6424255e-02   7.5751794e-02  -1.4586778e-03  -1.2292143e-03  -1.3601124e-03
  -9.4592917e-03  -1.6327536e-01   1.1358833e-01  -9.8919752e-04  -1.8880881e-03  -1.6962659e-03
  -2.2371822e-02  -1.2079739e-01   3.4537424e-02  -1.4273331e-03  -1.7540232e-03  -1.8979536e-03
  -2.7903078e-02  -1.5925690e-01   1.5238225e-02  -1.4298195e-03  -2.4818047e-03  -2.0823969e-03
  -2.5632580e-02  -1.5806124e-01   3.7521236e-02  -2.0496422e-03  -2.2143432e-03  -2.1086327e-03
  -2.4018140e-02  -6.9175930e-02  -8.7506198e-03  -2.9165897e-03  -2.4339293e-03  -2.0778400e-03
  -2.3706481e-02  -1.1521347e-01  -1.0335264e-02  -2.2001696e-03  -2.9252886e-03  -1.9521478e-03
  -4.9320456e-02  -1.0845036e-01  -5.1610586e-03  -2.2674649e-03  -2.7048893e-03  -2.2807644e-03
  -3.0570836e-02  -1.8042493e-01  -1.4730893e-02  -1.9330464e-03  -3.6054621e-03  -2.4803097e-03
  -4.1377365e-02  -1.6281318e-01  -7.4280908e-03  -2.1187081e-03  -3.6587934e-03  -2.5870578e-03
  -6.3930684e-02  -1.4620405e-01  -4.1410770e-02  -1.8807392e-03  -3.8211886e-03  -2.6391975e-03
  -6.3818488e-02  -1.8166568e-01   3.4471665e-02  -2.1067074e-03  -3.9140067e-03  -2.6714566e-03
  -7.5527317e-02  -1.7686130e-01  -2.8816394e-02  -1.7062084e-03  -4.1508868e-03  -2.8239526e-03
  -7.3101025e-02  -1.6681258e-01  -7.1825776e-03  -2.3002851e-03  -3.9222685e-03  -2.8441202e-03
  -7.0426289e-02  -1.5873016e-01  -6.3790427e-03  -2.4091128e-03  -3.9969537e-03  -3.4722962e-03
  -7.9802268e-02  -1.5920083e-01   2.2310841e-04  -2.1708767e-03  -3.8889499e-03  -3.6121447e-03
  -8.4104498e-02  -1.2103567e-01  -5.6721511e-03  -1.7260650e-03  -4.2342499e-03  -3.3210116e-03
  -8.6625016e-02  -1.8433526e-01   1.3024063e-02  -6.9121525e-04  -4.5069513e-03  -3.7722526e-03
  -1.0515435e-01  -1.5748846e-01   3.8289125e-02  -1.0597911e-03  -3.7295276e-03  -4.0417624e-03
  -1.0077775e-01  -2.0187142e-01   3.9019340e-02   3.0854670e-04  -4.4114265e-03  -3.9236394e-03
  -9.8029806e-02  -1.5411508e-01   4.9305035e-02   3.1986231e-04  -4.3277016e-03  -3.8258132e-03
  -8.7544051e-02  -2.5859008e-01   9.9993790e-02   9.3333103e-04  -4.9775372e-03  -3.6114695e-03
  -1.1795250e-01  -2.7177692e-01  -8.5937106e-02   2.8233089e-03  -5.7838484e-03  -3.3324212e-03
  -1.1904375e-01  -2.5547498e-01   5.7384530e-02   1.7294909e-03  -5.3963766e-03  -3.3992564e-03
  -1.2605599e-01  -3.1383295e-01   1.0017708e-01   2.6100655e-03  -5.8316533e-03  -3.3118150e-03
  -1.2094743e-01  -2.1156678e-01   9.6718362e-02   1.7761693e-03  -5.4320484e-03  -3.2563802e-03
  -1.1355292e-01  -2.6759033e-01   6.9805138e-02   1.2258908e-03  -5.5047068e-03  -3.2078224e-03
  -1.0732293e-01  -3.0593115e-01   5.4359372e-02   1.6009115e-03  -5.5692576e-03  -3.3365301e-03
  -1.1319854e-01  -3.4391934e-01   2.5530761e-03   1.9680169e-03  -5.6563434e-03  -3.6001781e-03
  -1.1780406e-01  -4.3535532e-01   3.0698941e-02   2.7226052e-03  -6.0868105e-03  -3.6832400e-03
  -1.1742044e-01  -3.6241304e-01  -5.4521219e-02   2.4492498e-03  -5.9441474e-03  -3.7749599e-03
  -1.3268450e-01  -4.5321882e-01   1.5842681e-02   2.9069303e-03  -6.0783372e-03  -3.7950076e-03
  -1.4244569e-01  -3.8487669e-01  -5.9899765e-02   2.4344848e-03  -6.0490463e-03  -3.9374646e-03
  -1.6007637e-01  -4.0487565e-01  -2.0448164e-02   1.5766521e-03  -5.8945773e-03  -4.0072129e-03
  -1.2435792e-01  -2.8172545e-01  -8.3646981e-02   1.7452972e-03  -5.8574247e-03  -4.2567702e-03
  -1.2959884e-01  -3.3823419e-01   1.4862872e-03   2.5369229e-03  -5.9136650e-03  -4.0719684e-03
  -1.4069950e-01  -2.2616159e-01  -1.6118441e-02   2.3763384e-03  -5.6849325e-03  -4.1938661e-03
  -1.3954450e-01  -2.5479217e-01   9.2950631e-02   1.7768515e-03  -5.5100689e-03  -3.9364898e-03
  -1.3503616e-01  -2.8986075e-01   1.0335166e-01   2.2924185e-03  -5.5434644e-03  -3.4529126e-03
  -1.6230848e-01  -1.9635234e-01   4.7896545e-02   1.3079712e-03  -5.0003712e-03  -3.6742386e-03
  -1.2863148e-01  -2.6569030e-01  -2.0982170e-03   1.9952786e-03  -5.9051744e-03  -3.9504920e-03
  -1.2502617e-01  -3.8954165e-01   9.6181132e-02   2.5152553e-03  -6.3244525e-03  -4.0311763e-03
  -1.2659615e-01  -3.9626774e-01   3.2081863e-02   3.3368179e-03  -6.5923841e-03  -3.8135508e-03
  -1.4343117e-01  -3.7265014e-01   1.3273002e-02   2.7936555e-03  -6.2149632e-03  -3.8845537e-03
  -1.1744679e-01  -4.7400395e-01   3.9891164e-02   3.7823919e-03  -6.5446120e-03  -3.5741526e-03
  -7.7565489e-02  -4.4299067e-01   2.1557546e-02   3.4555229e-03  -7.0502010e-03  -3.8027661e-03
  -8.4556898e-02  -4.8984592e-01   2.0376205e-02   3.8828443e-03  -7.0668470e-03  -3.7338510e-03
  -1.0197645e-01  -3.9542990e-01  -1.6995036e-02   3.6045764e-03  -7.1257692e-03  -3.9560058e-03
  -1.0263846e-01  -4.7225425e-01   8.1713341e-02   4.0435029e-03  -7.2814147e-03  -3.9163057e-03
  -1.1312201e-01  -4.2217703e-01   6.6540507e-02   4.5525113e-03  -7.1826062e-03  -3.7288523e-03
  -1.2048315e-01  -4.4075453e-01  -6.1230754e-02   7.7791447e-03  -7.3182886e-03  -3.3269243e-03
  -1.2624628e-01  -4.1711776e-01   6.3988433e-02   7.4337065e-03  -7.2213428e-03  -3.0588441e-03
  -1.5593153e-01  -4.6859065e-01   1.2424087e-01   7.6688247e-03  -7.1534927e-03  -2.9735483e-03
  -1.4958420e-01  -3.0999215e-01   8.3407482e-02   6.3577726e-03  -7.2436720e-03  -2.9173379e-03
  -1.4969836e-01  -4.0618533e-01   2.1095604e-01   6.4876647e-03  -6.8854848e-03  -2.4737572e-03
  -1.5048531e-01  -3.5411226e-01   1.1772433e-01   6.5414124e-03  -7.0367260e-03  -2.5505905e-03
  -1.4845127e-01  -3.4204624e-01   1.6255778e-01   6.3091539e-03  -7.0494268e-03  -2.6230098e-03
  -1.7352420e-01  -3.7188348e-01   1.8181993e-01   6.3013325e-03  -6.8781012e-03  -2.4729450e-03
  -1.9299667e-01  -2.8423681e-01   2.1229416e-01   5.7656450e-03  -6.6284597e-03  -2.3962931e-03
  -1.9463261e-01  -3.4629726e-01   3.2670088e-01   5.2629111e-03  -6.2524636e-03  -2.1686390e-03
  -1.9793919e-01  -2.5971634e-01   3.1948734e-01   4.8688797e-03  -6.2488978e-03  -2.2470179e-03
  -2.0310811e-01  -3.4690129e-01   4.0592483e-01   4.9205993e-03  -6.2478043e-03  -2.0054318e-03
  -2.1419694e-01  -2.7707786e-01   3.4144611e-01   4.4001477e-03  -6.2315908e-03  -2.1941832e-03
  -2.0369192e-01  -2.8258193e-01   3.1571869e-01   3.5502761e-03  -6.3187692e-03  -2.8117333e-03
  -1.7921554e-01  -3.8021220e-01   2.5930093e-01   5.2301324e-03  -7.1314986e-03  -3.5081218e-03
  -1.6371256e-01  -5.6591230e-01   2.7485985e-01   6.3066551e-03  -7.3488206e-03  -3.4717514e-03
  -1.6039667e-01  -6.2863237e-01   2.6148626e-01   7.5561324e-03  -8.1912341e-03  -3.5710715e-03
  -1.7352415e-01  -5.4349323e-01   2.2505547e-01   7.0413525e-03  -7.9032570e-03  -3.8278180e-03
  -1.7237475e-01  -7.0013182e-01   2.8786441e-01   7.9912198e-03  -8.3174235e-03  -3.7902122e-03
  -1.8265333e-01  -6.0018916e-01   2.2046661e-01   7.2790507e-03  -8.1725828e-03  -3.9388623e-03
  -2.0378576e-01  -6.1629701e-01   2.4939330e-01   8.0738981e-03  -8.3060524e-03  -3.7623698e-03
  -2.0497092e-01  -5.3817129e-01   2.2092199e-01   8.2582034e-03  -8.3806061e-03  -3.9537920e-03
  -2.1805226e-01  -6.0603807e-01   2.9501545e-01   8.3042268e-03  -8.3596173e-03  -4.0207430e-03
  -2.1221929e-01  -6.7278427e-01   2.8841123e-01   8.7558599e-03  -8.5914211e-03  -3.9744372e-03
  -2.1360648e-01  -6.1520937e-01   2.4764314e-01   8.7233457e-03  -8.4173706e-03  -4.2137387e-03
  -2.1492095e-01  -7.0974854e-01   2.8009644e-01   9.2190847e-03  -8.7863080e-03  -4.2748544e-03
  -2.2052451e-01  -6.2227920e-01   1.8324228e-01   8.6105640e-03  -8.7457133e-03  -4.2463348e-03
  -2.2349848e-01  -6.6767008e-01   2.3069493e-01   8.7899412e-03  -8.9301274e-03  -4.3860172e-03
  -2.2410296e-01  -6.5766356e-01   2.3134886e-01   9.3100017e-03  -9.0385741e-03  -4.2688707e-03
  -2.1906426e-01  -5.6889643e-01   2.2193369e-01   8.2045719e-03  -9.0800646e-03  -4.3773447e-03
  -2.4526922e-01  -4.9812579e-01   9.9809489e-02   9.4694613e-03  -9.2925998e-03  -4.5259885e-03
  -2.0621641e-01  -5.4330919e-01   1.2885374e-01   9.9269427e-03  -9.3798481e-03  -4.5754233e-03
  -1.7619200e-01  -5.5158360e-01   2.4013277e-01   9.8630620e-03  -9.4600660e-03  -4.0008770e-03
  -2.0823064e-01  -3.9865490e-01   1.5028760e-01   9.3594147e-03  -8.9522844e-03  -4.0088896e-03
  -2.0792577e-01  -4.9005004e-01   3.8455885e-01   9.3798963e-03  -8.7021655e-03  -3.7662374e-03
  -2.1139196e-01  -4.3195922e-01   2.9736130e-01   9.2051270e-03  -8.6144764e-03  -3.6492925e-03
  -2.1877519e-01  -4.1661737e-01   3.1095024e-01   8.5318442e-03  -8.4727601e-03  -3.4179745e-03
  -2.2989602e-01  -3.8448465e-01   2.9161612e-01   8.0389412e-03  -8.3246887e-03  -3.2387850e-03
  -2.2358096e-01  -3.4950262e-01   2.9983285e-01   8.4028853e-03  -8.4218940e-03  -3.0635027e-03
  -2.2617133e-01  -3.7351747e-01   3.5656944e-01   7.6528374e-03  -8.5751974e-03  -2.2704816e-03
  -2.3520562e-01  -3.1289745e-01   4.7012909e-01   5.8248133e-03  -8.4949608e-03  -2.3316300e-03
  -2.4830238e-01  -3.7748518e-01   5.7136985e-01   5.6906808e-03  -8.0964314e-03  -2.1414411e-03
  -2.5190933e-01  -2.9050112e-01   5.3785787e-01   4.9218327e-03  -7.9600596e-03  -2.3568542e-03
  -2.5705266e-01  -3.5883233e-01   6.5046926e-01   4.7097676e-03  -8.2411044e-03  -2.1312235e-03
  -2.4806137e-01  -1.9218899e-01   7.7399848e-01   1.7773253e-03  -7.7384825e-03  -2.7510812e-03
  -2.3871430e-01  -3.6172895e-01   5.6941529e-01   4.4378050e-03  -7.4565355e-03  -2.2316855e-03
  -2.2807594e-01  -2.9786359e-01   4.9573163e-01   4.0783374e-03  -6.9600008e-03  -2.7809995e-03
  -2.1949785e-01  -3.6090663e-01   4.7322062e-01   5.0873880e-03  -7.5205901e-03  -3.5018130e-03
  -2.1096702e-01  -5.1786224e-01   5.0847283e-01   6.4236920e-03  -7.3859362e-03  -3.8418119e-03
  -2.0535537e-01  -5.2191224e-01   4.3686600e-01   6.2760695e-03  -7.6554296e-03  -3.7932013e-03
  -2.1966493e-01  -4.2620235e-01   4.1283445e-01   6.2323415e-03  -7.4821702e-03  -3.8477843e-03
  -2.3421279e-01  -5.4686308e-01   5.1348181e-01   6.3454274e-03  -7.6273108e-03  -3.7958186e-03
  -2.4369685e-01  -5.2521086e-01   4.6445284e-01   6.6308722e-03  -7.5940120e-03  -3.7639631e-03
  -2.5264561e-01  -4.8137422e-01   4.2513563e-01   6.2005004e-03  -7.2765217e-03  -4.0378887e-03
  -2.5614425e-01  -6.1054495e-01   4.9130808e-01   6.8114081e-03  -7.3608981e-03  -3.8299233e-03
  -2.5030974e-01  -5.3806947e-01   4.0497544e-01   5.9481637e-03  -7.3393778e-03  -4.0038029e-03
  -2.3981192e-01  -4.9220513e-01   4.0104604e-01   5.7889825e-03  -7.5914285e-03  -3.9285722e-03
  -2.3969234e-01  -6.0151663e-01   4.6869705e-01   6.5144979e-03  -7.6994837e-03  -3.7554947e-03
  -2.5640903e-01  -4.7398460e-01   4.0195493e-01   6.5352543e-03  -7.2345849e-03  -4.1609766e-03
