   0.0000000e+00  -1.1004548e-57   0.0000000e+00   0.0000000e+00   0.0000000e+00  -3.7615819e-37
   2.2361035e-02  -7.5628390e-02   6.8161573e-02   2.0612811e-03  -3.2460509e-05  -9.2021506e-04
   5.4988522e-02  -1.1182585e-01   1.1597077e-01   3.4659029e-03  -6.9274015e-04  -1.4501631e-03
   6.1118660e-02  -1.2941939e-01   1.3278280e-01   3.7365768e-03  -1.5551682e-03  -1.6009909e-03
   1.1240355e-01  -1.7562371e-01   1.4486542e-01   4.9430163e-03  -3.5680065e-03  -1.7493276e-03
   1.3991692e-01  -1.8302360e-01   3.3571484e-01   5.0691947e-03  -3.9120533e-03  -1.8935273e-03
   1.1281963e-01  -2.2733222e-01   7.3348810e-01   3.8827302e-03  -2.7501728e-03  -2.4891539e-03
   1.1073797e-01  -1.7914381e-01   6.3352606e-01   3.4913126e-03  -3.0297417e-03  -2.5466578e-03
   1.3045969e-01  -2.1497579e-01   6.5823843e-01   4.3843313e-03  -3.0620232e-03  -2.3293481e-03
   1.4459534e-01  -2.0421649e-01   6.1652208e-01   4.2803127e-03  -3.6094524e-03  -2.5379792e-03
   1.4844917e-01  -2.2137743e-01   5.7087710e-01   5.8230720e-03  -4.4047092e-03  -2.7583277e-03
   1.5258727e-01  -2.2968926e-01   5.0701344e-01   6.9700919e-03  -4.9240154e-03  -3.0280985e-03
   1.9468801e-01  -2.3773072e-01   1.4608683e-01   8.0137247e-03  -6.2927214e-03  -3.7166360e-03
   2.7511470e-01  -3.0579851e-01   2.4289324e-01   1.1859485e-03  -7.9395616e-03  -5.3240397e-03
   2.4039228e-01  -2.8835905e-01   5.1888778e-02  -7.2901803e-03  -9.2027615e-03  -5.1763411e-03
   1.2152959e-01  -3.7952518e-01   2.2288955e-02  -9.9284080e-03  -8.0073275e-03  -4.2678331e-03
   1.6533528e-01  -3.1411070e-01  -7.6111038e-02  -1.4264387e-02  -7.6054300e-03  -3.1535186e-03
   6.3472110e-02  -3.8062659e-01  -2.1636074e-01  -1.0176982e-02  -8.9559944e-03  -4.2522517e-03
   6.1289395e-02  -3.9489790e-01  -1.9841673e-01  -1.1276155e-02  -7.7768527e-03  -4.3922402e-03
   2.3468038e-02  -3.4330322e-01  -9.8635008e-02  -1.0632025e-02  -7.2014259e-03  -4.2454224e-03
   2.7441091e-02  -3.1223095e-01   4.4822078e-01  -1.1991031e-02  -7.1771932e-03  -5.7973351e-03
  -4.2193670e-02  -3.2801145e-01  -5.5314009e-01  -5.8310338e-04  -7.2588578e-03  -8.2472761e-03
   8.1825515e-03  -3.1165529e-01  -1.9109825e-01   3.4108213e-04  -7.7285605e-03  -8.2235939e-03
  -4.9491777e-02  -3.2947573e-01  -2.8718666e-01   1.0909954e-03  -7.7709276e-03  -9.2988838e-03
  -2.7430675e-02  -3.4839359e-01  -2.8592881e-01   2.4480823e-03  -8.0597135e-03  -9.3700740e-03
  -3.5700682e-02  -3.5771552e-01  -2.1965491e-01   2.7941510e-03  -7.7238527e-03  -9.6082850e-03
  -7.9427671e-02  -3.4936233e-01  -2.8201205e-01   3.0850651e-03  -8.2381232e-03  -1.0100417e-02
  -1.3860524e-02  -3.6453699e-01  -5.4203505e-01   2.1457607e-04  -1.0860702e-02  -1.0474172e-02
  -6.3099016e-02  -4.4893413e-01  -3.6649522e-01  -4.1731311e-03  -1.1548202e-02  -1.1815452e-02
  -7.4503009e-02  -4.5130219e-01  -3.9334414e-01  -5.5469870e-03  -1.2293287e-02  -1.1918803e-02
  -9.2587869e-02  -4.4984035e-01  -4.3678265e-01  -5.6352660e-03  -1.1983091e-02  -1.1506902e-02
  -1.5247763e-01  -4.4452383e-01  -4.4851424e-01  -6.6525367e-03  -1.1360478e-02  -1.1380251e-02
  -1.3798088e-01  -4.6372285e-01  -3.5497035e-01  -7.1979261e-03  -1.1952579e-02  -1.1767775e-02
  -1.7512355e-01  -4.8517538e-01  -2.3431167e-01  -8.9066202e-03  -1.0734393e-02  -1.0959800e-02
  -2.0328611e-01  -5.4858878e-01  -1.8881313e-01  -7.3856093e-03  -9.4756225e-03  -1.2032791e-02
  -1.9056358e-01  -5.4694545e-01  -3.9405438e-01  -6.1566383e-03  -1.0459752e-02  -1.1867010e-02
  -2.1848086e-01  -5.5975320e-01  -5.5103627e-01  -3.0937919e-03  -1.1765068e-02  -1.2281434e-02
  -2.6097644e-01  -5.8882732e-01  -2.9790843e-01  -9.5586866e-04  -1.2132331e-02  -1.4490169e-02
  -2.8878186e-01  -5.9361473e-01  -1.8907074e-01   5.9672331e-04  -1.1804300e-02  -1.4319614e-02
  -2.7899871e-01  -5.7375020e-01  -2.8916373e-01   2.6978163e-03  -1.1077332e-02  -1.4186423e-02
  -4.1214295e-01  -6.6581235e-01  -5.5519302e-01   1.3041732e-02  -3.0896010e-03  -1.6519573e-02
  -3.7754724e-01  -6.5234757e-01  -3.9074918e-01   1.2054577e-02  -4.3838203e-03  -1.5637966e-02
  -3.7846954e-01  -6.8324982e-01  -2.8799628e-01   1.1900619e-02  -6.0621993e-03  -1.4549548e-02
  -3.5827493e-01  -6.5809817e-01  -3.0547729e-01   1.3086411e-02  -8.0063008e-03  -1.4819157e-02
  -3.6982114e-01  -6.5516828e-01  -2.8531828e-01   1.1967424e-02  -8.0621208e-03  -1.5788195e-02
  -3.5379039e-01  -6.7483706e-01  -2.6510626e-01   1.1513164e-02  -8.3095171e-03  -1.5885773e-02
  -3.1575719e-01  -6.7071529e-01  -8.6221426e-02   9.5073623e-03  -7.9904832e-03  -1.5031043e-02
  -2.7014147e-01  -4.3592923e-01  -1.0765716e-01   3.1191292e-03  -4.8707542e-03  -1.1054569e-02
  -2.9000087e-01  -4.6986623e-01  -3.9795558e-02   3.1309005e-03  -4.9714410e-03  -1.2231673e-02
  -3.1271128e-01  -5.2021707e-01   7.7550402e-02   3.7426455e-03  -5.1599880e-03  -1.2768619e-02
  -3.0400141e-01  -5.0630618e-01   2.1067787e-02   4.5663030e-03  -5.2034844e-03  -1.3009473e-02
  -3.2912299e-01  -5.2680107e-01  -2.8600739e-02   5.7528736e-03  -5.5877312e-03  -1.3343520e-02
  -3.3621911e-01  -5.3550079e-01  -1.6721033e-02   5.6891565e-03  -5.7386203e-03  -1.3640018e-02
  -3.5230193e-01  -5.8962735e-01  -3.7782090e-02   6.7559530e-03  -6.7408858e-03  -1.4694431e-02
  -3.9519543e-01  -6.7652365e-01  -9.5379854e-02   6.6465519e-03  -7.3844064e-03  -1.5809444e-02
  -4.0216618e-01  -7.3789922e-01  -1.3520976e-02   6.7292442e-03  -7.4107770e-03  -1.6048134e-02
  -3.5444409e-01  -7.7253223e-01  -1.0696346e-01   7.8502983e-03  -8.3113890e-03  -1.6227301e-02
  -3.9794335e-01  -7.6902789e-01  -2.3252317e-01   8.4068566e-03  -8.0208173e-03  -1.6655799e-02
  -3.8975370e-01  -7.7076819e-01  -2.5075167e-01   8.6402928e-03  -8.1156785e-03  -1.6556607e-02
  -3.9145548e-01  -7.9117846e-01  -2.4465070e-01   9.0059357e-03  -8.4412207e-03  -1.6291733e-02
  -4.0002390e-01  -7.6504362e-01  -2.4413665e-01   8.6023759e-03  -8.9568620e-03  -1.5770532e-02
  -4.2275636e-01  -7.9646366e-01  -1.6029885e-01   7.8057398e-03  -8.9784781e-03  -1.5845136e-02
  -4.5755470e-01  -8.1614178e-01  -1.6022905e-02   7.5239469e-03  -8.5208016e-03  -1.5646758e-02
  -4.1699288e-01  -8.2664374e-01  -1.7641552e-02   7.2696767e-03  -9.4472547e-03  -1.5410178e-02
  -4.1833759e-01  -8.0066759e-01  -7.1791856e-02   7.3413429e-03  -9.9596006e-03  -1.5903062e-02
  -4.2465761e-01  -8.0507316e-01  -1.7386034e-01   7.0136466e-03  -1.1112347e-02  -1.4963938e-02
  -4.1686230e-01  -6.8232895e-01  -1.0111523e-02   1.1995555e-03  -8.8743281e-03  -1.4798011e-02
  -4.4779018e-01  -7.7678389e-01  -7.2113753e-03   3.8535948e-03  -8.9304756e-03  -1.5580347e-02
  -4.7096360e-01  -7.8955193e-01   7.7934293e-03   4.4086054e-03  -8.9075323e-03  -1.5827402e-02
  -4.6512408e-01  -7.9398561e-01  -3.0407736e-02   5.2239907e-03  -9.0074583e-03  -1.5832897e-02
  -5.1624516e-01  -6.9647524e-01   1.2053321e-01  -1.0491416e-03  -4.1198895e-03  -1.4179083e-02
  -5.5170454e-01  -3.5295031e-01   1.3986757e-01  -1.9103701e-02   4.1420078e-03  -7.9153222e-03
  -4.9563492e-01  -2.4826157e-01   1.1322985e-01  -2.1779816e-02   9.7220059e-03  -3.0207325e-03
  -5.0464981e-01  -2.9224081e-01   2.7321663e-01  -2.3025199e-02   6.8735613e-03  -4.7801772e-03
  -4.7674186e-01  -3.2731748e-01   3.4492793e-01  -1.5512533e-02   5.1809939e-03  -4.8299324e-03
  -4.9322509e-01  -2.9296176e-01   3.1344633e-01  -1.7320715e-02   6.1272000e-03  -5.2235665e-03
  -4.8745907e-01  -2.8997650e-01   2.3917236e-01  -1.6364346e-02   6.4737782e-03  -5.0940120e-03
  -4.4620967e-01  -2.9164661e-01   2.2121577e-01  -1.5502741e-02   5.8362655e-03  -4.6920738e-03
  -4.0830709e-01  -2.7619501e-01   2.3633287e-01  -1.5512527e-02   5.6005558e-03  -4.2529457e-03
  -4.1539166e-01  -3.2171400e-01   2.4638087e-01  -1.5710800e-02   3.6675367e-03  -5.2595752e-03
  -3.3166015e-01  -4.3320017e-01   2.0176153e-01  -1.4550907e-02   9.8871029e-04  -5.7143143e-03
  -2.7699589e-01  -4.6937687e-01   1.8580051e-01  -1.4570016e-02  -1.6738464e-04  -5.2111004e-03
  -3.1434025e-01  -4.9284630e-01   1.5150905e-01  -1.4267779e-02  -3.0263403e-04  -5.6188794e-03
  -3.2636848e-01  -5.5817289e-01   1.3103139e-01  -1.3053933e-02  -7.1558909e-04  -6.4940299e-03
  -2.9594743e-01  -5.3219577e-01   3.3095427e-02  -1.3428194e-02  -2.1175143e-03  -6.7031234e-03
  -3.2177780e-01  -5.6673057e-01   2.3691223e-01  -1.5034803e-02  -4.1330505e-03  -6.5337535e-03
  -3.7373618e-01  -5.9935112e-01   2.7120088e-01  -1.4632524e-02  -4.3609308e-03  -8.4508588e-03
  -4.0144945e-01  -6.3500506e-01   2.0377630e-01  -1.2379282e-02  -3.8483504e-03  -9.1836162e-03
  -3.8031193e-01  -6.8403560e-01   2.4566952e-01  -1.1026649e-02  -4.2128924e-03  -9.6257234e-03
  -4.4126097e-01  -7.3480224e-01   3.0619721e-01  -1.0255591e-02  -5.0624080e-03  -1.0720611e-02
  -4.4666294e-01  -7.4060789e-01   2.1011807e-01  -8.9639263e-03  -5.2197613e-03  -1.0437511e-02
  -4.6946188e-01  -7.5534013e-01   2.1202004e-01  -9.5199237e-03  -5.9291975e-03  -1.1175227e-02
  -5.2103832e-01  -6.5299215e-01   4.7006630e-02  -1.1962275e-02  -7.3978478e-03  -1.1304363e-02
  -6.0696994e-01  -7.4959920e-01   1.6452827e-01  -9.9745365e-03  -6.3495124e-03  -1.2904630e-02
  -6.3337036e-01  -7.5421226e-01   2.4238246e-01  -9.5969118e-03  -5.7025408e-03  -1.3536249e-02
  -5.8279812e-01  -7.4330466e-01   4.1629341e-02  -6.9626986e-03  -6.6148538e-03  -1.2490117e-02
  -6.2333716e-01  -7.8430312e-01   1.6237138e-01  -7.0306300e-03  -7.3941596e-03  -1.3364054e-02
  -6.2757743e-01  -8.0618537e-01   3.1022725e-01  -6.6035809e-03  -7.4643368e-03  -1.1846300e-02
  -6.3067574e-01  -7.7540426e-01   2.0709723e-01  -6.0427396e-03  -8.3091137e-03  -1.2409789e-02
  -5.4973338e-01  -7.5356220e-01   2.7921110e-01  -6.8031262e-03  -8.2641248e-03  -1.2329386e-02
  -4.9078508e-01  -7.0481995e-01   3.8906083e-01  -7.1938109e-03  -8.8358070e-03  -1.1315090e-02
  -3.6344374e-01  -7.1021545e-01   4.1529008e-01  -6.4153022e-03  -9.3147727e-03  -8.6733407e-03
  -3.9186625e-01  -7.5943991e-01   5.5199692e-01  -7.1406209e-03  -1.0211797e-02  -1.0842128e-02
  -4.4710671e-01  -8.2703146e-01   3.4629338e-01  -3.6456355e-03  -9.7804021e-03  -1.2239898e-02
  -3.4375448e-01  -7.7269395e-01   1.7767307e-01  -4.9337295e-03  -1.0846514e-02  -1.3532858e-02
  -3.6343531e-01  -8.1295655e-01   1.7767386e-01  -3.4898553e-03  -1.0862030e-02  -1.3646720e-02
  -3.3869275e-01  -7.9411417e-01   1.6339141e-01  -4.0184800e-03  -1.1638954e-02  -1.3863706e-02
  -3.5743798e-01  -8.0486707e-01   2.4195695e-01  -4.6716542e-03  -1.1903211e-02  -1.4461441e-02
  -3.8284697e-01  -8.2755902e-01   2.2707879e-01  -3.7779726e-03  -1.1790443e-02  -1.4758431e-02
  -3.6763615e-01  -7.6588105e-01   1.1070767e-01  -4.6447266e-03  -1.1257344e-02  -1.4737136e-02
  -3.7267011e-01  -7.4412354e-01   3.4498406e-02  -3.7354898e-03  -1.1159917e-02  -1.5444406e-02
  -3.5240095e-01  -7.9953163e-01   1.5132614e-01  -3.6731150e-03  -1.1799895e-02  -1.5872899e-02
  -3.7196954e-01  -8.2638951e-01   4.4036063e-02  -1.6980556e-03  -1.1726155e-02  -1.5661734e-02
  -3.6978865e-01  -8.3028243e-01  -4.7497397e-02  -5.0747124e-04  -1.1775397e-02  -1.5756634e-02
  -3.6304435e-01  -8.3824887e-01   1.9201447e-02  -2.6700631e-04  -1.1868323e-02  -1.6253974e-02
  -3.6047881e-01  -8.2287077e-01   1.5546802e-01  -1.4928037e-03  -1.2740128e-02  -1.5379661e-02
  -3.8871078e-01  -8.3799117e-01   7.1396314e-02   1.4441923e-04  -1.2480177e-02  -1.5875539e-02
  -4.0394441e-01  -8.6055335e-01  -3.7441110e-02   9.0985948e-04  -1.2716417e-02  -1.7228831e-02
  -3.7141541e-01  -7.1415724e-01  -2.4446626e-01  -9.0250471e-04  -1.2751590e-02  -1.4663377e-02
  -3.8155014e-01  -6.3965586e-01  -8.6857594e-02  -4.2123818e-03  -1.2207378e-02  -1.3246431e-02
