   0.0000000e+00   0.0000000e+00   0.0000000e+00   1.7347235e-18   0.0000000e+00   0.0000000e+00
   1.2094317e-02  -3.0204507e-02  -2.1883046e-02  -5.8155863e-04   2.1289096e-04   3.7300767e-04
  -2.3167721e-02   2.7755531e-02  -1.0554971e-01   6.2866736e-04   1.4775461e-04   2.8858350e-04
  -7.5626221e-03   3.8994883e-03  -4.3065522e-02   4.7237298e-04   4.4785954e-04   2.5006739e-04
  -1.7137858e-02   9.9270554e-03  -6.0734852e-02   6.3926284e-04   4.3679852e-04   1.6084133e-04
  -1.2059883e-02   7.1976561e-03  -1.0138875e-01   9.8484769e-04   4.8819496e-04   4.8157663e-05
  -4.7028877e-03   5.1010947e-03  -9.0504396e-02   7.4588505e-04   2.7993563e-04  -4.3926214e-06
  -4.1710429e-03   4.3006061e-03  -1.0799769e-01   8.2171198e-04   2.7154092e-04   1.3166607e-04
  -3.6439482e-03  -4.6285608e-04  -1.0466009e-01   8.9924124e-04  -4.5246115e-05   1.7214994e-04
   9.6238266e-04  -5.6562543e-03  -8.9956090e-02   6.3957360e-04  -1.9286836e-04   1.6155939e-04
   6.7053556e-03  -1.3097981e-02  -8.5929722e-02   8.6592739e-04  -5.7378299e-04   1.7731068e-04
   3.4872290e-03  -1.7366381e-02  -1.1890533e-01   1.1379799e-03  -8.7958720e-04   2.3658144e-04
   9.3138934e-03  -3.0439647e-02  -1.1683134e-01   1.2100651e-03  -1.2743080e-03   1.1183120e-04
   2.3903664e-02  -3.7108682e-02  -1.0434140e-01   1.1199314e-03  -1.4113109e-03   1.6692922e-04
   2.0242215e-02  -4.6041765e-02  -1.0491823e-01   1.1749160e-03  -1.6056944e-03   2.4886833e-04
   4.3880026e-03  -4.9810704e-02  -1.3244322e-01   1.3988035e-03  -1.9773816e-03  -3.2027471e-05
   2.3720981e-03  -5.5520981e-02  -1.1846773e-01   1.1788798e-03  -2.0533980e-03  -6.6356797e-05
   6.0803717e-03  -7.4355358e-02  -1.0475557e-01   1.6566228e-03  -2.4446176e-03  -1.8200991e-04
   8.2227019e-03  -6.8434086e-02  -1.1048840e-01   1.7378917e-03  -2.8719388e-03  -2.7784260e-04
   3.9016573e-03  -9.0101737e-02  -1.1241817e-01   1.7401498e-03  -3.1336150e-03  -4.3672418e-04
  -8.1861135e-03  -9.6381603e-02  -8.1872476e-02   1.3894282e-03  -2.4862254e-03  -3.5747620e-04
  -2.7292614e-02  -7.1953057e-02  -1.6158981e-01   2.0439258e-03  -2.3048434e-03  -5.7285737e-04
  -3.1689774e-02  -9.7949484e-02  -1.1864350e-01   1.3916710e-03  -2.6393786e-03  -7.2771168e-04
  -4.1460328e-02  -1.1086704e-01  -1.2521593e-01   2.3293475e-03  -2.6400675e-03  -7.1150742e-04
  -4.2280479e-02  -1.2326229e-01  -1.1904614e-01   2.7769067e-03  -2.6972134e-03  -7.1032321e-04
  -4.3105963e-02  -1.0533773e-01  -1.4233495e-01   2.8188098e-03  -2.4912676e-03  -6.3636675e-04
  -5.5527828e-02  -1.0433566e-01  -1.2266591e-01   2.5090038e-03  -2.7026123e-03  -7.2208445e-04
  -5.5551115e-02  -1.2557743e-01  -1.1228635e-01   2.4873549e-03  -2.7844884e-03  -9.2612321e-04
  -5.9821807e-02  -1.3883630e-01  -9.4000895e-02   1.7513122e-03  -2.8558169e-03  -1.0432141e-03
  -8.1964043e-02  -1.3143908e-01  -1.5528253e-01   2.7627747e-03  -2.9725917e-03  -1.1103608e-03
  -6.3540269e-02  -1.4227505e-01  -9.4856789e-02   1.5330758e-03  -3.1356623e-03  -1.2149017e-03
  -8.8143977e-02  -1.2686686e-01  -1.6874319e-01   2.8777698e-03  -2.9404680e-03  -1.4182771e-03
  -7.4095489e-02  -1.5216150e-01  -1.0813594e-01   2.3902405e-03  -3.0466676e-03  -1.4887610e-03
  -9.1795023e-02  -1.5548540e-01  -1.3723023e-01   2.7639985e-03  -3.2865448e-03  -1.7463748e-03
  -8.7741020e-02  -1.7880449e-01  -1.0773804e-01   2.5878238e-03  -3.3550575e-03  -1.8158591e-03
  -1.1416277e-01  -1.5120734e-01  -1.4767212e-01   2.8293150e-03  -3.1308956e-03  -1.8466503e-03
  -1.0120924e-01  -1.7780926e-01  -1.3104865e-01   2.7790408e-03  -3.4748970e-03  -1.8411899e-03
  -1.0345393e-01  -2.0339282e-01  -1.4260212e-01   3.4962988e-03  -3.3948351e-03  -2.0278804e-03
  -1.1371692e-01  -1.8420965e-01  -1.7689734e-01   3.3274138e-03  -3.2188212e-03  -1.8641959e-03
  -9.8651740e-02  -1.6947715e-01  -1.3546362e-01   2.7478905e-03  -3.4017103e-03  -1.8306747e-03
  -1.1947568e-01  -1.6678596e-01  -2.0780241e-01   3.5114391e-03  -3.6896247e-03  -1.9762598e-03
  -1.0339390e-01  -1.8307311e-01  -1.9117776e-01   3.3591593e-03  -3.6001719e-03  -1.9593600e-03
  -9.0544978e-02  -2.0676585e-01  -1.6533753e-01   3.3533866e-03  -3.7922633e-03  -1.8535551e-03
  -1.0488792e-01  -2.1161778e-01  -1.9148962e-01   3.6644621e-03  -3.8256634e-03  -1.9213572e-03
  -9.8108318e-02  -2.0962990e-01  -1.9355823e-01   3.4446602e-03  -4.0649635e-03  -1.9776669e-03
  -7.9117275e-02  -2.1211386e-01  -1.6438463e-01   3.2670222e-03  -4.1753243e-03  -1.7927518e-03
  -9.8966027e-02  -2.0427694e-01  -2.2335346e-01   3.7233771e-03  -4.3631464e-03  -1.8461662e-03
  -9.0595033e-02  -2.1151362e-01  -2.1256792e-01   3.8862289e-03  -4.4206796e-03  -1.8169886e-03
  -9.1745375e-02  -2.2056484e-01  -2.1902744e-01   3.7389518e-03  -4.6103967e-03  -1.7770437e-03
  -9.0585404e-02  -2.2554957e-01  -2.1479281e-01   2.9744513e-03  -4.9414887e-03  -1.9135908e-03
  -7.5925091e-02  -2.3403561e-01  -2.3024189e-01   3.8223280e-03  -4.3996514e-03  -1.5589247e-03
  -1.0159993e-01  -2.2419781e-01  -2.8256994e-01   4.2878134e-03  -4.4790776e-03  -1.8589690e-03
  -9.5261554e-02  -2.4288455e-01  -2.3985339e-01   4.3751623e-03  -4.6079455e-03  -1.9660076e-03
  -1.1194641e-01  -2.2708980e-01  -2.8441225e-01   4.5258145e-03  -4.7496585e-03  -2.1155846e-03
  -9.1401641e-02  -2.6455562e-01  -2.0904441e-01   3.4148717e-03  -4.7890011e-03  -2.1439773e-03
  -1.0437582e-01  -2.5568506e-01  -2.3109301e-01   4.4971883e-03  -4.8889422e-03  -2.0955779e-03
  -1.0840282e-01  -2.6053998e-01  -2.5429114e-01   4.6760919e-03  -4.8223493e-03  -2.1697484e-03
  -8.8735402e-02  -2.6035343e-01  -2.1474992e-01   4.2779875e-03  -4.7203615e-03  -2.0653592e-03
  -1.0017990e-01  -2.5999519e-01  -2.6784633e-01   4.9381584e-03  -5.1599806e-03  -2.2636156e-03
  -7.9014294e-02  -2.6782342e-01  -2.5009412e-01   4.6859507e-03  -5.1107024e-03  -2.0944522e-03
  -8.2681714e-02  -2.7162638e-01  -2.6430233e-01   4.7640860e-03  -5.0423026e-03  -2.1942535e-03
  -8.9512816e-02  -2.8621115e-01  -2.8411605e-01   5.1599578e-03  -5.0864593e-03  -2.2227415e-03
  -8.0458036e-02  -2.7847792e-01  -2.6314657e-01   4.8639964e-03  -5.0773600e-03  -2.1702280e-03
  -8.7111684e-02  -2.6524558e-01  -3.1665571e-01   5.2894330e-03  -5.3040076e-03  -2.2706069e-03
  -1.1108908e-01  -2.7283921e-01  -3.1969930e-01   5.2078494e-03  -5.4163199e-03  -2.4582813e-03
  -9.3697569e-02  -2.9908824e-01  -2.8608311e-01   5.3044483e-03  -5.4970446e-03  -2.4044820e-03
  -1.0504273e-01  -3.0205573e-01  -2.7880741e-01   4.9986017e-03  -5.4515324e-03  -2.4862915e-03
  -1.1998110e-01  -2.9309823e-01  -3.0662460e-01   5.1561322e-03  -5.5312834e-03  -2.6226308e-03
  -1.1154464e-01  -3.0560593e-01  -2.9191056e-01   5.1068397e-03  -5.7624266e-03  -2.6195393e-03
  -1.0094417e-01  -3.1711649e-01  -2.8295266e-01   5.2403433e-03  -5.7882058e-03  -2.6221917e-03
  -1.1037297e-01  -3.3211975e-01  -2.8405990e-01   5.3375620e-03  -6.0500399e-03  -2.6977744e-03
  -1.0699726e-01  -3.5344782e-01  -2.8395071e-01   5.6064004e-03  -6.1878683e-03  -2.6398438e-03
  -9.9427562e-02  -3.3686506e-01  -2.9310263e-01   5.5640180e-03  -6.2527005e-03  -2.5200250e-03
  -1.0455636e-01  -3.1661080e-01  -3.1268759e-01   5.6642728e-03  -6.7016309e-03  -2.5509515e-03
  -1.2084086e-01  -3.1527271e-01  -3.4449227e-01   5.8919942e-03  -6.4728624e-03  -2.4755692e-03
  -1.1471940e-01  -3.0661099e-01  -3.5723280e-01   5.4765135e-03  -5.5483362e-03  -2.4780324e-03
  -1.2334492e-01  -2.9742519e-01  -3.7758382e-01   5.8863989e-03  -5.6809751e-03  -2.6699458e-03
  -9.0645984e-02  -3.4625294e-01  -3.2062225e-01   5.7204352e-03  -5.5242673e-03  -2.3052314e-03
  -1.1459008e-01  -3.1128847e-01  -4.0110027e-01   6.0432186e-03  -5.1823219e-03  -2.4999518e-03
  -9.5611677e-02  -3.5526973e-01  -3.4953318e-01   6.0740216e-03  -5.3929965e-03  -2.4507005e-03
  -1.1461247e-01  -3.3384359e-01  -4.0336725e-01   6.4050620e-03  -5.6408453e-03  -2.7955552e-03
  -9.6864755e-02  -3.7065100e-01  -3.3404319e-01   5.8964949e-03  -5.6431245e-03  -2.7806464e-03
  -1.1248156e-01  -3.8566141e-01  -3.5467609e-01   6.4107848e-03  -5.7545720e-03  -3.1201443e-03
  -9.6046795e-02  -3.7013574e-01  -3.3706237e-01   5.8223078e-03  -5.7585616e-03  -3.0667031e-03
  -9.7756374e-02  -3.5887238e-01  -3.6556935e-01   6.0443649e-03  -5.7790516e-03  -3.0433386e-03
  -1.0700422e-01  -3.9144821e-01  -3.6158093e-01   6.0590403e-03  -5.6063586e-03  -3.2266438e-03
  -9.9419199e-02  -3.9198892e-01  -3.3109185e-01   6.0826415e-03  -5.8229917e-03  -3.2719686e-03
  -1.1374150e-01  -3.8985686e-01  -3.9288668e-01   6.7812821e-03  -6.2607805e-03  -3.4702513e-03
  -1.2152673e-01  -4.0607447e-01  -3.6007089e-01   6.3452678e-03  -6.4110249e-03  -3.5629032e-03
  -1.2704102e-01  -4.1435229e-01  -3.4291585e-01   6.4490933e-03  -6.4597874e-03  -3.6598695e-03
  -1.4017130e-01  -4.1872943e-01  -3.5746717e-01   6.2870433e-03  -6.7573033e-03  -3.9094077e-03
  -1.3364673e-01  -4.1633734e-01  -3.6641595e-01   5.9831561e-03  -6.8091978e-03  -3.9823456e-03
  -1.2813104e-01  -4.3287418e-01  -3.4922077e-01   6.4653401e-03  -6.9369109e-03  -3.9408596e-03
  -1.3648444e-01  -4.3903735e-01  -3.6372093e-01   6.2089535e-03  -7.0614933e-03  -4.0162983e-03
  -1.3751916e-01  -4.5594288e-01  -3.4959177e-01   6.5389662e-03  -7.0483628e-03  -3.9702590e-03
  -1.3926924e-01  -4.4449203e-01  -3.7767697e-01   6.8871427e-03  -7.0289245e-03  -4.1238878e-03
  -1.5086435e-01  -4.3633822e-01  -4.0353811e-01   6.8815013e-03  -7.1386162e-03  -4.1260815e-03
  -1.5674987e-01  -4.3862448e-01  -4.2608667e-01   7.2640921e-03  -7.2385878e-03  -4.2287452e-03
  -1.5523266e-01  -4.3827714e-01  -4.1369188e-01   7.0081033e-03  -7.4197090e-03  -4.3295448e-03
  -1.8377930e-01  -4.2337647e-01  -4.7906988e-01   7.5667157e-03  -7.7388872e-03  -4.5447482e-03
  -1.9018550e-01  -4.3913206e-01  -4.7544867e-01   7.4477277e-03  -7.6417360e-03  -4.7486982e-03
  -1.7332046e-01  -4.5464370e-01  -4.4033571e-01   6.9886519e-03  -7.7185640e-03  -4.7081312e-03
  -1.9434224e-01  -4.5330819e-01  -4.6534955e-01   7.5789160e-03  -7.9625161e-03  -4.9114522e-03
  -2.0321351e-01  -4.5327298e-01  -4.8808238e-01   7.5715719e-03  -7.6349271e-03  -4.8349920e-03
  -1.7803086e-01  -4.6495965e-01  -4.1833145e-01   6.8795155e-03  -6.7715743e-03  -4.7930964e-03
  -2.0352306e-01  -4.4554877e-01  -4.9483223e-01   7.2822980e-03  -6.9539324e-03  -4.9465581e-03
  -1.7226389e-01  -4.8963245e-01  -4.2630558e-01   7.4328797e-03  -6.9137779e-03  -4.7658422e-03
  -1.9856442e-01  -4.7175821e-01  -4.7145731e-01   7.8239562e-03  -7.0074503e-03  -4.7437549e-03
  -1.8121823e-01  -4.7949342e-01  -4.0592700e-01   6.5353269e-03  -7.1126790e-03  -4.9061425e-03
  -1.9660609e-01  -4.7174870e-01  -4.6725796e-01   7.5758164e-03  -7.3655278e-03  -5.0386481e-03
  -1.9996746e-01  -4.9143201e-01  -4.6662338e-01   7.7739644e-03  -7.6257401e-03  -5.0792506e-03
  -1.9174118e-01  -4.9984588e-01  -4.5347039e-01   7.9080331e-03  -7.8765897e-03  -5.0208299e-03
  -1.9648537e-01  -4.9766218e-01  -4.7491452e-01   7.7765707e-03  -8.2459078e-03  -5.1018975e-03
  -1.9858862e-01  -5.0038601e-01  -4.9097697e-01   7.8688590e-03  -8.7022327e-03  -5.1410690e-03
  -1.8635648e-01  -5.3677470e-01  -4.7993725e-01   8.2813667e-03  -8.7280476e-03  -5.1862782e-03
  -1.9535478e-01  -5.3298768e-01  -4.7647689e-01   7.9676324e-03  -8.6055508e-03  -5.1270338e-03
  -2.2070806e-01  -5.3199614e-01  -5.1235664e-01   8.4381101e-03  -8.8472584e-03  -5.3483522e-03
  -2.1149966e-01  -5.5162921e-01  -4.1187155e-01   6.4761297e-03  -8.4044393e-03  -5.4722723e-03
  -2.2504449e-01  -5.4090578e-01  -4.7352330e-01   8.2596049e-03  -8.5005235e-03  -5.6190832e-03
  -2.1664255e-01  -5.6532635e-01  -3.8458673e-01   6.7327124e-03  -8.3460344e-03  -5.6519621e-03
