   0.0000000e+00   0.0000000e+00   0.0000000e+00   0.0000000e+00   0.0000000e+00   4.3368087e-19
   1.3445275e-02   8.7106541e-02  -7.5511493e-02  -6.5212613e-04   1.4564289e-04   2.5404022e-05
   2.2323007e-03  -1.9936408e-02  -3.0341847e-02  -2.6842296e-04  -1.3909558e-04  -5.7985177e-06
   6.4118758e-04   6.8249026e-02  -3.9588935e-02  -1.1034466e-03  -4.0555778e-04  -4.2974948e-04
   1.6597428e-03  -4.4887304e-02   2.6849843e-03  -7.7092271e-04  -8.5905827e-04  -7.0064502e-04
  -1.9541023e-03   5.3495564e-02  -2.2333896e-02  -1.4555027e-03  -1.0063861e-03  -9.6735904e-04
   2.0404785e-03  -1.0959328e-01   2.6552381e-02  -5.9892632e-04  -8.6645437e-04  -1.1455041e-03
  -3.8522293e-02  -1.0381266e-01  -2.4715300e-02  -9.6677995e-04  -5.0123362e-04  -1.6427101e-03
  -6.9164315e-02  -6.1040873e-02   2.5493274e-02  -2.9918059e-03   1.1160979e-04  -2.2368591e-03
  -9.3166093e-02  -2.7830326e-02   2.9442224e-02  -4.2216239e-03   5.1294866e-04  -2.6746574e-03
  -9.5821956e-02  -7.8446744e-03   9.6519143e-03  -4.1635813e-03   3.8786473e-04  -3.0140414e-03
  -1.0661019e-01   8.0508019e-03  -9.0173184e-05  -3.9285439e-03   6.4349967e-04  -3.4051366e-03
  -9.9795974e-02   1.2246300e-02   1.8379951e-02  -3.8132695e-03   5.8838036e-04  -2.9892460e-03
  -9.6658293e-02   3.7678199e-02   2.9796356e-02  -3.9923572e-03   9.5213216e-04  -2.3791790e-03
  -1.0402409e-01   5.4616207e-02   3.5911515e-02  -4.2980392e-03   1.1389882e-03  -1.9887362e-03
  -1.0658775e-01   2.2497588e-02   5.5018286e-02  -4.0689953e-03   1.4048256e-03  -1.9365266e-03
  -9.8230506e-02   1.8728070e-02   4.8280409e-02  -3.8690321e-03   1.5972902e-03  -1.3738181e-03
  -1.1936225e-01  -7.4396555e-02   1.1079382e-01  -3.2388531e-03   2.3223300e-03  -1.7440217e-03
  -1.0893196e-01  -1.6201193e-01   8.0251575e-02  -2.0712767e-03   2.2012380e-03  -2.3242149e-03
  -9.6773123e-02  -6.2248962e-02   7.6765906e-02  -2.5553523e-03   1.9772360e-03  -1.6918051e-03
  -8.3651981e-02  -4.0620100e-02   7.1527674e-02  -2.8125718e-03   1.8910202e-03  -1.0281661e-03
  -7.9291367e-02  -4.1735668e-02   6.3061935e-02  -2.5422805e-03   1.8003529e-03  -7.9957286e-04
  -6.1964835e-02  -1.2955368e-02   4.2896151e-02  -2.8887776e-03   1.4591947e-03  -6.8597211e-04
  -5.7160639e-02  -3.2668532e-02   7.6329341e-02  -2.8221467e-03   1.4641728e-03  -5.0107982e-04
  -3.9970689e-02  -9.2535328e-03   1.0700022e-01  -3.2036364e-03   1.4404037e-03  -6.2247375e-04
  -2.2660051e-02  -8.0389379e-02  -1.1808019e-01  -1.3056066e-03   1.2589769e-03  -2.1615527e-03
  -7.0740021e-04  -6.0858799e-02   8.4920836e-03  -1.0714925e-03   1.0572076e-03  -2.1262886e-03
  -3.2515371e-03  -6.0343904e-02   7.0303722e-02  -9.3189192e-05   2.3632632e-03  -1.4741601e-03
  -1.2764358e-02  -2.0244647e-01   1.4254783e-01   1.6416354e-04   1.6447821e-03  -2.7428921e-03
  -1.9516558e-02  -6.2310743e-02   9.2103627e-02  -1.1180919e-03   1.3061511e-03  -2.6075293e-03
  -2.1739715e-02  -9.3235673e-02   1.1862890e-01  -1.4949543e-03   1.2535837e-03  -2.8194127e-03
  -1.7729639e-02  -6.8886769e-02   1.6014151e-01  -1.5422631e-03   1.2681343e-03  -2.6817305e-03
  -1.7362741e-03  -7.7915869e-02   1.3692145e-01  -1.2290010e-03   1.4607815e-03  -2.4489160e-03
  -1.7723224e-02  -4.0127528e-01   2.7191527e-01   3.3259139e-03   2.3677217e-03  -2.4365970e-03
   1.0889084e-02  -3.9277404e-01   9.0644150e-02   2.6265706e-03   1.6572691e-03  -2.5293534e-03
  -8.9408887e-03  -1.7565032e-01   2.0955792e-01   5.8641496e-04   1.5737705e-03  -2.3564920e-03
  -9.4787431e-03  -7.0556302e-02   2.7463775e-01  -7.6511255e-04   1.4276263e-03  -2.0156491e-03
  -3.9373410e-02  -1.0968186e-01   2.7652841e-01  -1.3093944e-03   1.9930101e-03  -2.2768975e-03
  -4.2733425e-02  -6.0533754e-02   2.4835425e-01  -2.2623139e-03   1.9061105e-03  -1.4831862e-03
  -4.2655753e-02  -5.7584351e-02   2.7271119e-01  -3.0768717e-03   1.9816873e-03  -1.3380211e-03
  -1.5740381e-02  -6.6241025e-02   2.7096235e-01  -3.4960993e-03   1.6753126e-03  -1.1110455e-03
  -4.1753387e-03  -4.8049334e-02   2.6055894e-01  -3.5945882e-03   1.6643719e-03  -4.7287648e-04
  -8.5073001e-03  -1.1082600e-01   2.7246031e-01  -3.8491074e-03   2.0939602e-03  -2.2678154e-04
  -2.3770352e-02  -9.7381558e-02   2.6029889e-01  -4.3632565e-03   1.9656520e-03  -3.9394241e-04
  -3.5151490e-02  -2.2049725e-01   3.4128514e-01  -4.2804593e-03   2.2320423e-03  -1.1102619e-03
  -2.0827259e-02  -3.1180321e-01   3.2002651e-01  -2.8549649e-03   1.8445331e-03  -1.3354698e-03
  -1.8678959e-02  -1.1557978e-01   2.9772859e-01  -4.3209222e-03   1.4629162e-03  -9.5288355e-04
  -3.5633760e-02  -1.2684450e-01   3.0561392e-01  -4.6585881e-03   1.7345316e-03  -1.2345434e-03
  -3.8014937e-02  -1.0360378e-01   3.1771971e-01  -4.7627027e-03   1.7665657e-03  -1.3517801e-03
  -3.4882517e-02  -1.5478458e-01   3.0557554e-01  -4.3028227e-03   1.5788010e-03  -1.6203380e-03
  -2.9318886e-02  -8.0382057e-02   3.2862246e-01  -5.1553802e-03   1.6421310e-03  -1.2730519e-03
  -2.7242535e-02  -1.5960007e-01   3.1313445e-01  -5.0472859e-03   1.5835081e-03  -1.0937830e-03
  -2.8007746e-02  -1.2902783e-01   3.1201695e-01  -4.9971136e-03   1.6740370e-03  -6.9770100e-04
  -2.5564024e-02  -9.5089354e-02   2.9509389e-01  -5.4885169e-03   1.6932712e-03  -3.7434334e-04
  -2.8098360e-02  -1.0111724e-01   2.9183893e-01  -5.8471553e-03   1.7064197e-03  -1.5023424e-04
  -2.1210013e-02  -8.7611202e-02   2.9344757e-01  -6.0952199e-03   1.6411025e-03   1.9158223e-04
  -1.7842984e-02  -7.1025561e-02   2.8635602e-01  -6.0758482e-03   1.6785578e-03   3.7595686e-04
  -2.7170929e-02  -1.2836084e-01   3.1859894e-01  -6.1376558e-03   1.9240426e-03  -1.1956202e-04
  -3.3014614e-02  -9.6915009e-02   3.4358213e-01  -6.6353462e-03   2.1226737e-03  -6.0472856e-05
  -1.4136521e-02  -2.2410918e-01   7.8996124e-02  -3.0424946e-03   1.7006665e-03  -1.2684150e-03
   3.0111874e-02  -1.9374730e-01   2.3018988e-01  -3.3503882e-03   2.5239109e-03  -1.3435769e-03
   2.5208806e-02  -2.1625547e-01   2.9657528e-01  -1.7292673e-03   1.6075351e-03  -1.3352769e-03
   5.1471577e-03  -1.6567506e-01   3.4823795e-01  -3.0645580e-03   1.5234540e-03  -1.7818490e-03
   5.8651812e-03  -1.2588532e-01   3.2052370e-01  -3.5900779e-03   1.3155831e-03  -1.7320384e-03
   3.5060162e-03  -1.6281086e-01   3.1682632e-01  -3.5779577e-03   1.3716723e-03  -1.9651045e-03
  -1.3247174e-02  -1.6319968e-01   3.5098373e-01  -3.9728914e-03   1.6439247e-03  -1.9327731e-03
  -3.7355740e-03  -2.2015386e-01   3.3078560e-01  -3.4910362e-03   1.2944192e-03  -1.9482846e-03
  -7.2019256e-04  -2.0503572e-01   3.7384337e-01  -3.9237781e-03   1.4544608e-03  -1.5991831e-03
   2.0064469e-03  -1.6911547e-01   3.9511948e-01  -4.0953330e-03   1.4824712e-03  -1.4600013e-03
  -1.9024529e-02  -3.5031471e-01   4.2482382e-01  -3.2379229e-03   1.6555848e-03  -2.1550806e-03
  -1.4592190e-03  -2.5362253e-01  -5.7955680e-02   3.5579156e-04   1.4697933e-03  -2.0812335e-03
  -5.2418693e-03  -2.3563075e-01   4.9874167e-01  -7.9066412e-04   2.9625805e-03  -1.7384456e-03
  -1.9075831e-04  -2.8795291e-01   4.7094288e-01  -1.2286584e-03   1.7851617e-03  -2.3120428e-03
  -1.1709297e-02  -2.4949250e-01   5.2669659e-01  -1.1833726e-03   2.8231480e-03  -2.1244385e-03
  -1.8354238e-02  -3.9958357e-01   5.2288344e-01  -1.3339320e-03   2.4252959e-03  -2.1412064e-03
  -1.6512877e-02  -3.2189319e-01   4.9027065e-01  -2.6612256e-03   2.4625323e-03  -1.6235855e-03
  -1.0876266e-02  -2.5952619e-01   4.9201847e-01  -3.3494615e-03   2.3379526e-03  -1.3385208e-03
  -5.6694062e-03  -2.3949502e-01   4.8041018e-01  -3.9174271e-03   2.2234681e-03  -1.1319540e-03
  -1.5278988e-03  -2.1226622e-01   4.6874289e-01  -4.1138063e-03   2.2161487e-03  -1.0156607e-03
   6.0953460e-04  -2.1298302e-01   4.8701750e-01  -4.0820715e-03   1.9192404e-03  -1.1407215e-03
  -1.4871349e-02  -3.0787821e-01   5.4408488e-01  -4.7899356e-03   2.4003638e-03  -1.3981893e-03
  -1.8433353e-02  -4.2253504e-01   5.3130639e-01  -3.9040437e-03   2.1243282e-03  -1.5366519e-03
  -1.2155861e-02  -3.0737153e-01   4.7155360e-01  -6.0264232e-03   1.9686301e-03  -1.2535234e-03
  -3.7836805e-02  -4.2440475e-01   5.4572858e-01  -4.8415024e-03   2.2237363e-03  -1.5853497e-03
  -2.9376009e-02  -3.4058745e-01   4.5888948e-01  -4.9451126e-03   2.1986562e-03  -1.3098469e-03
  -3.6223157e-02  -3.0303134e-01   4.4540073e-01  -5.8775282e-03   2.3227282e-03  -1.3711866e-03
  -2.8221335e-02  -2.4565859e-01   4.1888163e-01  -6.2911774e-03   2.0778636e-03  -1.2155248e-03
  -3.3964148e-02  -3.4136809e-01   4.6991201e-01  -6.3616748e-03   2.2188806e-03  -1.3884538e-03
  -2.6169137e-02  -3.2359937e-01   4.1944018e-01  -6.5170416e-03   2.1325349e-03  -1.2119070e-03
  -3.9817934e-02  -3.2961762e-01   4.5519805e-01  -6.4517845e-03   2.3261309e-03  -1.4739192e-03
  -2.0562988e-02  -3.0785695e-01   4.3136838e-01  -6.3449978e-03   2.1062914e-03  -1.6393756e-03
  -1.7474431e-02  -5.1122871e-01   1.1750790e-01   1.9411170e-03   4.9883159e-04  -3.6301700e-03
   7.5495230e-02  -4.8139790e-01  -2.9981687e-01  -7.5496192e-04  -1.9921273e-03  -4.6745035e-03
   3.2161518e-02  -2.9834488e-01   1.2501436e-01  -4.3046312e-03  -3.0487739e-05  -4.6676485e-03
   2.3969818e-02  -2.4837386e-01   1.0637672e-01  -4.9292085e-03  -4.8183341e-04  -5.1598209e-03
   9.9930510e-03  -3.3101949e-01   1.4593797e-01  -4.9527393e-03  -2.2958027e-04  -5.2262561e-03
   1.0060720e-02  -2.4316457e-01   1.3553576e-01  -5.1305449e-03  -2.3442217e-04  -4.9979906e-03
  -7.8454136e-04  -3.5644637e-01   1.5812732e-01  -5.0259095e-03  -6.8309330e-05  -5.0200604e-03
  -1.1303483e-02  -2.7888316e-01   1.7070560e-01  -5.7524342e-03   1.0967188e-05  -5.0199724e-03
  -5.6714622e-03  -3.2511717e-01   1.2911191e-01  -5.4916781e-03  -4.7735282e-07  -4.8466246e-03
  -9.0673509e-03  -3.3650466e-01   1.7681088e-01  -6.0576688e-03   2.4342590e-04  -4.8084992e-03
   1.6759014e-03  -2.9164781e-01   1.5273642e-01  -5.8995254e-03   1.0244275e-05  -4.9626130e-03
   9.7013525e-03  -3.8099322e-01   1.9164752e-01  -5.5251064e-03   2.1112553e-05  -4.9854139e-03
   3.0290836e-02  -3.2844992e-01   1.7133940e-01  -6.3261747e-03  -3.0809447e-04  -4.9298812e-03
   4.5482114e-02  -3.5028348e-01   1.3568967e-01  -6.0822951e-03  -7.6737036e-04  -5.0091016e-03
   4.4071324e-02  -3.4456954e-01   1.5242853e-01  -6.4793670e-03  -6.6749036e-04  -5.0097525e-03
   3.6620623e-02  -3.0292864e-01   1.6146864e-01  -6.7172535e-03  -5.0838579e-04  -4.7490125e-03
   3.0354662e-03  -6.3979826e-01   2.5572507e-01  -3.8960017e-03   1.9849095e-04  -5.0490291e-03
   6.7071037e-03  -5.8486153e-01   2.1891247e-01  -4.7724113e-03   5.4615875e-04  -4.5449462e-03
   2.1627620e-02  -4.9344632e-01   2.0706611e-01  -6.0997785e-03   2.2585119e-04  -3.9425614e-03
   2.1959816e-02  -4.3206596e-01   2.1484877e-01  -6.4299596e-03   2.7413514e-05  -3.6586246e-03
   2.0161489e-02  -4.0156881e-01   1.9878537e-01  -7.2619709e-03   1.4629125e-04  -3.5608808e-03
   2.6149319e-02  -4.2492650e-01   1.9720318e-01  -6.8777403e-03   1.3755223e-04  -3.5713982e-03
   3.0261148e-02  -3.9550612e-01   2.4748401e-01  -7.0452155e-03   2.8103896e-04  -3.4763148e-03
   3.3072535e-02  -4.4810713e-01   2.4419245e-01  -6.4947302e-03   4.5958379e-04  -3.2961380e-03
   3.3360613e-02  -3.9989156e-01   2.5234113e-01  -7.5149580e-03   4.3754565e-04  -3.5721323e-03
   2.2884263e-02  -4.3790979e-01   2.1712169e-01  -8.0919965e-03   6.3803417e-04  -3.4008502e-03
   1.4384735e-02  -3.7038833e-01   2.2248335e-01  -8.7782800e-03   5.1514799e-04  -3.5059974e-03
   4.3984864e-03  -4.0195906e-01   2.0590829e-01  -9.0464624e-03   7.1311308e-04  -3.3378163e-03
  -1.5984817e-04  -3.0179927e-01   2.0168067e-01  -8.6232191e-03   5.2931079e-04  -2.5756647e-03
