   0.0000000e+00   0.0000000e+00   0.0000000e+00   0.0000000e+00   0.0000000e+00   0.0000000e+00
   1.5112860e-02  -1.3116798e-02  -6.1466836e-03   2.6588104e-04  -1.4448829e-04   2.3181604e-04
   2.7383456e-02  -2.1723798e-02  -3.0769018e-02  -1.3756317e-05  -2.5932952e-04   3.4448448e-04
   2.1942192e-02  -4.8018469e-02   2.0879537e-02   3.6446206e-04   2.9382444e-05   7.9117533e-04
   1.4182137e-02  -5.5924841e-02   3.1052684e-02  -8.6537635e-05  -3.6176398e-05   6.4075177e-04
   9.3846689e-03  -2.1539307e-02   2.4307668e-03  -6.5832002e-04  -1.5382300e-04   5.1616674e-04
  -1.4921532e-03  -1.2904622e-02  -5.3294392e-02  -9.5451778e-04  -3.3408483e-04   4.1473243e-04
  -1.9203384e-03  -5.1898519e-02  -2.3661048e-02  -5.3916235e-04  -4.9400724e-04   4.8927351e-04
  -2.1917674e-02  -6.2920447e-02  -4.8435233e-03  -6.2194700e-04  -3.2753349e-04   5.4877471e-05
  -4.2608996e-02  -8.1232974e-02   8.2292970e-03  -6.3404886e-04  -7.7679791e-06  -4.3286538e-04
  -4.4889821e-02  -8.4502769e-02   1.7697264e-03  -5.4685383e-04  -2.8947858e-05  -8.0732364e-04
   9.1082319e-03  -1.0709306e-01  -1.1854164e-01  -1.8726133e-03  -1.0596315e-03  -4.6080447e-04
   7.5580895e-02  -2.8805856e-02  -2.3663443e-01  -6.2665895e-03  -4.0795409e-03  -3.1713289e-03
   7.0553086e-02   1.1566374e-01  -2.5953179e-01  -1.3743727e-02  -4.1293250e-03  -4.2826180e-03
   7.1798161e-02   1.0072601e-01  -2.1267529e-01  -1.2704353e-02  -3.3432597e-03  -3.8836206e-03
   7.5242485e-02   6.4098069e-02  -1.7578062e-01  -1.3610329e-02  -3.2071824e-03  -3.5627239e-03
   5.5078802e-02   3.6486153e-02  -1.7814636e-01  -1.3759556e-02  -3.0707325e-03  -4.0210035e-03
   4.4272568e-02   6.0916446e-02  -1.4382776e-01  -1.3809567e-02  -2.8701652e-03  -3.7783742e-03
   4.0501564e-02   5.7553341e-02  -1.6330423e-01  -1.4030939e-02  -2.9601060e-03  -3.5636822e-03
   2.9135616e-02   2.4320724e-02  -1.7575021e-01  -1.3265746e-02  -3.0883072e-03  -3.6295439e-03
  -3.3025159e-02   5.0870403e-03  -4.8186013e-02  -1.1718811e-02  -3.2070140e-03  -5.3609672e-03
   5.6635793e-03   4.9387199e-02  -7.8275247e-02  -1.1195126e-02  -2.7589655e-03  -4.4298291e-03
   1.8066418e-02   4.0796089e-02  -1.5778249e-01  -1.0616441e-02  -2.1682561e-03  -3.4180755e-03
   1.6283434e-02   5.4790947e-02  -1.0825138e-01  -1.1148085e-02  -2.1529844e-03  -3.4312219e-03
   4.0830334e-02   1.9521365e-02  -1.3212586e-01  -1.1397696e-02  -2.1872815e-03  -2.3679597e-03
   4.8280148e-02   4.0200448e-02  -1.7723556e-01  -1.1604555e-02  -2.0057018e-03  -2.2583218e-03
   3.7705507e-02   5.0455687e-02  -1.8631611e-01  -1.0858747e-02  -1.6332120e-03  -2.2116572e-03
   1.8949397e-02   7.0705581e-02  -1.6889577e-01  -1.1102083e-02  -1.9222824e-03  -2.5804822e-03
   8.3463246e-03   7.5994801e-02  -1.3679844e-01  -1.1242607e-02  -2.2158474e-03  -3.0405169e-03
   1.4415767e-02   5.6258347e-02  -1.6225287e-01  -1.1368077e-02  -2.6538942e-03  -3.2191627e-03
   5.6941402e-03   2.9956726e-02  -1.8382215e-01  -1.1376207e-02  -2.6453839e-03  -3.1488047e-03
  -1.1187141e-02   2.1863438e-02  -1.7427055e-01  -1.1400292e-02  -2.2422522e-03  -3.4773633e-03
  -1.8250655e-02   1.7857663e-03  -1.9100401e-01  -1.0916275e-02  -2.4178013e-03  -3.9715931e-03
  -3.3687256e-02  -6.8938756e-03  -1.9094551e-01  -1.0932996e-02  -2.3516311e-03  -4.0849611e-03
  -3.0020051e-02  -2.6983617e-02  -1.8366206e-01  -1.0333330e-02  -2.2790040e-03  -4.1683476e-03
  -3.2448211e-02  -2.8978224e-03  -1.8294276e-01  -1.0757766e-02  -2.3699980e-03  -4.2527142e-03
  -2.1662292e-02   2.9620289e-02  -1.6469341e-01  -1.0569725e-02  -2.3099307e-03  -3.7690429e-03
  -2.4351061e-02   3.4276387e-02  -1.2855313e-01  -1.1627560e-02  -1.8451845e-03  -3.6758263e-03
  -1.6081096e-02   1.7540294e-02  -1.2682918e-01  -1.1878067e-02  -1.3339902e-03  -3.4277735e-03
   7.1033904e-03   2.1797834e-02  -1.2668968e-01  -1.1635001e-02  -1.1309237e-03  -3.3099156e-03
   2.3408661e-02   1.7488239e-02  -1.1265835e-01  -1.1093810e-02  -1.0492594e-03  -3.2310140e-03
   2.5090404e-02   6.5472511e-03  -1.0210510e-01  -1.0622916e-02  -1.3117930e-03  -3.0394340e-03
  -1.4212158e-02   1.8767688e-03  -6.8533860e-02  -1.0783781e-02  -1.7377211e-03  -3.8899894e-03
  -4.1016621e-02   3.4254642e-03  -1.0170918e-01  -1.0783446e-02  -1.5812835e-03  -3.9409138e-03
  -5.8635755e-02  -1.3347819e-02  -1.4593269e-01  -1.0947345e-02  -1.6117779e-03  -4.0509715e-03
  -5.0797599e-02  -3.5118613e-02  -1.4190980e-01  -1.1145380e-02  -1.6366301e-03  -3.8048783e-03
  -5.3269833e-02  -2.7064184e-02  -1.5165786e-01  -1.1037843e-02  -1.5396622e-03  -4.1093062e-03
  -6.0217869e-02  -4.0870967e-03  -1.8611743e-01  -1.1065467e-02  -1.5918784e-03  -4.3918572e-03
  -6.5710040e-02  -2.7865904e-02  -1.7298944e-01  -1.0489219e-02  -1.5976258e-03  -4.6143249e-03
  -4.9619433e-02  -4.8279789e-02  -1.2975015e-01  -1.0456564e-02  -1.5370766e-03  -4.2225036e-03
  -3.8480608e-02  -1.0378827e-01  -1.3362133e-01  -8.9619291e-03  -1.8227467e-03  -4.7228267e-03
  -5.7786512e-02  -9.9620216e-02  -1.4986553e-01  -8.5106310e-03  -1.6133541e-03  -4.9655480e-03
  -7.3003400e-02  -8.8995327e-02  -1.7242092e-01  -8.6452192e-03  -1.4638020e-03  -5.1396657e-03
  -7.5234275e-02  -8.1525494e-02  -1.6572460e-01  -9.1894664e-03  -1.6039299e-03  -5.3075787e-03
  -1.0027022e-01  -6.9791983e-02  -1.6065431e-01  -9.3008906e-03  -1.2472078e-03  -5.7494688e-03
  -1.1473829e-01  -5.7158737e-02  -1.4473847e-01  -9.5796124e-03  -1.3649884e-03  -6.0988058e-03
  -1.1597442e-01  -5.1703101e-02  -1.6625213e-01  -9.8299131e-03  -1.6061370e-03  -6.4242770e-03
  -1.2613594e-01  -5.9416505e-02  -1.9503740e-01  -9.5128907e-03  -1.2016743e-03  -6.5916331e-03
  -1.1395090e-01  -7.1894394e-02  -2.3832037e-01  -9.3765631e-03  -1.3305639e-03  -6.5970152e-03
  -9.3895444e-02  -3.4636326e-02  -1.9974644e-01  -1.0094187e-02  -1.6739235e-03  -6.3434787e-03
  -1.0125488e-01  -1.7606488e-02  -1.9121470e-01  -9.9050574e-03  -1.2632838e-03  -6.2320128e-03
  -9.3679130e-02  -3.2952462e-02  -2.1575815e-01  -9.7462652e-03  -1.2823042e-03  -6.0365117e-03
  -8.8518298e-02  -2.7865572e-02  -2.2311314e-01  -9.7385286e-03  -1.2352625e-03  -6.2276809e-03
  -8.7593537e-02  -4.6052256e-02  -2.5396553e-01  -9.0853618e-03  -1.2086471e-03  -6.0387450e-03
  -9.8426147e-02  -2.1849314e-02  -1.9875974e-01  -8.9780366e-03  -1.1131770e-03  -6.3668092e-03
  -8.9782495e-02  -4.8966312e-02  -2.0293543e-01  -8.5630918e-03  -1.2669887e-03  -6.0659357e-03
  -9.1419926e-02  -4.8600510e-02  -2.0812577e-01  -8.7028076e-03  -9.9838717e-04  -6.2364327e-03
  -8.6382320e-02  -7.1978469e-02  -1.7960061e-01  -8.8716781e-03  -1.1770798e-03  -6.1932216e-03
  -8.2800053e-02  -6.6760333e-02  -2.0932757e-01  -8.4243225e-03  -1.0779462e-03  -5.7662685e-03
  -7.8802099e-02  -6.3432889e-02  -2.2213519e-01  -8.5093904e-03  -1.2117889e-03  -5.7426015e-03
  -8.7339781e-02  -6.1680068e-02  -2.3005629e-01  -8.4641606e-03  -1.0358705e-03  -5.8561098e-03
  -8.6898001e-02  -8.4467623e-02  -1.9043056e-01  -8.1905995e-03  -1.0114707e-03  -6.2976106e-03
  -9.6639525e-02  -1.0285256e-01  -1.7349423e-01  -7.7921717e-03  -6.7776104e-04  -6.2140969e-03
  -9.9218797e-02  -1.1915376e-01  -1.4628765e-01  -8.0549535e-03  -1.0482963e-03  -6.3204857e-03
  -1.1711052e-01  -1.0554527e-01  -1.1868408e-01  -9.3997470e-03  -1.6621208e-03  -6.6857961e-03
  -1.3146565e-01  -9.4482747e-02  -1.4620190e-01  -8.5671682e-03  -1.7658334e-03  -6.8223389e-03
  -1.4918882e-01  -7.9805419e-02  -1.7480707e-01  -8.3250939e-03  -1.4412161e-03  -6.9302955e-03
  -1.5010743e-01  -7.8634752e-02  -1.9568109e-01  -7.9516394e-03  -1.3883384e-03  -6.8100502e-03
  -1.4678158e-01  -7.4808833e-02  -2.0705181e-01  -8.0909756e-03  -1.3763557e-03  -6.8579077e-03
  -1.4161039e-01  -5.7178387e-02  -1.8973602e-01  -8.1970023e-03  -1.3351996e-03  -6.7274568e-03
  -1.4014803e-01  -8.9883706e-02  -1.8951166e-01  -8.1158937e-03  -1.1369884e-03  -6.8531564e-03
  -1.0108773e-01  -8.4666121e-02  -2.3660364e-01  -7.8400085e-03  -2.0841302e-03  -6.7350716e-03
  -7.1564801e-02  -8.4493115e-02  -1.6680449e-01  -7.9249681e-03  -2.4342978e-03  -7.0145817e-03
  -8.0659818e-02  -6.1511525e-02  -1.7603295e-01  -8.0584233e-03  -2.1089597e-03  -6.7501475e-03
  -6.5077229e-02  -1.2930849e-01  -2.0056303e-01  -7.2383681e-03  -1.9766755e-03  -6.4769818e-03
  -8.8452872e-02  -1.5685064e-01  -1.3518333e-01  -8.0171186e-03  -1.3889194e-03  -6.8274418e-03
  -6.8318364e-02  -1.7745003e-01  -1.1998568e-01  -7.3542870e-03  -1.5241101e-03  -6.7285065e-03
  -5.4901112e-02  -1.7456117e-01  -1.1272155e-01  -7.4567256e-03  -1.4983359e-03  -6.5897770e-03
  -6.2589831e-02  -1.6646742e-01  -1.3611311e-01  -7.3796777e-03  -1.3241826e-03  -6.4079640e-03
  -7.1835845e-02  -1.3998196e-01  -9.1738165e-02  -7.3524803e-03  -1.3673909e-03  -6.5930362e-03
  -7.3107155e-02  -1.4929239e-01  -1.0594323e-01  -7.1035852e-03  -1.1849975e-03  -6.4052848e-03
  -7.7116243e-02  -1.3484445e-01  -8.9267550e-02  -7.4742181e-03  -1.5320890e-03  -6.5334721e-03
  -8.9428747e-02  -1.3950310e-01  -1.0822100e-01  -7.4340064e-03  -1.4818362e-03  -6.5594856e-03
  -1.0071535e-01  -1.1310789e-01  -5.0316878e-02  -7.5878250e-03  -1.3237424e-03  -6.6941284e-03
  -9.9885276e-02  -9.9467219e-02  -1.0914099e-01  -7.8224990e-03  -1.2469863e-03  -6.6887947e-03
  -9.3735956e-02  -1.0823060e-01  -1.5105624e-01  -7.4703980e-03  -1.2098878e-03  -6.6410060e-03
  -7.1987784e-02  -1.4482502e-01  -1.0744042e-01  -7.5001364e-03  -1.2875791e-03  -6.3916992e-03
  -7.2414081e-02  -1.5697773e-01  -2.5603223e-02  -7.5739547e-03  -1.3263305e-03  -6.2892844e-03
  -1.0243838e-01  -1.6065767e-01  -6.7625911e-02  -7.2247924e-03  -1.4120696e-03  -6.8127452e-03
  -1.2617606e-01  -1.3445900e-01  -9.1022160e-02  -7.5520795e-03  -1.4051033e-03  -7.0080519e-03
  -1.3872360e-01  -1.3744803e-01  -1.1642732e-01  -7.7155060e-03  -1.4211805e-03  -7.0898110e-03
  -1.3413289e-01  -1.4375420e-01  -9.0784870e-02  -7.5542759e-03  -1.4302304e-03  -7.1385962e-03
  -1.2527553e-01  -1.4424653e-01  -6.6701066e-02  -7.4676789e-03  -1.3962365e-03  -7.3112703e-03
  -1.3971793e-01  -1.4458027e-01  -7.9279253e-02  -7.0786604e-03  -1.4115477e-03  -7.4148093e-03
  -1.5446699e-01  -1.3373977e-01  -8.4832265e-02  -7.1359680e-03  -1.3038392e-03  -7.4987871e-03
  -1.6702272e-01  -1.2999278e-01  -1.1054448e-01  -6.9534635e-03  -1.2359293e-03  -7.7488949e-03
  -1.6502739e-01  -1.4769392e-01  -1.1119625e-01  -6.7170701e-03  -1.4683145e-03  -8.2300992e-03
  -1.7459271e-01  -1.4476934e-01  -9.5353080e-02  -6.8342651e-03  -1.5774056e-03  -8.4962155e-03
  -1.7874383e-01  -1.5596732e-01  -6.2699878e-02  -7.0937023e-03  -1.6322148e-03  -8.9779569e-03
  -1.7723188e-01  -1.7526034e-01  -4.7467986e-02  -6.3563127e-03  -1.5173033e-03  -9.0976778e-03
  -1.8111378e-01  -1.6701578e-01  -2.0417488e-02  -6.5573094e-03  -1.5081950e-03  -9.0265657e-03
  -1.7679779e-01  -1.5731426e-01  -6.6242533e-02  -6.6262739e-03  -1.6290059e-03  -9.0603169e-03
  -1.8904272e-01  -1.7529634e-01  -7.5256150e-02  -6.3435539e-03  -1.5220639e-03  -8.9845069e-03
  -1.7082337e-01  -1.7424331e-01  -6.7811116e-02  -7.0174724e-03  -1.4932529e-03  -8.6547567e-03
  -1.4530974e-01  -1.6066401e-01  -6.8177588e-02  -6.9912920e-03  -1.5548144e-03  -8.4563522e-03
  -1.2929374e-01  -1.3987894e-01  -2.7681108e-02  -7.2835095e-03  -1.6652834e-03  -8.1127288e-03
  -1.1946143e-01  -1.4901963e-01  -7.5583569e-02  -5.9542314e-03  -1.8770630e-03  -8.3140770e-03
  -1.2101426e-01  -1.1354411e-01  -7.8287497e-02  -5.7386411e-03  -1.8133545e-03  -8.3552243e-03
  -1.1589534e-01  -1.2184176e-01  -2.4953605e-02  -5.3691883e-03  -2.0286352e-03  -8.2555221e-03
  -1.1845868e-01  -1.3192112e-01  -3.8646498e-02  -5.7283417e-03  -2.1016349e-03  -8.3284107e-03
