   0.0000000e+00   0.0000000e+00   0.0000000e+00   0.0000000e+00   0.0000000e+00   0.0000000e+00
   3.6911542e-02  -1.7511030e-02  -3.6603475e-02   1.1439066e-03  -2.6145625e-04   3.9192928e-04
   5.5908462e-02  -2.6508673e-02  -5.7245758e-02   2.4373290e-03  -4.6959606e-04   2.9760709e-04
  -1.3049832e-01  -4.3247020e-01   1.0297379e+00   9.7419704e-03   1.0013764e-03  -2.7137536e-05
  -7.4173141e-01  -5.2291377e-01   1.4876160e+00   1.5705623e-02   8.8984804e-03  -2.0381991e-03
  -2.6771554e-01  -5.1788159e-01   1.0351196e+00   2.8512123e-02   1.7731385e-03   6.2425067e-03
  -2.2443808e-01  -7.4445981e-01   7.0484800e-01   3.5202524e-02   1.5550477e-03   5.5601816e-03
  -1.5846921e-01  -8.5475875e-01   7.6135405e-01   4.0527842e-02   1.9026766e-03   6.1226065e-03
  -6.7454457e-02  -9.4259922e-01   6.4821814e-01   4.1262301e-02  -7.4308523e-04   7.1306060e-03
  -1.5963441e-02  -8.9564459e-01   5.8225338e-01   3.7129147e-02  -7.9214456e-05   4.6941862e-03
  -7.3653193e-02  -9.8261651e-01   4.9618226e-01   3.8426286e-02   2.5900855e-03   2.2363301e-03
  -1.4205202e-01  -8.7238516e-01   4.1271447e-01   3.4663530e-02   4.0481123e-03   8.6872058e-04
  -1.8565329e-01  -9.0251462e-01   4.4444029e-01   3.4447377e-02   6.2342298e-03  -3.8822249e-04
  -1.2767917e-01  -9.8179924e-01   4.7030403e-01   3.4623831e-02   6.8750299e-03  -3.0014303e-04
  -5.0877191e-02  -9.3366776e-01   5.3577121e-01   3.1958923e-02   6.8602446e-03   1.2630860e-03
  -6.4974974e-02  -9.3966605e-01   5.8652333e-01   3.2128639e-02   7.3324799e-03   1.2479742e-03
  -8.5348857e-02  -9.1776610e-01   5.5588228e-01   3.1121022e-02   7.6181758e-03   1.5800464e-03
  -9.3993225e-02  -9.3305776e-01   5.4010418e-01   3.1091241e-02   8.0386429e-03   1.4171476e-03
  -8.2970874e-02  -9.5112967e-01   5.9964905e-01   3.0032860e-02   8.2649260e-03   1.5650945e-03
  -3.9894088e-02  -9.5997875e-01   5.7788628e-01   2.9240202e-02   7.9595474e-03   1.9649439e-03
  -5.6280254e-02  -9.1692817e-01   5.7406629e-01   3.0523327e-02   8.1762061e-03   2.4106202e-03
  -4.2875377e-02  -9.6021103e-01   5.5740550e-01   3.1388057e-02   7.6351153e-03   2.4066930e-03
  -3.4573195e-02  -9.2573261e-01   5.8617708e-01   2.9816008e-02   7.3657785e-03   2.7830577e-03
  -5.0491832e-02  -8.8288213e-01   5.5196061e-01   2.8813257e-02   6.5393085e-03   2.9094366e-03
  -5.3228469e-02  -8.8812862e-01   4.7964622e-01   2.9699919e-02   6.7172958e-03   2.8702365e-03
  -3.6106419e-02  -8.6304225e-01   4.5196547e-01   2.9426633e-02   6.0236309e-03   3.7769047e-03
  -1.3098127e-01  -8.5872270e-01   1.0579780e-01   3.3273563e-02   6.1598130e-03   2.6442159e-03
  -9.6036261e-02  -8.0891562e-01   4.7724693e-01   3.1473899e-02   5.4306858e-03   3.9223274e-03
  -2.6619502e-02  -8.0094838e-01   4.9388157e-01   3.1492830e-02   4.4086420e-03   4.8438388e-03
   7.9047313e-03  -8.2640406e-01   5.1018656e-01   3.2545973e-02   3.2066776e-03   5.1889592e-03
   1.5220433e-02  -8.5390588e-01   5.5628417e-01   3.2087063e-02   1.8879422e-03   4.9618408e-03
   3.8226391e-03  -7.4862715e-01   6.2728294e-01   2.7873195e-02   5.1973269e-03   7.0175409e-03
   1.3583582e-02  -7.1673699e-01   6.3528270e-01   2.6630280e-02   4.8125026e-03   7.1268179e-03
   1.2958411e-02  -7.2439735e-01   6.8915239e-01   2.7553617e-02   4.6885511e-03   6.8155077e-03
   3.1923812e-02  -7.4338990e-01   7.1090540e-01   2.7539829e-02   4.5108548e-03   7.1638140e-03
   3.2896707e-02  -7.4650886e-01   7.2739302e-01   2.6938731e-02   4.5679634e-03   7.0065423e-03
  -3.7055800e-04  -7.3890201e-01   7.2838819e-01   2.7770425e-02   4.9107456e-03   6.6130244e-03
   1.6991448e-02  -8.1436872e-01   5.7848714e-01   3.0508054e-02   3.3633385e-03   5.9922811e-03
   6.3205033e-02  -9.0615112e-01   5.2277989e-01   3.2957017e-02   3.2102159e-03   6.3642421e-03
   4.7637550e-02  -9.5438444e-01   5.5592233e-01   3.4043655e-02   4.0056970e-03   5.7500683e-03
   5.2217152e-02  -9.5782440e-01   5.5506065e-01   3.4556566e-02   4.8908437e-03   5.4989838e-03
   4.7539228e-02  -9.6532914e-01   5.9580185e-01   3.4681868e-02   5.7204635e-03   5.2873585e-03
   5.9495166e-02  -9.8796834e-01   5.8424664e-01   3.5411392e-02   5.9735148e-03   5.6377222e-03
   9.1501847e-02  -9.9861180e-01   5.3114634e-01   3.5924702e-02   5.5416296e-03   5.5810857e-03
   5.7932034e-02  -9.7720853e-01   4.9559815e-01   3.4816832e-02   5.9118198e-03   4.9770326e-03
   4.0914889e-02  -9.4714384e-01   5.2743777e-01   3.4468484e-02   6.1239540e-03   5.2319330e-03
  -2.3935884e-03  -9.5631290e-01   6.6901928e-01   3.4293417e-02   6.0106809e-03   4.9362964e-03
  -1.3483118e-02  -1.1487795e+00   1.2519540e-01   4.5637457e-02   6.9473306e-03   4.2893507e-03
   1.0266546e-01  -9.0273869e-01   6.3724100e-01   3.1285602e-02   2.7302824e-03   6.6000414e-03
   9.4183866e-02  -9.1687167e-01   5.9260838e-01   3.2817738e-02   2.5715721e-03   6.2419404e-03
   9.7971438e-02  -9.2181782e-01   5.9507383e-01   3.3453078e-02   2.1549892e-03   6.2271101e-03
   1.1832895e-01  -9.6639408e-01   4.3841518e-01   3.6235418e-02   1.7165117e-03   6.3243825e-03
   1.2962116e-01  -1.0282850e+00   4.1026717e-01   3.7794249e-02   2.9295396e-03   5.9757587e-03
   1.8088162e-01  -1.0558052e+00   3.8034619e-01   3.9098704e-02   3.5889036e-03   5.7803526e-03
   1.8968374e-01  -1.0613082e+00   3.3156507e-01   3.9480402e-02   4.0688157e-03   6.0695827e-03
   2.8922764e-01  -1.0653226e+00   3.1712736e-01   3.8962600e-02   4.1967805e-03   7.4040459e-03
   2.6793568e-01  -1.0853884e+00   2.7244715e-01   3.9430805e-02   4.9459984e-03   7.5863673e-03
   2.6568183e-01  -1.1177110e+00   2.6632362e-01   4.0309123e-02   4.8463364e-03   7.6249155e-03
   2.4330936e-01  -1.1137422e+00   2.9842265e-01   3.9805742e-02   5.4216743e-03   7.5488703e-03
   3.9684636e-01  -6.7632056e-01   5.0984210e-01   1.8924894e-02   9.5733844e-03   1.5199812e-02
   2.3221481e-01  -7.6446908e-01   5.9250503e-03   2.9872946e-02   9.5705518e-03   1.3091446e-02
   2.2897309e-01  -9.6552020e-01   1.9793227e-01   3.5434632e-02   7.7268792e-03   1.3347349e-02
   1.8736888e-01  -1.0281961e+00  -2.2858641e-01   4.7024166e-02   7.6525864e-03   1.1157519e-02
   2.9560868e-01  -8.4674711e-01   2.5712375e-01   2.9709885e-02   3.3937138e-03   1.2558396e-02
   2.6034381e-01  -7.6973653e-01   2.6673620e-01   2.7933781e-02   5.5233313e-03   1.2287509e-02
   2.4408691e-01  -7.8402121e-01   3.2302046e-01   2.8668014e-02   5.8451118e-03   1.2221968e-02
   2.1505046e-01  -7.4393006e-01   4.1669998e-01   2.0649915e-02   4.9249487e-03   1.0503135e-02
   1.8512722e-01  -5.5865034e-01   5.5944538e-01   1.1666180e-02   5.0671089e-03   1.0088919e-02
   1.8947967e-01  -5.9512952e-01   5.5428842e-01   1.4046158e-02   5.7740703e-03   1.0336680e-02
   2.1030253e-01  -6.0921260e-01   5.7624511e-01   1.4989914e-02   5.7153013e-03   1.0679565e-02
   2.0583620e-01  -6.4247894e-01   6.1335010e-01   1.5379546e-02   5.7686427e-03   1.0544831e-02
   2.0896941e-01  -6.5468692e-01   6.3951007e-01   1.6183767e-02   5.5965717e-03   1.0729781e-02
   2.1391452e-01  -6.9090359e-01   5.9678411e-01   1.7473763e-02   5.0310486e-03   1.0611731e-02
   2.0800230e-01  -6.7140988e-01   6.3230304e-01   1.6834969e-02   5.0355923e-03   1.0416461e-02
   1.8642860e-01  -7.2983332e-01   5.3362691e-01   1.9785869e-02   5.0769216e-03   1.0122005e-02
   2.1382965e-01  -8.7954389e-01   4.7317916e-01   2.4718526e-02   6.1253617e-03   9.6480408e-03
   2.0117439e-01  -9.3023937e-01   4.6125256e-01   2.5854652e-02   7.3198739e-03   8.8726301e-03
   2.1448369e-01  -9.7579693e-01   3.5273898e-01   2.7487375e-02   7.7645161e-03   9.2297129e-03
   2.2937925e-01  -1.0506358e+00   3.9876578e-01   2.8959840e-02   8.7765725e-03   8.7314873e-03
   2.4729970e-01  -1.0512199e+00   3.4290420e-01   2.9662624e-02   9.0690550e-03   8.9390111e-03
   2.7479296e-01  -1.0848615e+00   3.7161168e-01   3.0128401e-02   8.6838517e-03   8.9733393e-03
   2.6586780e-01  -1.1045331e+00   3.2466978e-01   3.0900489e-02   8.9244807e-03   9.0067295e-03
   2.8702891e-01  -1.1134485e+00   3.3531820e-01   3.1070419e-02   9.1613610e-03   9.6865022e-03
   3.0618183e-01  -1.1078007e+00   3.3927542e-01   3.1203648e-02   8.9644115e-03   1.0107829e-02
   2.9094762e-01  -1.1493870e+00   3.5371155e-01   3.2207428e-02   9.2144640e-03   9.5462683e-03
   3.0208749e-01  -1.1788783e+00   3.8480681e-01   3.3089443e-02   8.6327079e-03   9.6393695e-03
   3.0037255e-01  -1.2077132e+00   4.1355427e-01   3.3265945e-02   8.0332468e-03   9.2321159e-03
   2.7656694e-01  -1.2088139e+00   4.1215186e-01   3.3358817e-02   8.3411192e-03   9.2090544e-03
   3.1252362e-01  -1.2159523e+00   4.3638451e-01   3.3359747e-02   7.9053587e-03   9.5188951e-03
   3.3244157e-01  -1.2324079e+00   4.4876424e-01   3.3775299e-02   7.7419174e-03   9.7577865e-03
   3.5723386e-01  -1.2351118e+00   4.6572503e-01   3.3557635e-02   7.4550508e-03   9.8246902e-03
   2.4152079e-01  -1.2476300e+00   2.3578684e-01   3.8254920e-02   7.4794326e-03   7.1071331e-03
   1.2149980e-01  -1.3289785e+00   6.0602298e-02   4.6998122e-02   8.0842473e-03   6.6710854e-03
   1.6610820e-01  -1.0159964e+00   8.7686217e-03   3.4935850e-02   5.4771023e-03   8.1105106e-03
  -1.3438438e-01  -1.5161925e+00  -1.9829121e-01   6.2223323e-02   1.3028560e-02   1.6655025e-03
  -6.5680752e-02  -1.3849245e+00  -2.2280402e-01   5.7729643e-02   9.5751130e-03   1.3460008e-03
  -7.6945623e-02  -1.2869162e+00  -1.2115045e-01   4.9757596e-02   9.2750370e-03   1.6498342e-03
  -7.1810514e-02  -1.1454289e+00  -1.8827645e-01   4.4516439e-02   9.3310231e-03   1.4333920e-03
  -8.5856965e-02  -1.0606061e+00  -3.3486445e-01   4.3523155e-02   8.2565361e-03   1.5639132e-03
  -1.1433363e-01  -1.1704735e+00  -3.6205828e-01   4.4025434e-02   8.1987177e-03   8.3077687e-04
  -1.0179226e-01  -1.1553083e+00  -3.5345281e-01   4.4703298e-02   7.3512580e-03   8.5860652e-04
  -7.9064828e-02  -1.1531998e+00  -2.6131223e-01   4.3880297e-02   7.3779709e-03   9.7512618e-04
  -8.0219546e-02  -1.1655434e+00  -2.9487625e-01   4.4735437e-02   7.4015299e-03   6.6742656e-04
  -8.1650800e-02  -1.1282622e+00  -3.5155619e-01   4.2246495e-02   7.5438341e-03   1.2037207e-03
  -8.8088203e-02  -1.0764306e+00  -3.3122002e-01   4.0550966e-02   7.7534667e-03   1.3171543e-03
  -6.8895711e-02  -1.1138791e+00  -2.1141710e-01   4.0042521e-02   7.2432936e-03   1.2230280e-03
  -5.9053690e-02  -1.0721560e+00  -1.6420666e-01   3.8541071e-02   6.9197683e-03   1.2827759e-03
  -6.4062733e-02  -1.1833192e+00  -1.9896051e-01   4.3319421e-02   7.0987153e-03   4.0044286e-04
  -3.0502869e-02  -1.2847899e+00  -2.7574062e-01   4.6052733e-02   8.1279366e-03   1.0305835e-03
   1.2572878e-02  -1.3123588e+00  -1.8953085e-01   4.5816880e-02   8.8024675e-03   1.6349016e-03
   3.8316029e-02  -1.3444621e+00  -1.3620858e-01   4.5603582e-02   9.1138629e-03   1.8216373e-03
   6.2821831e-02  -1.3623710e+00  -1.3889811e-01   4.4925311e-02   9.5804134e-03   1.8130847e-03
   1.1036112e-01  -1.3839451e+00  -1.2574894e-01   4.3540277e-02   9.5751527e-03   2.6801362e-03
   1.2395664e-01  -1.3833145e+00  -1.1602368e-01   4.3399635e-02   9.3835716e-03   3.1155287e-03
   1.6210200e-01  -1.3975211e+00  -8.6655272e-02   4.3831566e-02   9.0127510e-03   3.4446320e-03
   1.2499006e-01  -1.4217416e+00  -3.0709109e-01   4.7406215e-02   9.5532845e-03   4.0894904e-03
   1.5032180e-01  -1.4693286e+00  -6.5959288e-02   4.7986308e-02   7.9781586e-03   4.3346607e-03
   1.7997241e-01  -1.4788834e+00  -2.8263340e-02   4.8260851e-02   7.5267518e-03   4.7885120e-03
   1.7128065e-01  -1.5123177e+00   5.7450077e-03   4.8540377e-02   7.7781646e-03   5.0228172e-03
   1.5885323e-01  -1.4682931e+00   6.6225818e-02   4.7060271e-02   7.6667989e-03   4.5769238e-03
