   0.0000000e+00   0.0000000e+00   0.0000000e+00   0.0000000e+00  -2.1684043e-19   0.0000000e+00
   2.5910624e-02  -3.9589191e-02  -1.7418878e-01   3.1158212e-03  -5.4431934e-04   1.0510700e-03
   1.7719908e-02   1.3083764e-02  -1.4932903e-01   2.2902478e-03  -6.4001389e-04   7.7860571e-04
   2.6552510e-03   1.3428570e-02  -7.9278265e-02   1.9590843e-03  -8.7747750e-04   5.7292505e-04
  -3.3485466e-03  -2.9754527e-02  -2.8213136e-02   1.5216179e-03  -7.6617186e-04   5.5234022e-04
   2.2876635e-02  -5.7769423e-02  -1.0181925e-01   1.2163881e-03  -7.9445835e-04   4.7743383e-04
   5.3445607e-02  -2.6264098e-02  -1.2737465e-01   1.9282646e-03  -1.0992611e-03   1.0474747e-03
   9.5839158e-02  -1.5693722e-02  -1.8547359e-01   1.8117215e-03  -1.8318036e-03   2.4174320e-03
   8.1963385e-02  -6.5246037e-02  -9.7160037e-02   6.3521154e-04  -1.1812692e-03   1.5905359e-03
   5.7261031e-02  -8.4649999e-02  -5.8309331e-03  -3.6768402e-04  -1.1439342e-03   1.4886500e-03
   4.2985969e-02  -1.0075122e-01  -2.6441328e-02  -7.0474168e-05  -1.2968576e-03   1.4572504e-03
   5.4383636e-02  -1.1705715e-01   3.1269046e-02  -1.1525716e-03  -1.4210633e-03   1.3987967e-03
   5.1658434e-02  -1.2762278e-01   1.7115845e-02  -1.7583676e-03  -1.4812718e-03   1.5385553e-03
   5.9346021e-02  -1.3108758e-01   1.3398694e-02  -1.9092904e-03  -1.1717497e-03   1.7144129e-03
   6.5730251e-02  -1.3782112e-01  -5.7984494e-02  -2.2515471e-03  -1.2672049e-03   1.8685773e-03
   7.4668916e-02  -1.2851783e-01  -7.3065749e-02  -2.1880370e-03  -1.0979497e-03   1.9423926e-03
   9.3417721e-02  -1.1567780e-01  -8.2776893e-02  -2.3495732e-03  -1.2539003e-03   2.0879930e-03
   7.8588316e-02  -1.4467934e-01  -9.6341818e-03  -2.6005030e-03  -1.0478445e-03   1.9828763e-03
   7.9012405e-02  -1.5369086e-01   2.3030921e-02  -3.3699963e-03  -1.4118581e-03   2.1221154e-03
   8.8127997e-02  -1.2260358e-01  -5.4090899e-02  -3.4991364e-03  -1.0735762e-03   2.5228795e-03
   8.1892049e-02  -1.1651065e-01  -2.4765291e-02  -3.9895866e-03  -1.4645635e-03   2.6581756e-03
   7.0836016e-02  -1.3185295e-01   9.1119275e-02  -3.5687759e-03  -1.4900302e-03   2.5941727e-03
   9.5658839e-02  -1.2379254e-01   1.1242771e-01  -3.7045106e-03  -1.4669883e-03   2.6508591e-03
   1.0381114e-01  -1.2662293e-01   1.6873008e-01  -3.9114215e-03  -1.2078510e-03   2.6246301e-03
   1.1733136e-01  -1.3574574e-01   2.2215843e-01  -4.6376562e-03  -9.4687703e-04   2.7187832e-03
   1.2157936e-01  -1.4805724e-01   2.4660915e-01  -4.3699236e-03  -1.2675582e-03   2.6712491e-03
   1.3423248e-01  -1.6312869e-01   2.1257079e-01  -3.5931778e-03  -1.4139803e-03   2.7640027e-03
   1.2843030e-01  -1.8266588e-01   2.4295130e-01  -3.0534506e-03  -1.4837010e-03   2.8412240e-03
   1.2048576e-01  -1.2377067e-01   1.9910594e-02  -1.7043804e-03  -1.6936229e-03   3.0452813e-03
   9.6512422e-02  -1.2462700e-01   1.2233948e-01  -1.7596140e-03  -2.2015891e-03   2.4150990e-03
   7.6307070e-02  -1.7743865e-01   2.6539249e-01  -2.0953626e-03  -2.7241208e-03   2.0086796e-03
   6.1546518e-02  -1.6201069e-01   2.2625740e-01  -9.8773573e-04  -2.8085101e-03   2.0049801e-03
   4.7079606e-02  -1.5483770e-01   2.8483602e-01  -1.5719614e-03  -2.6798913e-03   1.9031555e-03
   6.4763169e-02  -1.7859100e-01   3.1011541e-01  -2.1656794e-03  -2.4931222e-03   2.0435029e-03
   6.1268581e-02  -1.8271399e-01   2.2029880e-01  -1.7596217e-03  -3.0132246e-03   1.7696545e-03
   6.7224950e-02  -1.9211022e-01   3.3635562e-01  -1.4724629e-03  -3.1080287e-03   1.9374099e-03
   8.4694915e-02  -2.0059951e-01   3.8226102e-01  -1.8604987e-03  -2.9312710e-03   2.1065561e-03
   1.2398820e-01  -2.2739284e-01   2.6616023e-01   2.3348780e-03  -3.6569581e-03   3.4649389e-03
   1.0858945e-01  -2.0199395e-01   7.7831107e-02  -6.9131261e-04  -2.6669263e-03   3.4947509e-03
   7.9283716e-02  -2.2648796e-01   2.5264772e-01  -2.8727884e-03  -2.9018089e-03   2.8984464e-03
   1.0165173e-01  -2.5141946e-01   2.9104208e-01  -4.0276964e-03  -2.7007135e-03   3.0425665e-03
   1.1957265e-01  -3.0169524e-01   3.2996723e-01  -4.3299608e-03  -2.7994069e-03   3.5422910e-03
   1.1376582e-01  -2.8372641e-01   3.2855715e-01  -4.8782706e-03  -2.8715746e-03   3.1360009e-03
   1.1350824e-01  -3.1362482e-01   4.0336098e-01  -5.6373337e-03  -2.7595450e-03   2.8453307e-03
   1.1330612e-01  -3.5132789e-01   3.8885567e-01  -6.1362984e-03  -2.6144460e-03   2.9491905e-03
   1.1200088e-01  -3.4990494e-01   4.3467724e-01  -5.9130101e-03  -2.4794061e-03   2.7933390e-03
   1.2239205e-01  -3.6131668e-01   4.2607960e-01  -7.3366260e-03  -2.3317887e-03   2.9179696e-03
   1.1879306e-01  -3.7377436e-01   4.7824514e-01  -7.4407206e-03  -2.5303377e-03   2.9736601e-03
   1.1106396e-01  -3.6782556e-01   5.0840920e-01  -7.6665487e-03  -2.6951189e-03   2.8279512e-03
   1.2530701e-01  -3.6428584e-01   5.0391739e-01  -7.7182187e-03  -2.7260729e-03   2.8602327e-03
   1.3020426e-01  -3.4896415e-01   4.9014359e-01  -7.8942917e-03  -2.5934664e-03   2.8512313e-03
   1.1897598e-01  -3.3226783e-01   5.0837715e-01  -8.2447761e-03  -2.7554809e-03   2.6296801e-03
   1.2005119e-01  -3.0814017e-01   5.0856210e-01  -8.6979228e-03  -2.9562171e-03   2.6496999e-03
   1.1451122e-01  -3.0508660e-01   5.2926664e-01  -8.7640992e-03  -2.6479136e-03   2.6659790e-03
   1.2081066e-01  -3.3909119e-01   5.5056950e-01  -8.7637471e-03  -2.7046175e-03   2.6243094e-03
   1.1877919e-01  -3.5371226e-01   5.6250259e-01  -8.4771553e-03  -2.9168787e-03   2.6488260e-03
   1.1719226e-01  -3.5795689e-01   5.7486690e-01  -8.4200380e-03  -2.8137246e-03   2.6916558e-03
   1.2415866e-01  -3.6185111e-01   5.8761714e-01  -8.5139945e-03  -2.6872595e-03   2.8742098e-03
   1.6099733e-01  -3.6678037e-01   5.5003456e-01  -8.1781173e-03  -2.8637521e-03   3.3248562e-03
   1.4235936e-01  -3.5245590e-01   5.0941386e-01  -6.6773798e-03  -2.9285654e-03   2.8076942e-03
   1.5913756e-01  -3.4718930e-01   4.1708456e-01  -7.7092844e-03  -2.7185225e-03   3.1162774e-03
   1.8662132e-01  -3.6908684e-01   4.8264236e-01  -8.0700434e-03  -3.7038279e-03   3.1088644e-03
   1.8564684e-01  -3.7092467e-01   3.9200336e-01  -8.3796429e-03  -3.6158549e-03   2.8827279e-03
   1.8761650e-01  -3.9894064e-01   3.9712864e-01  -8.8340749e-03  -3.2575099e-03   2.7023575e-03
   1.9528908e-01  -3.9678450e-01   4.2825283e-01  -9.2547943e-03  -3.2990853e-03   2.7251549e-03
   1.9433693e-01  -4.1224308e-01   4.5859333e-01  -1.0135089e-02  -3.2574365e-03   2.7537661e-03
   1.6995131e-01  -3.6505871e-01   1.9733034e-01  -6.0156567e-03  -3.3026199e-03   4.0397899e-03
   1.5701798e-01  -4.1169426e-01   2.8698092e-01  -8.9781661e-03  -3.5983914e-03   4.0695680e-03
   1.6714026e-01  -4.4563929e-01   3.7198000e-01  -1.0112783e-02  -3.8058212e-03   3.9799441e-03
   1.8961987e-01  -4.9326348e-01   5.3237372e-01  -1.0694864e-02  -4.2394428e-03   3.6688800e-03
   1.8401688e-01  -4.8925240e-01   5.3960077e-01  -1.0726741e-02  -4.4324592e-03   3.5031397e-03
   1.7250826e-01  -4.5455950e-01   5.4484236e-01  -1.0795638e-02  -4.9016612e-03   3.1434061e-03
   1.8595013e-01  -4.5188659e-01   5.5080160e-01  -1.1612913e-02  -5.0090552e-03   2.9937755e-03
   1.8762995e-01  -4.4146485e-01   5.5967601e-01  -1.1272356e-02  -4.6882356e-03   2.9091806e-03
   1.7309064e-01  -4.4097067e-01   6.2400031e-01  -1.2684363e-02  -4.2258085e-03   2.9187323e-03
   1.4263991e-01  -4.4739844e-01   5.9957809e-01  -1.3357750e-02  -4.4864171e-03   2.4118909e-03
   1.3011414e-01  -4.6022658e-01   6.2582387e-01  -1.2574642e-02  -5.0631367e-03   2.1586463e-03
   1.3546679e-01  -4.6675602e-01   6.6014367e-01  -1.1903544e-02  -5.3626034e-03   2.0917335e-03
   1.4969540e-01  -5.3123171e-01   5.8858242e-01  -8.6964549e-03  -6.2140026e-03   2.6599482e-03
   1.5582692e-01  -4.4852510e-01   3.6041158e-01  -7.5196205e-03  -5.9496128e-03   3.5233540e-03
   1.5073799e-01  -4.3021343e-01   3.9779619e-01  -7.9410106e-03  -5.8837507e-03   3.0494473e-03
   1.6274178e-01  -4.5738295e-01   5.1077895e-01  -8.8023560e-03  -5.5530186e-03   3.0517143e-03
   1.6387397e-01  -4.1665331e-01   3.8172251e-01  -7.3356135e-03  -5.4815972e-03   3.2291884e-03
   1.8622766e-01  -3.6577917e-01   9.9928392e-02  -5.9632875e-03  -4.2410632e-03   3.9126061e-03
   1.6135423e-01  -3.5778861e-01   1.4674724e-01  -5.4072182e-03  -4.8790380e-03   3.7497390e-03
   1.6780719e-01  -4.3643875e-01   3.1304774e-01  -5.5478969e-03  -5.5743177e-03   4.2151914e-03
   1.8664473e-01  -4.5979473e-01   3.9343047e-01  -6.6027763e-03  -5.9832167e-03   4.4819635e-03
   1.8184533e-01  -4.4120476e-01   4.3508907e-01  -6.9671498e-03  -6.1817160e-03   4.4365463e-03
   1.7142671e-01  -4.4880894e-01   4.9542235e-01  -7.3013949e-03  -6.1669271e-03   4.1880923e-03
   1.7427263e-01  -4.6919715e-01   5.1962408e-01  -7.4808268e-03  -6.2830769e-03   4.0101846e-03
   1.6732824e-01  -4.5832509e-01   5.3660484e-01  -8.0015184e-03  -5.8942327e-03   3.9844520e-03
   1.5610062e-01  -4.6379031e-01   5.9067445e-01  -8.2547288e-03  -5.8185879e-03   3.9930720e-03
   1.7794305e-01  -4.7705567e-01   5.9504625e-01  -8.8486165e-03  -5.8913945e-03   4.2320437e-03
   1.8254523e-01  -4.7130148e-01   6.1779099e-01  -8.9234905e-03  -5.7415562e-03   4.2425819e-03
   1.8166293e-01  -4.8323037e-01   6.2760239e-01  -9.4780429e-03  -5.6302130e-03   3.9008324e-03
   1.9155853e-01  -4.8977896e-01   5.6849309e-01  -9.9014151e-03  -5.8534625e-03   3.9937322e-03
   1.8853276e-01  -4.9626480e-01   5.7800229e-01  -1.0069232e-02  -6.0496894e-03   3.9304779e-03
   1.9653618e-01  -4.7455265e-01   5.2821716e-01  -9.4303532e-03  -6.1804511e-03   4.0865505e-03
   1.9891683e-01  -4.8295778e-01   5.5532757e-01  -8.9941342e-03  -6.3447031e-03   3.9914600e-03
   1.9832147e-01  -4.9552672e-01   6.0955137e-01  -9.6252078e-03  -6.0298115e-03   4.0370402e-03
   1.9279434e-01  -5.1170418e-01   5.8545972e-01  -1.0052903e-02  -5.5595932e-03   3.9939102e-03
   2.1989260e-01  -5.1195920e-01   5.8273648e-01  -1.0081677e-02  -5.9129916e-03   3.9926794e-03
   2.1090137e-01  -4.7570642e-01   5.0126665e-01  -9.5490368e-03  -5.7732123e-03   4.0418623e-03
   1.9380596e-01  -4.7620626e-01   5.4089863e-01  -9.9718632e-03  -5.6623281e-03   3.7616268e-03
   1.9121903e-01  -4.8875511e-01   5.8207364e-01  -9.3845541e-03  -5.7022205e-03   3.6321995e-03
   1.9018774e-01  -4.9552732e-01   5.9883328e-01  -8.4712783e-03  -5.8873462e-03   3.7079046e-03
   1.7661870e-01  -4.6391069e-01   6.0746106e-01  -8.6610529e-03  -5.7422637e-03   3.7251769e-03
   1.9007630e-01  -4.8690137e-01   6.0260253e-01  -8.6175100e-03  -5.8872742e-03   3.7380142e-03
   1.9441789e-01  -5.0593694e-01   6.1738397e-01  -8.3429442e-03  -5.8275868e-03   3.9431731e-03
   1.9568564e-01  -5.4873466e-01   6.6473678e-01  -8.1538182e-03  -5.8959538e-03   3.9587638e-03
   2.0478862e-01  -5.5176781e-01   6.2564360e-01  -8.1786971e-03  -6.1881688e-03   4.1233978e-03
   2.0518723e-01  -5.3068111e-01   6.3441825e-01  -8.4605926e-03  -6.1588232e-03   4.0378610e-03
   2.1289550e-01  -5.2520664e-01   6.1905047e-01  -8.5208425e-03  -5.9611546e-03   3.7713546e-03
   2.1186906e-01  -5.1156329e-01   5.9123732e-01  -8.4221176e-03  -6.2885372e-03   3.8558063e-03
   2.2487423e-01  -5.1421676e-01   6.0091789e-01  -8.5130868e-03  -6.6247460e-03   3.8592222e-03
   2.2828473e-01  -5.1859322e-01   6.0138891e-01  -8.8079219e-03  -6.3173817e-03   3.8092678e-03
   2.1402685e-01  -5.4372860e-01   6.8233733e-01  -9.0850636e-03  -6.2721474e-03   3.7828115e-03
   2.0818394e-01  -5.5483417e-01   7.1640863e-01  -8.9262198e-03  -6.4075833e-03   3.7757308e-03
   2.0902650e-01  -5.5276128e-01   7.0241200e-01  -8.4240187e-03  -6.2243015e-03   3.7657991e-03
   2.1890209e-01  -5.2881992e-01   6.1813603e-01  -8.5192673e-03  -6.0191421e-03   4.0437904e-03
