   0.0000000e+00   0.0000000e+00   0.0000000e+00   0.0000000e+00   0.0000000e+00   0.0000000e+00
  -1.4028641e-02   1.3683204e-02  -1.7599549e-02  -2.3612489e-04  -4.3473352e-04  -5.6172029e-04
  -1.4393686e-02   9.0534417e-03  -3.7710044e-02   2.2930949e-04  -6.7744719e-04  -1.1504401e-03
  -2.0850858e-02  -1.7055124e-02  -3.4626830e-02   6.8757508e-04  -6.3199937e-04  -1.6123545e-03
  -1.5707735e-02  -8.5144379e-02  -3.3025105e-02   6.7662631e-04  -9.8985946e-04  -1.6472659e-03
  -4.7465622e-02  -5.4127205e-02  -1.6180158e-02   1.4382596e-03  -2.1263603e-03  -1.7833493e-03
  -5.8142722e-02  -4.6847614e-02  -2.7529444e-02   1.6002298e-03  -2.5135634e-03  -2.2921339e-03
  -5.8266188e-02  -6.9417656e-02  -1.8268270e-02   1.9501027e-03  -2.5962272e-03  -2.6268916e-03
  -5.9266562e-02  -3.5063803e-02  -2.9370791e-02   1.2619552e-03  -2.4303338e-03  -2.6546158e-03
  -5.5093054e-02  -3.4248936e-02  -2.9592847e-02   1.5097551e-03  -2.3112729e-03  -2.4384540e-03
  -5.5137398e-02  -6.6181639e-02  -2.7836137e-02   1.7835809e-03  -2.4281804e-03  -2.4754277e-03
  -6.7241054e-02  -6.8353491e-02   7.5661230e-03   1.5799089e-03  -2.5452163e-03  -2.6027025e-03
  -7.6629941e-02  -6.8921152e-02   4.4395360e-03   1.3419090e-03  -2.3942409e-03  -2.6909629e-03
  -7.0946877e-02  -7.8598842e-02   3.4124691e-03   1.1190360e-03  -2.6347836e-03  -2.7005616e-03
  -8.4236193e-02  -8.1500516e-02  -1.4390475e-02   1.2621479e-03  -2.7581569e-03  -2.8651805e-03
  -9.1648482e-02  -7.8887459e-02   2.9457596e-02   1.2031525e-03  -2.6995261e-03  -3.0755505e-03
  -8.8551195e-02  -8.0049405e-02   1.2359334e-02   9.9027689e-04  -2.8439612e-03  -3.0042162e-03
  -8.6975760e-02  -7.3953212e-02  -1.1842019e-02   7.2102356e-04  -2.9151230e-03  -3.1398515e-03
  -8.9939175e-02  -8.3666284e-02  -2.5813953e-03   3.0599624e-04  -2.8723447e-03  -3.2066355e-03
  -8.2644835e-02  -9.2354285e-02  -6.3535987e-03   8.4868161e-04  -2.7145995e-03  -3.3112875e-03
  -5.7978265e-02  -2.9752836e-01   3.5261551e-01   3.1869903e-03  -9.0020664e-04  -3.8851187e-03
  -7.7445717e-02  -2.0186164e-01   2.5060131e-01   2.8028307e-03  -7.5868204e-05  -4.3459812e-03
  -9.4727501e-02  -9.6753594e-02   8.1638642e-02  -1.7539929e-05   2.5791383e-04  -3.1889724e-03
  -7.9779506e-02  -1.1510820e-01   1.9399663e-02  -1.6413603e-03   1.4774923e-03  -2.9397176e-03
  -1.8626336e-02  -1.0934460e-01   5.0090950e-02  -1.5718779e-02   8.7325447e-03  -2.8937823e-03
  -1.1057302e-02  -1.4950230e-01   1.1694099e-01  -1.0431952e-02   7.2857190e-03  -2.2160431e-03
  -1.8347436e-02  -1.4468857e-01   1.7286296e-01  -8.9904939e-03   6.6585149e-03  -2.1210594e-03
  -2.1663518e-02  -1.4417096e-01   1.7403895e-01  -7.9030040e-03   5.9039687e-03  -1.7898537e-03
  -3.6394611e-02  -1.5181416e-01   1.5087967e-01  -7.1266542e-03   4.9461166e-03  -1.9027885e-03
  -4.8203155e-02  -2.4670660e-01   1.2533426e-01  -5.3658629e-03   4.2982991e-03  -2.1632841e-03
  -4.6363126e-02  -1.3940733e-01   7.0371084e-02  -6.0075919e-03   3.9329654e-03  -2.1433258e-03
  -4.1586710e-02  -1.2185578e-01   1.1931325e-01  -5.4136587e-03   3.7549432e-03  -1.8103702e-03
  -1.2964671e-02  -1.6508750e-01   9.5832487e-02  -4.3791440e-03   3.8544298e-03  -9.3364137e-04
  -1.9066840e-02  -1.2838507e-01   8.1687946e-02  -3.9880518e-03   3.5200351e-03  -9.2470532e-04
  -2.6413256e-02  -1.4162306e-01   1.3240646e-01  -3.4025519e-03   3.3532690e-03  -8.4950281e-04
  -2.6777226e-02  -1.4134955e-01   1.5760715e-01  -3.1486342e-03   3.0944384e-03  -5.7972409e-04
   3.1666108e-03  -1.4714840e-01   1.1615585e-01  -2.0986872e-03   2.6889327e-03   1.0539243e-04
   3.2753604e-02  -1.8747444e-01   2.4986414e-01   3.9628043e-03   2.4416872e-03   2.1482553e-03
   1.1274686e-02  -1.7080406e-01   2.0022258e-01   5.4169699e-03   1.6531123e-03   1.9933053e-03
  -8.6160362e-03  -1.6586576e-01   1.8747567e-01   5.3885639e-03   1.3882774e-03   1.3433998e-03
  -4.9724960e-03  -1.9016210e-01   2.1794911e-01   5.0938164e-03   1.5019519e-03   1.3173607e-03
  -2.0651982e-02  -1.1840499e-01   1.2145726e-01   4.7650887e-03   1.2692252e-03   1.0294411e-03
  -2.3909262e-02  -1.8819749e-01   1.5620755e-01   5.2254047e-03   1.3972367e-03   1.0160710e-03
  -4.4713546e-02  -1.5559294e-01   1.8003957e-01   4.5879001e-03   1.5020674e-03   8.2820510e-04
  -5.8136828e-02  -1.4899792e-01   1.9597568e-01   4.3180185e-03   1.2904692e-03   9.1050412e-04
  -6.8017053e-02  -1.6063930e-01   2.3645124e-01   4.4233762e-03   1.5242888e-03   1.0961961e-03
  -5.5950387e-02  -2.0713583e-01   3.2331511e-01   5.2095877e-03   2.1682061e-03   1.8758371e-03
  -5.1245852e-02  -1.9458088e-01   2.9825995e-01   4.9399201e-03   2.2377805e-03   2.0168544e-03
  -6.3931496e-02  -1.7083126e-01   2.9038170e-01   4.7687820e-03   1.9541493e-03   1.7698086e-03
  -9.8590804e-02  -1.7586890e-01   3.0652644e-01   5.0019316e-03   1.9376802e-03   1.7038835e-03
  -7.4430001e-02  -2.6646498e-01   3.5165193e-01   6.6581465e-03   2.4766755e-03   2.7860094e-03
  -1.4556777e-02  -1.5065942e-01  -1.3510107e-02   4.0873991e-03   3.8364531e-03   3.8306957e-03
   6.9870853e-03  -1.9463664e-01   2.2738837e-01   5.0253515e-03   3.1348700e-03   4.8822598e-03
   1.7920920e-02  -2.3382192e-01   3.4311919e-01   4.7729685e-03   4.5062070e-03   3.5738091e-03
  -3.7829208e-02  -1.5938274e-01   1.7930850e-01   3.6943137e-03   3.7734975e-03   2.8236717e-03
  -4.5929786e-02  -2.0717364e-01   2.3530132e-01   4.3839933e-03   4.1504194e-03   3.0923464e-03
  -6.0149968e-02  -2.1295332e-01   3.1656595e-01   4.7382686e-03   4.1689275e-03   3.3355273e-03
  -5.7910104e-02  -2.0817189e-01   3.7052532e-01   5.4743286e-03   4.3098166e-03   3.6604501e-03
  -6.9031905e-02  -2.0016089e-01   3.7151514e-01   5.8608291e-03   4.0313459e-03   4.1558718e-03
  -7.4348047e-02  -2.0111481e-01   3.6588409e-01   6.4375861e-03   4.0929888e-03   4.2087546e-03
  -8.0648970e-02  -2.2479584e-01   4.3769140e-01   7.6151864e-03   3.6661824e-03   5.1137437e-03
  -1.3772034e-01  -2.2710750e-01   4.4620999e-01   7.6505855e-03   2.5792803e-03   4.7536691e-03
  -1.7282173e-01  -2.3132223e-01   4.5193545e-01   7.9699735e-03   1.4001329e-03   4.9008749e-03
  -2.2484917e-01  -2.5506472e-01   4.9030917e-01   7.9951983e-03   8.2267074e-04   4.2949644e-03
  -2.2695183e-01  -2.6092329e-01   4.5254181e-01   7.9351722e-03   1.0275968e-03   3.7273052e-03
  -2.0420820e-01  -3.2687944e-01   4.4398173e-01   8.5673832e-03   1.0061403e-03   3.6234283e-03
  -2.1673352e-01  -2.6653687e-01   3.9258688e-01   7.7288712e-03   6.9776465e-04   3.8350012e-03
  -1.8767900e-01  -2.8229716e-01   3.6165470e-01   7.8002816e-03   1.6923768e-03   4.0995605e-03
  -1.6616506e-01  -2.8957424e-01   4.3367823e-01   8.7567690e-03   2.3836533e-03   4.8296766e-03
  -2.0194099e-01  -2.4000156e-01   4.0120609e-01   8.0018412e-03   1.4876662e-03   4.4936774e-03
  -2.1234957e-01  -2.5140493e-01   3.8518469e-01   7.8908042e-03   1.4889547e-03   4.5771264e-03
  -2.2198822e-01  -2.4214046e-01   3.4833678e-01   7.5181667e-03   1.3861746e-03   4.5317432e-03
  -2.4180246e-01  -2.3531826e-01   3.9270600e-01   7.3776553e-03   1.3760292e-03   4.4709120e-03
  -2.4535705e-01  -2.9627144e-01   4.4093502e-01   8.1204000e-03   1.5461801e-03   4.4368395e-03
  -1.9527570e-01  -3.3597511e-01   5.0880045e-01   7.2325249e-03   2.4305194e-03   4.0758982e-03
  -2.2040157e-01  -4.7147822e-01   7.1116065e-01   1.2095871e-02   4.1189399e-03   4.0240377e-03
  -9.6790913e-02  -2.5962666e-01   2.2790009e-01   6.5310805e-03   5.7399078e-03   6.5220593e-03
  -6.7565956e-02  -2.3027772e-01   2.2140310e-01   7.7628502e-03   7.2295019e-03   7.3134654e-03
  -5.0861497e-02  -2.4878294e-01   1.7509072e-01   7.8599774e-03   7.3149645e-03   7.4361755e-03
  -5.1576057e-02  -2.7263249e-01   2.9742581e-01   8.7824504e-03   7.5355163e-03   7.4736967e-03
  -4.7933749e-02  -2.7574062e-01   3.6697222e-01   9.2160863e-03   7.6824018e-03   7.6966484e-03
  -2.2115047e-02  -3.4012712e-01   3.5516586e-01   1.0023588e-02   7.2901344e-03   7.1431405e-03
   3.9443760e-02  -2.5361001e-01   2.6475558e-01   7.2201882e-03   8.0951613e-03   8.8062785e-03
   2.2713873e-02  -2.5861031e-01   2.5746286e-01   8.1874009e-03   8.0897860e-03   8.2204232e-03
   1.1387900e-02  -2.6714905e-01   2.2978738e-01   8.1521659e-03   8.1142421e-03   7.6882525e-03
   1.8194329e-02  -2.1351079e-01   1.4052374e-01   6.2403286e-03   8.2666621e-03   7.7324427e-03
  -5.1777501e-05  -2.4917749e-01   2.2640618e-01   8.4199767e-03   7.5607335e-03   8.1710312e-03
  -3.3282743e-03  -2.8488597e-01   2.9547232e-01   9.8699727e-03   6.9996378e-03   8.1965940e-03
  -7.4452098e-03  -2.7521341e-01   2.7275253e-01   9.7869269e-03   6.7127511e-03   8.3863451e-03
  -1.2920340e-02  -2.9713584e-01   3.2993993e-01   1.0108227e-02   6.5551479e-03   8.2521874e-03
  -1.1081501e-02  -3.0530665e-01   3.4915715e-01   1.0068388e-02   6.3051640e-03   8.3139454e-03
  -8.8850746e-03  -3.4061522e-01   2.8531288e-01   1.0114493e-02   6.5299949e-03   8.0304539e-03
  -5.9672893e-03  -3.1024701e-01   3.0665846e-01   9.9500723e-03   6.5253525e-03   7.9688512e-03
  -1.1601945e-02  -3.1604870e-01   3.1724549e-01   1.0338695e-02   6.1980899e-03   7.8989482e-03
  -1.5043690e-03  -3.0577828e-01   3.2873015e-01   1.0491206e-02   6.3680347e-03   7.7277105e-03
  -2.8829112e-04  -3.5054335e-01   4.1168436e-01   1.1399535e-02   6.8141589e-03   7.5943584e-03
  -5.1259924e-03  -3.0952357e-01   3.5024253e-01   1.0165010e-02   6.7891338e-03   7.5361819e-03
  -4.9663713e-03  -3.2555126e-01   3.3490806e-01   1.0613915e-02   7.0019726e-03   7.5017058e-03
   3.7150474e-04  -3.2448032e-01   3.5168948e-01   9.4848386e-03   6.7456954e-03   7.4635592e-03
  -8.5742036e-04  -3.2585485e-01   3.4097394e-01   9.6150586e-03   6.7426056e-03   7.5447961e-03
  -3.0595088e-03  -3.1641669e-01   3.4589276e-01   9.6797284e-03   6.6532827e-03   7.6179170e-03
  -8.0824080e-03  -3.3217916e-01   4.0200235e-01   1.0035445e-02   6.6579673e-03   7.7072777e-03
  -1.0955578e-02  -3.7100192e-01   3.7396032e-01   9.4135054e-03   6.9493107e-03   7.3885634e-03
  -4.4563051e-02  -5.9065822e-01   8.1002427e-01   1.1834415e-02   9.7082454e-03   7.4606760e-03
   4.9188416e-03  -4.2384228e-01   2.1719593e-01   9.0492053e-03   8.3610169e-03   7.8364555e-03
   5.1037604e-02  -3.4481974e-01   1.7166886e-01   6.4717720e-03   7.3668416e-03   8.8907587e-03
   8.2812039e-02  -3.0099249e-01   1.6222286e-01   4.7423190e-03   8.0096620e-03   1.0976838e-02
   6.4699544e-02  -3.0980759e-01   1.0851677e-01   6.7485828e-03   1.0103134e-02   9.9916071e-03
   8.5371016e-02  -3.4987646e-01   2.5281821e-01   8.8136854e-03   1.0877814e-02   1.0402736e-02
   7.5959169e-02  -3.8772658e-01   4.0345577e-01   1.1735672e-02   1.1394624e-02   1.0903162e-02
   4.1480902e-02  -3.7414714e-01   4.7435215e-01   1.1843399e-02   1.0430236e-02   1.0947970e-02
   5.7957930e-02  -3.7571020e-01   4.5679368e-01   1.1683471e-02   9.7539269e-03   1.0972349e-02
   7.4386720e-02  -3.5242109e-01   3.6844965e-01   1.0936446e-02   9.4293417e-03   1.1342962e-02
   6.8468224e-02  -3.4176491e-01   3.6327594e-01   1.1345117e-02   9.3022146e-03   1.1179737e-02
   7.4293818e-02  -3.7019281e-01   4.1951790e-01   1.2011512e-02   9.2940703e-03   1.0833376e-02
   5.0985950e-02  -4.3723089e-01   6.5324711e-01   1.2221845e-02   1.0316400e-02   1.0105492e-02
   4.1292439e-02  -4.3508796e-01   1.7239470e-01   5.6816594e-03   1.1452082e-02   8.6928560e-03
   2.0629644e-02  -3.7414149e-01  -1.0423230e-01  -9.8822007e-03   1.4119356e-02   5.4130753e-03
   5.2647295e-02  -3.7695724e-01  -1.7820793e-02  -5.1364255e-03   1.3845339e-02   7.0847850e-03
   5.7669611e-02  -3.6295193e-01   6.4289466e-03  -2.4325067e-03   1.3627585e-02   7.8651495e-03
