   0.0000000e+00   0.0000000e+00   0.0000000e+00   0.0000000e+00   3.4694470e-18   0.0000000e+00
  -3.2001375e-05  -1.7230511e-02   7.6573360e-03   4.9436873e-04   1.6057822e-04   8.2431367e-05
  -1.0899085e-02  -2.2646952e-02   6.8664113e-02   2.3583826e-04   4.4262368e-04  -4.6765183e-05
  -1.4785473e-02  -1.4706877e-02  -1.6417619e-03   1.0301061e-03   8.2815788e-04  -7.8901701e-05
  -1.3258369e-02  -4.1256923e-02   5.5412034e-02   5.2945094e-04   7.6162523e-04  -4.3820499e-04
  -1.5973710e-02  -2.5768485e-02   2.4432318e-02   6.3572142e-04   8.5376521e-04  -1.2664964e-04
  -1.4082304e-02  -3.8513463e-02   2.9455609e-02   3.7926967e-04   1.0375338e-03  -1.6507093e-05
  -2.2292565e-02  -6.5499239e-02   3.6553259e-02   1.5824353e-04   1.1482220e-03  -4.6398191e-04
  -1.8786981e-02  -7.7394685e-02   2.0718893e-02   9.1732991e-05   8.0966439e-04  -5.8904685e-04
  -2.0897846e-02  -6.7279295e-02  -5.5197845e-02   2.8463529e-04   8.1611644e-04  -6.3960457e-04
  -9.0075892e-03  -8.3408002e-02   6.0032691e-03  -8.4881683e-06   5.3560873e-04  -3.8827350e-04
  -1.6835168e-02  -8.7759651e-02  -1.3694690e-02   3.7882548e-04   4.5612472e-04  -8.6829876e-04
  -1.7650907e-02  -6.2983901e-02  -4.6269944e-02   3.0143165e-04   1.1956051e-04  -7.5102560e-04
  -3.7563700e-02  -6.6079302e-02  -1.2254428e-03   1.0814904e-03   5.2157676e-04  -1.3680267e-03
  -2.6563139e-02  -8.3219583e-02  -2.1968149e-02   1.7436669e-03  -9.5175689e-05  -1.2142314e-03
  -3.7074040e-02  -1.1697210e-01   1.1873395e-02   1.2902021e-03   1.6715077e-04  -1.3130133e-03
  -4.0055585e-02  -1.0923882e-01   2.8545275e-02   1.4483506e-03   2.4198193e-04  -1.2364209e-03
  -3.8193182e-02  -1.2079297e-01   1.3051344e-02   1.6958321e-03   4.1001319e-04  -1.3772452e-03
  -3.6714440e-02  -1.3148553e-01   1.5600907e-05   1.8926335e-03   3.2629109e-04  -1.4794979e-03
  -2.6151815e-02  -1.4156145e-01   2.9320862e-02   1.3495254e-03   3.5736350e-04  -1.3473319e-03
  -2.9381594e-02  -1.4416617e-01   2.9246183e-02   1.3122860e-03   5.2243283e-04  -1.3284843e-03
  -3.2896304e-02  -1.4575015e-01   3.4789823e-02   1.5709496e-03   4.5481680e-04  -1.3482031e-03
  -3.8142709e-02  -1.5747572e-01   3.6439981e-02   1.3522600e-03   3.5231801e-04  -1.3178042e-03
  -3.8575563e-02  -1.5961579e-01   4.9690087e-02   1.0520489e-03   2.0567385e-04  -1.3951642e-03
  -4.2808575e-02  -1.6329320e-01   3.0952330e-02   9.9351644e-04   5.3740110e-04  -1.2544596e-03
  -2.4979175e-02  -1.3654268e-01  -1.9024191e-02   2.5355201e-03   2.0253352e-04  -8.9268287e-04
  -1.9726000e-02  -1.5377721e-01   2.6597072e-02   1.0175965e-03   3.0154231e-04  -6.6782986e-04
  -1.0602763e-02  -1.5394226e-01  -8.5826068e-02  -1.6654250e-04   1.5055660e-04  -3.9539944e-04
  -2.4462013e-02  -1.7996748e-01  -1.2194212e-02  -4.2068181e-05   6.5853740e-05  -6.9986204e-04
  -3.6811503e-02  -1.5409189e-01  -4.1407302e-02   1.2092579e-03   2.8184951e-04  -9.0735356e-04
  -3.7570055e-02  -1.9019023e-01   4.9610249e-03   9.8583069e-04   2.5251854e-04  -9.7618494e-04
  -4.1675678e-02  -1.6804857e-01  -1.0753781e-03   2.0050258e-04   5.6717711e-04  -1.1559399e-03
  -4.2392373e-02  -1.6396400e-01  -1.4783378e-02   3.5903293e-04   6.8103974e-04  -1.1302073e-03
  -3.7551356e-02  -1.5440000e-01   3.8720181e-03   4.1843898e-04   6.8401680e-04  -1.2671238e-03
  -3.9501401e-02  -1.7340831e-01   3.9724526e-03   1.0346092e-03   6.1798041e-04  -1.2820526e-03
  -3.9625609e-02  -2.0309554e-01   3.7378276e-02   8.7928987e-04   5.0449319e-04  -1.4158158e-03
  -3.8584077e-02  -2.0164545e-01   7.1352219e-03   5.1778283e-04   7.6419761e-04  -1.4232955e-03
  -3.2726689e-02  -2.3021613e-01  -3.9991462e-03   7.8743423e-04   5.4176431e-04  -1.3218398e-03
  -3.1145043e-02  -2.3640268e-01  -2.3739014e-02   7.2410617e-04   3.9734208e-04  -1.2603170e-03
  -2.7071189e-02  -2.3547623e-01  -2.3045800e-03   8.2220459e-04   3.2889629e-04  -1.2403742e-03
  -3.2153579e-02  -2.4746280e-01  -2.1546576e-02   6.3620296e-04   6.9974351e-04  -1.4997802e-03
  -4.3029398e-02  -2.4953383e-01  -3.3745396e-02   1.2541295e-03   6.5096859e-04  -1.7119545e-03
  -4.1308016e-02  -2.7620927e-01   1.7469698e-02   8.3959049e-04   5.6885448e-04  -1.7538444e-03
  -4.7913629e-02  -2.7355556e-01   1.7873411e-02   5.4493286e-04   7.7483522e-04  -1.7899245e-03
  -5.6364321e-02  -2.6490890e-01  -1.1106541e-02   4.2193170e-04   9.3868027e-04  -1.6939754e-03
  -4.4863723e-02  -2.8925027e-01  -4.8948081e-04   5.2416596e-04   8.7203757e-04  -1.5659152e-03
  -4.3737883e-02  -3.0308098e-01   2.6330677e-02   5.9885225e-04   8.7559413e-04  -1.5138818e-03
  -5.5573089e-02  -3.0319410e-01   2.7997660e-02   1.1145843e-03   9.4753384e-04  -1.7754892e-03
  -5.3580658e-02  -3.1177080e-01   3.5188210e-02   1.3606116e-03   1.1049444e-03  -1.8385900e-03
  -4.8140616e-02  -3.1581122e-01   5.9729576e-02   8.3839799e-04   1.4911217e-03  -1.9034485e-03
  -4.8127373e-02  -3.1812792e-01   5.4071833e-02   1.3435662e-03   1.4050648e-03  -1.8540739e-03
  -4.9419547e-02  -3.3879132e-01   2.1061663e-02   1.3712741e-03   1.2186109e-03  -2.1247391e-03
  -5.4436410e-02  -3.2328104e-01   2.2300775e-02   1.1578313e-03   1.1790107e-03  -2.1616753e-03
  -6.7829871e-02  -3.4127843e-01   3.6314778e-02   6.9115598e-04   1.6344060e-03  -2.6005333e-03
  -6.6024534e-02  -3.6151567e-01   5.9527792e-02   1.1519480e-03   1.3007757e-03  -2.4364579e-03
  -7.3764249e-02  -3.6532030e-01   5.1491812e-02   1.5563135e-03   1.0805423e-03  -2.6837628e-03
  -7.8723998e-02  -3.6986006e-01   5.5827860e-02   1.7698151e-03   7.2366991e-04  -2.6936827e-03
  -9.1800160e-02  -3.9209476e-01   7.7391016e-02   1.2770693e-03   8.9200586e-04  -2.9944545e-03
  -9.0429155e-02  -3.6737769e-01   3.8808726e-02   1.1949136e-03   9.5989017e-04  -2.6282761e-03
  -8.5790902e-02  -3.9210624e-01   6.2906705e-02   9.6923974e-04   1.2818607e-03  -2.7722948e-03
  -8.3876168e-02  -3.8381224e-01   3.4803575e-02   1.0284751e-03   1.5980764e-03  -2.7039234e-03
  -8.0529994e-02  -3.9383887e-01   4.5180804e-02   3.0657859e-04   1.7130265e-03  -2.9121605e-03
  -6.8262435e-02  -3.7889898e-01  -7.1116307e-03   3.5869087e-04   1.5944546e-03  -2.3922848e-03
  -8.0877313e-02  -3.9933883e-01   1.7433153e-02   5.4155482e-04   1.4588953e-03  -2.4927874e-03
  -8.3196187e-02  -4.0493491e-01   3.3960316e-02   2.6924119e-04   1.5648445e-03  -2.6334759e-03
  -7.6813398e-02  -3.8960302e-01  -1.6277024e-02   1.3515618e-03   1.3819670e-03  -2.5633763e-03
  -7.5561141e-02  -4.2253587e-01   1.7526520e-02   7.9338958e-04   1.5491096e-03  -2.7113286e-03
  -7.8427106e-02  -4.0311247e-01   4.9332602e-03   7.6157017e-04   1.6442872e-03  -2.7175675e-03
  -8.4591147e-02  -4.0602615e-01  -9.3271402e-03   1.3451929e-03   1.5331085e-03  -2.6512630e-03
  -8.5691834e-02  -4.2807692e-01   1.5171590e-02   5.0817766e-04   1.6935085e-03  -2.5760374e-03
  -9.2614827e-02  -4.2504673e-01   1.8144200e-02   9.3354094e-04   1.6180264e-03  -2.5978567e-03
  -9.2429788e-02  -4.3951182e-01   1.0699243e-02   7.6667854e-04   1.5837530e-03  -2.6117899e-03
  -1.0202475e-01  -4.4416205e-01   4.3853839e-02   6.0875299e-04   1.9343526e-03  -2.6736744e-03
  -1.0541556e-01  -4.4148706e-01   2.1124678e-02   5.3811322e-04   2.4604265e-03  -3.2630855e-03
  -7.9670454e-02  -4.4845622e-01  -7.2929595e-03   1.0438007e-03   1.8725675e-03  -2.7266576e-03
  -8.0478370e-02  -4.7459473e-01  -1.3094717e-03  -1.3458955e-05   2.2827783e-03  -2.9448852e-03
  -7.9087994e-02  -4.6086355e-01  -1.9238658e-02   4.3557676e-04   1.9109064e-03  -2.7965139e-03
  -6.3883196e-02  -4.7608561e-01  -4.8470959e-02   7.9283839e-04   1.6479308e-03  -2.6447967e-03
  -6.0206620e-02  -4.8309262e-01  -3.8253541e-02   7.2339981e-04   1.5767243e-03  -2.5213930e-03
  -7.4432860e-02  -4.7748710e-01  -2.9837960e-02   6.7146728e-04   1.8145433e-03  -2.8168841e-03
  -9.0073496e-02  -5.0205311e-01  -1.4483012e-02   5.0796125e-04   1.9535620e-03  -3.0688705e-03
  -8.3946265e-02  -5.2966308e-01   2.2433767e-02   6.1663657e-04   2.0940594e-03  -3.0378681e-03
  -7.3344301e-02  -5.5593363e-01   3.4607708e-02   5.7511560e-04   2.1396401e-03  -3.0449134e-03
  -7.5583188e-02  -5.4300942e-01   1.0148375e-02   6.6427526e-04   1.9794910e-03  -2.9780083e-03
  -8.3294363e-02  -5.3824845e-01   2.4266719e-03   3.9501751e-04   2.0828101e-03  -2.9592124e-03
  -9.2134345e-02  -5.4709357e-01  -3.7281048e-04   7.2817096e-04   2.1949350e-03  -3.0884509e-03
  -9.5157425e-02  -5.7135952e-01   3.3573772e-02   4.9330144e-04   2.0898617e-03  -3.1500852e-03
  -1.0130157e-01  -5.8253601e-01   4.1111844e-02   5.9606480e-04   2.4066905e-03  -3.1104056e-03
  -1.0649789e-01  -5.7754308e-01   2.9106154e-02   5.8765342e-04   2.3171955e-03  -3.2716594e-03
  -1.1348138e-01  -5.6928004e-01   3.5680387e-02   8.1439513e-04   2.2872148e-03  -3.1978098e-03
  -1.1233537e-01  -5.8193457e-01   4.2416437e-02  -2.7624585e-04   2.5681171e-03  -3.0363986e-03
  -8.8608819e-02  -5.7246402e-01   2.0244193e-02  -3.6472141e-04   2.4801143e-03  -2.5354519e-03
  -6.6997092e-02  -5.6241263e-01  -4.0841798e-02  -3.9710176e-04   2.3896258e-03  -2.1982756e-03
  -7.0914676e-02  -5.6583314e-01   8.6387371e-03  -1.0250471e-03   2.5243634e-03  -2.3792991e-03
  -6.7769975e-02  -6.0945990e-01  -8.1365928e-02   5.4488877e-04   2.3539660e-03  -1.3657036e-03
  -6.5571251e-02  -5.6263956e-01  -1.5663000e-01  -1.6398664e-03   4.3029066e-03  -1.5003029e-04
  -2.8905163e-03  -5.7417268e-01  -2.0826758e-01  -2.7358171e-03   4.3428295e-03   1.1396557e-03
   1.0246790e-02  -5.8580073e-01  -1.8133216e-01  -3.8956307e-03   4.3510181e-03   6.5737343e-04
  -7.4225827e-05  -5.9537845e-01  -1.5426685e-01  -3.3000839e-03   4.6336754e-03   7.1525216e-04
  -1.5900024e-02  -5.9660680e-01  -8.1305935e-02  -3.3039791e-03   5.1008726e-03   2.3791251e-04
  -2.2456528e-02  -5.7255940e-01  -1.0271561e-01  -2.9331846e-03   5.1044940e-03   1.6160342e-04
  -2.1954315e-02  -5.8294712e-01  -1.1038284e-01  -3.0104959e-03   4.8548473e-03  -5.2649559e-06
  -2.2260562e-02  -5.9905607e-01  -8.3510417e-02  -3.4818624e-03   5.2572999e-03  -1.6414109e-05
  -1.2436364e-02  -5.9571675e-01  -1.3100236e-01  -2.5446991e-03   5.0137518e-03   1.9670200e-04
  -1.6120113e-02  -6.2069779e-01  -1.0943132e-01  -2.9574440e-03   5.2462383e-03   1.8293105e-04
  -1.4505352e-02  -6.1419311e-01  -7.3890997e-02  -3.3396889e-03   5.2880471e-03   1.5176612e-04
  -1.8138742e-02  -6.0827230e-01  -9.3554642e-02  -2.9062286e-03   5.3347407e-03   2.0050178e-04
  -1.5031138e-02  -6.5097395e-01  -7.1075954e-02  -2.7697152e-03   5.1568710e-03   1.3250289e-04
  -1.9394675e-02  -6.9254170e-01  -7.9606444e-02  -3.6022064e-03   5.1467072e-03  -1.9687548e-04
  -1.6961659e-02  -6.8489416e-01  -1.0782815e-01  -2.7315399e-03   5.1297586e-03  -1.6739456e-04
  -1.9651101e-02  -7.0597529e-01  -7.4563557e-02  -3.3071500e-03   5.1290277e-03  -4.7701860e-04
  -2.8268526e-02  -7.0640946e-01  -8.9188666e-02  -3.0167380e-03   5.2180967e-03  -5.5366652e-04
  -2.6124433e-02  -6.9630654e-01  -1.0742239e-01  -2.4302259e-03   5.1499349e-03  -4.7250182e-04
  -1.8932427e-02  -7.0751339e-01  -1.0018440e-01  -2.7273257e-03   5.0347442e-03  -4.9893576e-04
  -2.1262931e-02  -7.2286064e-01  -8.8190699e-02  -2.5788368e-03   5.1687119e-03  -5.8412785e-04
  -2.3339365e-02  -7.2370535e-01  -8.9518242e-02  -2.3574981e-03   5.1108761e-03  -5.5853536e-04
  -3.4831763e-02  -7.2290191e-01  -9.2204354e-02  -2.5512865e-03   5.3051692e-03  -8.1744934e-04
  -2.8470334e-02  -7.3120296e-01  -8.6805184e-02  -3.0287039e-03   5.1930622e-03  -5.9029211e-04
  -2.6904438e-02  -7.3592992e-01  -8.0601649e-02  -2.7645697e-03   5.3886006e-03  -6.4971079e-04
  -2.0850661e-02  -7.2904782e-01  -1.5206095e-01  -2.6812226e-03   5.2272792e-03  -6.3660570e-04
