   0.0000000e+00   0.0000000e+00   0.0000000e+00   0.0000000e+00   0.0000000e+00   0.0000000e+00
  -9.7649850e-03   2.2864602e-03  -4.8370237e-02  -3.5286788e-04   1.3983442e-04  -4.1932136e-04
  -1.7944673e-02  -5.4425840e-03   5.3044662e-03  -1.3140611e-03   2.2810895e-04  -5.3719233e-04
  -1.7285055e-02  -5.7121357e-03   4.0609716e-02  -1.3843799e-03   1.0623964e-04  -2.7024046e-04
   9.2102638e-04  -7.7835562e-03   5.1706230e-02  -6.0689106e-04  -5.5902158e-05   2.5211962e-04
   3.5794718e-02  -6.1745297e-02   1.9835325e-01   2.1786237e-03  -7.2651646e-04   1.7003479e-03
   3.4826203e-02  -5.6637583e-02   1.9988618e-01   1.9044586e-03  -4.5182399e-04   1.9243213e-03
   2.6899273e-02  -4.7979731e-02   1.8452927e-01   2.9718106e-03  -2.4757742e-04   1.7149122e-03
   1.9730392e-02  -6.3506208e-02   2.2743711e-01   3.3784567e-03  -1.4590951e-04   1.6627009e-03
   1.6678036e-02  -7.5498624e-02   2.3241851e-01   4.6320017e-03   2.3382577e-05   1.4636538e-03
   1.8227138e-02  -7.7141045e-02   2.2258798e-01   4.6625846e-03   3.1003020e-04   1.3904480e-03
   1.6015601e-02  -6.8281801e-02   2.2919615e-01   4.9034348e-03   2.7575778e-04   1.2621188e-03
   9.3382067e-03  -9.0961622e-02   2.5942265e-01   5.3081110e-03   3.6713591e-04   1.0886396e-03
   1.7768525e-02  -8.7428583e-02   2.6535500e-01   5.4371168e-03   3.7036402e-04   1.3805734e-03
   8.3205961e-03  -8.7416088e-02   2.7697422e-01   5.7100381e-03   2.0214301e-04   1.4252918e-03
   1.9311374e-02  -8.2596891e-02   2.2835413e-01   6.4692912e-03   3.7787181e-04   1.3815044e-03
   5.7587988e-03  -1.0624973e-01   2.9172108e-01   7.3674646e-03   4.7172883e-04   1.3617408e-03
   1.8962408e-02  -9.8816800e-02   2.6870113e-01   6.6981028e-03   5.0794371e-04   1.4692170e-03
   1.4708157e-02  -9.2654264e-02   2.4764309e-01   7.2522138e-03   6.6697766e-04   1.2683452e-03
  -3.8037316e-03  -1.0071520e-01   2.4107749e-01   6.7303302e-03   8.8906088e-04   6.7072017e-04
  -3.4365064e-02  -7.4234086e-02   7.6327414e-02   5.3712185e-03   8.1766441e-04  -7.7281540e-04
  -5.0233483e-02  -1.1601830e-01   3.5864220e-02   7.5149192e-03   1.6365896e-03  -3.1123355e-04
  -4.2759771e-03  -7.0620721e-02   2.7314056e-02   3.2112576e-03  -3.5672067e-04   1.8155169e-04
  -1.6402420e-02  -9.1377524e-02   5.5969071e-02   3.7959048e-03   9.3832922e-05  -2.1123436e-04
  -1.9586159e-02  -8.1722303e-02   5.4749938e-02   4.8273366e-03   1.6120636e-04  -2.8238465e-04
  -3.4172112e-02  -8.8754902e-02   4.0532851e-02   5.1183456e-03   6.0973596e-04  -6.8474295e-04
  -4.2871791e-02  -1.1539943e-01   7.2816262e-02   5.5933185e-03   6.4188555e-04  -8.9554784e-04
  -5.0728994e-02  -1.1692737e-01   1.0743734e-01   5.4824767e-03   8.4989390e-04  -1.0062987e-03
  -4.0029324e-02  -1.0996188e-01   9.8159198e-02   5.1793234e-03   7.6479664e-04  -8.7153236e-04
  -4.1333296e-02  -1.4960218e-01  -4.3392761e-02   7.5026365e-03   4.7931932e-04  -5.9470465e-04
  -2.0609012e-02  -1.9209770e-01  -1.0881741e-02   1.7059686e-03  -1.3497541e-03  -3.8719864e-05
  -5.6356437e-02  -1.6266660e-01   8.9018694e-02   3.5173758e-03  -7.8957004e-04   1.5002528e-04
  -4.0585632e-02  -1.3230271e-01   3.3528680e-02   3.8850945e-03  -1.1642073e-04   8.0195514e-05
  -4.9323962e-02  -1.7793286e-01   7.2243086e-02   4.7644589e-03  -5.9118039e-05  -3.7559003e-04
  -4.4359258e-02  -1.6132515e-01   8.7103660e-02   3.1994202e-03  -1.7134769e-04  -5.0423378e-04
  -3.8927395e-02  -1.7349387e-01   9.7258077e-02   2.4850675e-03  -9.4373264e-04  -2.5153295e-04
  -5.7129754e-02  -1.4583165e-01   9.6010484e-02   2.7103873e-03  -6.3035707e-04  -2.5961493e-04
  -4.3780525e-02  -1.9445515e-01   2.0135120e-01   1.7127339e-05  -1.1049149e-03   2.4544608e-04
   2.5327613e-04  -2.0333488e-01   2.8660292e-01   4.7114608e-03  -1.2252977e-03   1.7314734e-03
  -1.3796894e-02  -2.0452289e-01   2.7573300e-01   5.0463580e-03  -6.1991187e-04   1.2924969e-03
  -7.2746749e-03  -2.0847003e-01   2.9525048e-01   5.7953957e-03  -5.8714767e-04   1.5529165e-03
  -7.3094754e-03  -2.2486553e-01   3.0431493e-01   6.3503114e-03  -5.6951764e-04   1.4694630e-03
   6.6612611e-04  -2.1639429e-01   2.8645117e-01   6.8638115e-03  -5.4140846e-04   1.5938276e-03
  -2.3491306e-02  -2.4707164e-01   3.1120650e-01   7.8226755e-03  -2.1280372e-04   1.0098104e-03
  -2.0389104e-02  -2.6589257e-01   3.5554031e-01   9.9399323e-03   4.6761277e-04   6.0211500e-04
  -1.3998498e-02  -2.7505127e-01   3.6590411e-01   1.1305094e-02   6.2775350e-04   6.3771321e-04
  -2.6786328e-02  -2.7722851e-01   3.5163723e-01   1.2594766e-02   8.5120029e-04   3.5199990e-04
  -4.0086487e-02  -2.8676168e-01   3.7498896e-01   1.2455161e-02   1.1504828e-03   8.8646498e-05
  -3.3761430e-02  -3.0687868e-01   4.1828069e-01   1.3456678e-02   1.0407888e-03   2.4241473e-04
  -4.3694866e-02  -2.9446111e-01   3.8570534e-01   1.3596848e-02   1.2420474e-03   2.4937570e-04
  -6.4255576e-02  -2.7275744e-01   1.2022364e-01   1.1846624e-02   8.6907113e-04  -6.5134643e-04
  -3.2998307e-03  -1.9690166e-01   7.1832494e-02  -9.9118815e-05  -5.2269434e-03   1.6332666e-03
  -2.5953825e-02  -2.0720944e-01   5.2479565e-02   3.9349029e-03  -3.4532516e-03   6.7625433e-04
  -1.4785478e-02  -2.0251296e-01   5.2759983e-02   4.6002167e-03  -3.3593728e-03   4.3988382e-04
  -2.5550677e-02  -2.1080889e-01   7.4162374e-02   4.5077682e-03  -3.2170268e-03   2.7631143e-04
  -3.4519280e-02  -2.2281305e-01   1.4487944e-01   5.1380518e-03  -3.3011233e-03   3.5961370e-04
  -1.6078732e-02  -1.9586987e-01   1.3254377e-01   4.4623985e-03  -3.3900949e-03   5.9240149e-04
  -3.1896419e-02  -2.1689144e-01   1.2703990e-01   4.7950320e-03  -3.0104732e-03   1.7411848e-04
  -5.2992998e-02  -2.2919808e-01   1.7629381e-01   4.1930427e-03  -3.6923175e-03   4.1807725e-04
  -2.6041353e-02  -2.2729004e-01   1.9310052e-01   3.9613857e-03  -3.7568656e-03   9.1120863e-04
   5.5904790e-03  -2.8071411e-01   3.1387712e-01   5.8501622e-03  -4.1869130e-03   2.5819188e-03
  -1.9858477e-02  -3.1091363e-01   3.9333535e-01   6.5708754e-03  -3.6835805e-03   2.6617375e-03
  -2.1290331e-02  -3.0628568e-01   3.8719209e-01   7.4009308e-03  -3.3990490e-03   2.3874739e-03
  -1.7562834e-02  -2.9643286e-01   3.5520364e-01   8.0703228e-03  -3.1358168e-03   2.1449957e-03
  -2.9169957e-02  -3.2830327e-01   4.1863816e-01   7.9558962e-03  -2.8944602e-03   1.9548543e-03
  -2.8190023e-02  -3.4711977e-01   4.6619724e-01   7.7883029e-03  -2.9249821e-03   1.8456803e-03
  -3.3564342e-02  -3.5188985e-01   4.7066120e-01   7.5848368e-03  -2.7241118e-03   1.7208553e-03
  -3.7452473e-02  -3.3948070e-01   4.5390888e-01   7.8878050e-03  -2.6083561e-03   1.7319941e-03
  -4.4044494e-02  -3.7463549e-01   4.8662199e-01   8.6927102e-03  -2.4382638e-03   1.7086080e-03
  -5.1523556e-02  -3.7148984e-01   4.9404199e-01   8.0506923e-03  -2.2027241e-03   1.5744067e-03
  -3.8723513e-02  -3.5524314e-01   4.8063677e-01   7.6989504e-03  -2.4721616e-03   1.8178171e-03
  -4.7609380e-02  -3.6166557e-01   4.5243600e-01   8.4829730e-03  -2.3138326e-03   1.5757727e-03
  -4.9685022e-02  -3.7633273e-01   5.0716438e-01   8.4521705e-03  -1.8728707e-03   1.6592795e-03
  -5.2363345e-02  -3.9706366e-01   5.1919390e-01   8.8433683e-03  -2.2083558e-03   1.4200017e-03
  -8.9190417e-02  -3.0972439e-01   2.8778665e-01   7.1852138e-03  -1.5429836e-03  -1.1302459e-03
  -6.8142431e-02  -3.4348152e-01   2.1052074e-01   1.0882551e-02  -1.0873525e-03  -4.0596453e-04
   2.1685248e-03  -3.3628181e-01   3.1506380e-01   2.6450198e-03  -7.1317413e-03   4.5634991e-03
  -5.0680180e-02  -2.9506936e-01   1.2930403e-01   3.0066918e-03  -5.7283813e-03   2.7481165e-03
  -7.1218880e-02  -3.1145554e-01   2.2127339e-01   2.8213942e-03  -5.4545746e-03   2.5097458e-03
  -7.1554244e-02  -3.1655403e-01   2.7823003e-01   2.0813685e-03  -5.6381627e-03   2.5351928e-03
  -6.1895891e-02  -3.2303167e-01   3.3368462e-01   1.3812187e-03  -5.6659702e-03   2.7947940e-03
  -6.8211352e-02  -3.3004024e-01   2.3658581e-01   2.4424313e-03  -5.5265576e-03   2.6234995e-03
  -8.0494999e-02  -3.3758156e-01   3.0482153e-01   2.1539311e-03  -5.2906899e-03   2.5418346e-03
  -7.6105358e-02  -3.2811237e-01   3.0755941e-01   2.4297210e-03  -5.5106112e-03   2.7525102e-03
  -8.5115315e-02  -3.4661883e-01   3.2048313e-01   3.7410482e-03  -5.1814711e-03   2.3759738e-03
  -6.6847856e-02  -3.7295974e-01   3.8074469e-01   4.9576740e-03  -5.2114967e-03   3.0270677e-03
  -4.0333732e-02  -4.2747265e-01   5.3064639e-01   6.6330848e-03  -5.5072761e-03   4.1055086e-03
  -2.3933528e-02  -4.1240537e-01   4.4724148e-01   6.5534239e-03  -5.3341945e-03   3.9099123e-03
  -3.8482955e-02  -4.0653721e-01   4.6499741e-01   6.7625662e-03  -5.1169948e-03   3.6076076e-03
  -4.7709971e-02  -4.2396852e-01   5.2780422e-01   7.4861676e-03  -4.9437801e-03   3.5669551e-03
  -4.8599384e-02  -4.3602862e-01   5.4946704e-01   7.4730203e-03  -4.8855389e-03   3.4830960e-03
  -4.4304361e-02  -4.2259895e-01   4.8426425e-01   7.1481378e-03  -4.7139257e-03   3.3546522e-03
  -5.9960346e-02  -4.2593446e-01   5.1454303e-01   7.3045694e-03  -4.6446165e-03   3.3322317e-03
  -6.1329385e-02  -4.4774578e-01   5.5088971e-01   7.0268384e-03  -4.5066367e-03   3.3229189e-03
  -6.0767817e-02  -4.4267265e-01   5.3986918e-01   7.1688162e-03  -4.5343247e-03   3.3635970e-03
  -6.1609909e-02  -4.3170549e-01   5.3533793e-01   6.8934241e-03  -4.4577515e-03   3.1665217e-03
  -6.4885050e-02  -4.4122298e-01   5.5207796e-01   7.1009724e-03  -4.3487609e-03   3.0451828e-03
  -7.1169106e-02  -4.5652846e-01   5.8210252e-01   6.9037078e-03  -4.2610086e-03   3.0445380e-03
  -7.8848557e-02  -4.7897925e-01   6.0913268e-01   7.0613802e-03  -4.2809439e-03   3.0016321e-03
  -8.4817713e-02  -4.5494504e-01   7.9414243e-01   4.6821435e-03  -4.1198058e-03   2.7541368e-03
  -6.8874818e-02  -4.5922300e-01   5.3339218e-01   6.3334191e-03  -4.1775632e-03   2.7556733e-03
  -6.8651502e-02  -4.9218651e-01   6.0513045e-01   6.9894054e-03  -4.2042422e-03   2.8883712e-03
  -7.8910177e-02  -4.7261997e-01   5.4511628e-01   7.2064062e-03  -4.0971050e-03   2.5572364e-03
  -9.5827213e-02  -4.3471205e-01   3.4601840e-01   6.5453722e-03  -3.9814446e-03   4.4922984e-04
  -7.9011102e-02  -4.1579491e-01   3.2324288e-01   5.8398175e-03  -3.9705796e-03   3.7268986e-04
  -6.8630785e-02  -4.2249863e-01   2.9638303e-01   1.0503022e-02  -3.7050196e-03   1.5799774e-03
  -2.5345364e-02  -4.4584199e-01   1.5015537e-01   3.8439989e-03  -5.5868674e-03   2.6787438e-03
  -3.5766094e-02  -4.1886472e-01   1.6068935e-01   6.5467165e-03  -4.2930591e-03   1.6131461e-03
  -2.9258755e-02  -4.2109803e-01   2.0342330e-01   6.9860457e-03  -4.4874563e-03   1.5112388e-03
  -1.1805067e-03  -4.6023350e-01   2.7477459e-01   6.5029527e-03  -4.9096308e-03   2.0139034e-03
  -4.5861389e-03  -4.9744862e-01   4.0744584e-01   8.2133107e-03  -4.7414389e-03   2.8015707e-03
  -4.8016514e-03  -4.9229409e-01   3.9353210e-01   8.2896016e-03  -4.8053434e-03   2.8929548e-03
  -2.0029320e-02  -4.8363168e-01   3.9841803e-01   9.0291253e-03  -4.5676579e-03   2.6307984e-03
  -2.8810036e-02  -5.0954091e-01   4.7143702e-01   9.1742430e-03  -4.4698729e-03   2.6751154e-03
  -3.2557491e-02  -5.1461046e-01   4.8663103e-01   9.3008788e-03  -4.4344971e-03   2.6445259e-03
  -4.0692437e-02  -5.0000716e-01   4.3598998e-01   9.1820753e-03  -4.1393288e-03   2.0511192e-03
  -6.6964984e-02  -4.7440075e-01   3.4112591e-01   7.4208533e-03  -4.0946923e-03   7.5050926e-04
  -7.3013372e-02  -4.7874535e-01   3.2401167e-01   6.1015657e-03  -4.0750899e-03   2.1320194e-04
  -7.2275667e-02  -4.5424646e-01   2.9761560e-01   5.8697112e-03  -3.8562037e-03   3.9857456e-04
  -7.6379608e-02  -4.6813444e-01   3.3746977e-01   5.6217099e-03  -3.9786645e-03   2.2359134e-04
