   0.0000000e+00  -4.2032402e-58   0.0000000e+00   0.0000000e+00   0.0000000e+00   1.8807910e-37
   7.2378106e-03   1.7460360e-02   1.7630251e-02  -5.7325427e-04  -3.8551557e-04   2.5641409e-04
  -1.1253029e-02   5.2276997e-03   1.7014815e-02  -4.3921647e-04  -3.2591646e-04   8.8625126e-05
   6.7829077e-03  -5.9525981e-04   1.0093727e-02  -6.5078991e-04  -5.0468781e-04   1.5377323e-04
   1.1199677e-02   2.1353143e-02   5.1555288e-02  -4.3479392e-04  -1.3801588e-04   3.8431620e-04
   4.1456317e-03   4.0728659e-02   4.1883575e-02   1.9306545e-04  -2.3560561e-04   4.0335375e-04
   1.0274320e-02   4.4759547e-02   2.0366972e-02  -5.5371355e-04  -2.3325390e-04   5.0134981e-04
   7.4932368e-03   1.8704891e-02  -3.2159925e-02  -8.9128030e-05  -6.7589639e-05   3.6658536e-04
   2.2124415e-03   1.2128315e-02   2.1135529e-02  -5.1128916e-04  -1.0453407e-04   2.6211432e-04
   1.7436960e-03   8.0441483e-03   2.9931437e-02  -3.5788670e-04   1.0160391e-05   2.7586185e-04
   8.8986681e-03   1.7357328e-02   1.2437054e-02  -7.5497077e-04  -1.1622312e-04   4.1406609e-04
   5.0977937e-03   2.3143795e-03   2.1161062e-02  -1.0820772e-04  -1.2396673e-04   1.3273035e-04
   1.2504332e-03  -1.6407075e-03   5.9283897e-02   2.1183851e-04  -4.8646391e-04   1.6226753e-04
   4.7748155e-04   1.0454297e-02  -9.9491677e-03   2.6476413e-04  -4.2984067e-04   3.8640472e-04
   6.1700303e-03   1.2761208e-02  -3.6209556e-02  -2.8115374e-04  -5.7402270e-04   4.4357798e-04
   3.7748318e-03   6.1666236e-04  -8.3627706e-02  -2.2370268e-04  -2.7318060e-04   3.6542265e-04
   9.0127649e-03  -5.5498725e-03  -1.4255056e-01  -4.2648303e-04  -5.9426354e-04   4.1255126e-04
   4.2505286e-03   4.4286131e-03  -1.3356062e-01  -4.5102885e-04  -9.2731083e-05   6.6135385e-04
   2.0894813e-03  -9.1538539e-03  -1.4950173e-01  -3.3068171e-04   2.3115073e-04   7.9757087e-04
   2.4085164e-02   5.7433754e-03  -1.3177746e-01  -1.3208833e-03  -3.8767799e-04   1.1328877e-03
   2.8098744e-02   1.4767645e-02  -8.5906565e-02  -1.1368365e-03  -3.2550375e-04   1.0381518e-03
   2.4159965e-02  -6.7453395e-03  -3.5491575e-02  -2.0026895e-04   5.2512877e-06   9.3563468e-04
   4.7652347e-02  -1.1510064e-02  -1.9071669e-03  -5.0919868e-04   9.0808777e-05   1.4677241e-03
   5.1269105e-02  -3.4627836e-03  -2.8137739e-02  -4.1112533e-04   2.3791680e-04   1.5991839e-03
   5.0014799e-02   3.1930577e-03  -6.6326008e-02  -8.1316707e-04   2.6418373e-04   1.2438950e-03
   4.4560086e-02  -6.6838325e-03  -4.8910681e-02  -1.0370657e-03   4.5546667e-04   1.2020549e-03
   6.6846939e-02   8.2951210e-03  -4.2942421e-02  -1.0614500e-03   2.0052489e-04   1.4971134e-03
   5.1032528e-02   9.9149780e-03  -5.0593422e-02  -8.6335221e-04   2.3806910e-04   1.2175325e-03
   5.1283470e-02   8.1884859e-03  -1.0785930e-01  -5.6355948e-04  -5.6489070e-05   1.1543773e-03
   4.3778934e-02   5.4120315e-03  -1.5481419e-01  -8.2615369e-04  -1.0677579e-04   1.0564908e-03
   3.0043154e-02   1.4441031e-03  -1.6627556e-01  -7.1894010e-04   1.1448380e-04   1.0481621e-03
   3.3393656e-02  -2.0529845e-02  -1.5362769e-01  -7.8286703e-04   1.6824080e-04   1.0225100e-03
   2.3609406e-02  -1.1010321e-02  -1.8577454e-01  -8.9857854e-04   4.1695340e-04   1.2712660e-03
   2.0840958e-02  -1.2402038e-02  -2.2340273e-01  -9.7611694e-04   2.1874667e-05   1.0701765e-03
   3.6664006e-03  -1.9039292e-02  -2.0367747e-01  -7.2707091e-04   4.3744990e-04   9.0060801e-04
   1.1042796e-02  -3.5761879e-02  -2.0026458e-01  -6.2674598e-04   5.6586733e-04   9.5202602e-04
   1.5624311e-02  -1.8448154e-02  -1.7915995e-01  -1.4704973e-03   2.2872755e-04   9.9215884e-04
   2.3685766e-02  -1.2361409e-02  -1.6253080e-01  -1.3167516e-03   2.1492984e-04   1.1752884e-03
   1.9948206e-02  -8.5293053e-03  -1.7052157e-01  -1.1473021e-03   4.0857363e-04   1.2656568e-03
   2.2509511e-02  -3.2121733e-02  -1.6574291e-01  -3.5503095e-04   5.9772152e-04   1.2863829e-03
   3.8395533e-02  -2.9670942e-02  -1.1211609e-01  -3.1618434e-04   3.5253942e-04   1.0964108e-03
   4.1828213e-02  -3.8245662e-02  -8.2991414e-02  -3.1818392e-04   6.3679488e-04   1.1558155e-03
   4.6871927e-02  -2.8041749e-02  -1.4576964e-01  -4.5992340e-04   3.9727939e-04   1.4117397e-03
   5.6641965e-02  -1.7978204e-02  -1.6781184e-01  -9.3466843e-04   1.8998131e-04   1.5507456e-03
   7.7971782e-02  -4.2334785e-02  -1.9098468e-01  -7.7126534e-05  -5.4575889e-05   1.6401262e-03
   1.0261936e-02  -7.5528420e-02  -1.1629845e-01   2.9999650e-03   3.5961955e-05   4.9208359e-04
   3.9399902e-02  -1.1355771e-01  -2.6269380e-01   4.9349265e-03  -2.5898110e-04   6.6391091e-04
   5.1584932e-02  -9.5725162e-02  -2.5874066e-01   4.8144324e-03  -3.7654652e-05   1.0880259e-03
   5.5967440e-02  -1.1199181e-01  -1.7825965e-01   5.3354257e-03   6.9716688e-05   1.1164023e-03
   6.1602062e-02  -1.2238980e-01  -1.6189895e-01   4.7101394e-03   1.8780686e-04   1.2606643e-03
   5.5756278e-02  -1.0699993e-01  -1.8768102e-01   4.3308988e-03   3.1407069e-05   1.1229474e-03
   4.9754376e-02  -1.0875407e-01  -1.8471179e-01   4.5146098e-03   2.8617777e-04   9.5247253e-04
   5.8925315e-02  -1.1298787e-01  -1.2536690e-01   3.4154300e-03   1.4211280e-04   9.0549100e-04
   7.4676389e-02  -1.0644735e-01  -1.3259722e-01   2.7106689e-03  -2.4330626e-04   1.1325105e-03
   6.0962510e-02  -1.0894666e-01  -1.5377023e-01   2.0472840e-03  -2.5647514e-04   1.2332601e-03
   5.7168681e-02  -1.0496233e-01  -2.4141445e-01   2.2765554e-03  -3.7815792e-04   1.0495712e-03
   5.3068064e-02  -9.5893637e-02  -2.1784486e-01   1.7533284e-03  -3.1367459e-05   1.3039081e-03
   5.4371301e-02  -1.1326320e-01  -1.8149248e-01   1.4381681e-03   2.5541757e-05   1.0497420e-03
   4.8207256e-02  -9.9732599e-02  -2.2526167e-01   1.4541611e-03   6.1168175e-05   1.1449340e-03
   4.1707845e-02  -1.0033456e-01  -2.4644382e-01   1.3983358e-03  -1.4997422e-04   9.9927691e-04
   3.4490983e-02  -9.7540480e-02  -2.9146510e-01   1.8690768e-03  -4.6433460e-05   9.7902326e-04
   3.2253961e-02  -1.0622649e-01  -2.5076747e-01   1.7182712e-03  -6.8204066e-05   9.5127182e-04
   3.2560828e-02  -1.1185335e-01  -2.7193622e-01   1.9228119e-03  -6.8496024e-05   1.0817156e-03
   3.1692763e-02  -1.2314532e-01  -2.7395265e-01   1.7725103e-03   2.6592762e-04   1.1573195e-03
   3.6586826e-02  -1.3180200e-01  -3.5925792e-01   2.2631347e-03   1.8250792e-04   1.0886919e-03
   3.9445984e-02  -1.3247834e-01  -3.9490228e-01   2.1228618e-03   2.0090301e-04   1.1225703e-03
   3.4318935e-02  -1.3119233e-01  -3.4525406e-01   2.3818774e-03   1.5536341e-04   1.1532194e-03
   2.6237146e-02  -1.2755725e-01  -3.5813724e-01   2.7295781e-03   9.5294140e-05   9.2213683e-04
   2.4991069e-02  -1.2311371e-01  -3.5724789e-01   2.0799522e-03   1.6495738e-05   1.0118893e-03
   3.2104644e-02  -1.2116946e-01  -3.5543859e-01   2.4204139e-03  -1.8051673e-04   1.0679761e-03
   4.2822155e-02  -1.2553076e-01  -3.3104615e-01   1.6588038e-03   3.5370146e-04   1.1443009e-03
   4.5669146e-02  -1.3452220e-01  -2.8121720e-01   1.7336090e-03   4.7274281e-04   1.1111459e-03
   4.5049486e-02  -1.1931909e-01  -2.7461228e-01   1.9414329e-03   1.8471808e-04   1.0513536e-03
   4.0529976e-02  -8.7356287e-02  -3.0251255e-01   1.4761246e-03  -1.6311067e-04   8.4459947e-04
   5.1623819e-02  -8.2428550e-02  -2.8694436e-01   2.0589713e-03  -4.0692159e-04   1.0238760e-03
   4.6606535e-02  -8.5867127e-02  -2.4801617e-01   1.9265146e-03  -7.2311638e-05   9.5287693e-04
   3.5971898e-02  -1.1823066e-01  -2.1711889e-01   2.0362462e-03   2.5920878e-04   5.3811776e-04
   6.5567969e-02  -1.3019056e-01  -1.8208576e-01   2.0325492e-03  -1.8517824e-04   6.4895556e-04
   6.7964576e-02  -1.4563972e-01  -1.9892515e-01   1.7453799e-03  -3.6572587e-04   8.7825692e-04
   6.3510305e-02  -1.6274245e-01  -2.1161506e-01   2.4503873e-03  -4.8442748e-04   6.1666349e-04
   5.8383256e-02  -1.6009039e-01  -2.2774483e-01   2.1296778e-03  -3.7630295e-04   7.5046578e-04
   4.4707316e-02  -1.6096075e-01  -2.6229562e-01   2.5594088e-03  -2.4420874e-04   6.0171880e-04
   4.1482043e-02  -1.4752208e-01  -2.5750497e-01   1.8541874e-03   2.0394765e-04   7.9307438e-04
   4.7307943e-02  -1.4512331e-01  -3.0728599e-01   2.1826694e-03   7.8263275e-05   7.8148775e-04
   4.0081179e-02  -1.6043535e-01  -2.9635707e-01   2.1764859e-03   7.2484664e-04   8.8209621e-04
   4.4769793e-02  -1.7738886e-01  -2.6987988e-01   2.2914760e-03   3.3147551e-04   7.5755565e-04
   3.3457372e-02  -1.8843712e-01  -2.5121280e-01   2.5005300e-03   5.9459729e-04   7.3780833e-04
   3.6971882e-02  -1.8528406e-01  -2.7451711e-01   2.6274463e-03   4.5285997e-04   7.3539854e-04
   3.9339784e-02  -1.6519520e-01  -2.9902030e-01   3.0507220e-03   5.5785737e-04   7.3947057e-04
   2.6038434e-02  -1.5448683e-01  -3.3317577e-01   2.4500123e-03   9.4255523e-04   1.0194422e-03
   3.3382812e-02  -1.7291266e-01  -3.6760118e-01   2.8274456e-03   6.8664575e-04   9.6177091e-04
   1.6213271e-02  -1.8291865e-01  -3.5834907e-01   2.5616913e-03   9.9043832e-04   1.0065037e-03
   2.7713418e-02  -1.9315896e-01  -3.2084209e-01   3.0275714e-03   7.5511465e-04   9.4227109e-04
   2.1866226e-02  -1.9111293e-01  -2.9992084e-01   2.9027629e-03   9.9164877e-04   8.7160942e-04
   1.9848484e-02  -1.7907017e-01  -3.1843626e-01   2.8988161e-03   1.3561993e-03   1.0742701e-03
   9.6207321e-03  -1.7065028e-01  -3.2031187e-01   2.9441647e-03   1.6243110e-03   8.8184001e-04
   1.3789023e-02  -1.7210909e-01  -3.2128142e-01   2.4929646e-03   1.5510020e-03   9.5456418e-04
   1.5344969e-02  -1.7370720e-01  -3.3267789e-01   2.9148711e-03   1.7357060e-03   8.8229453e-04
   3.5602023e-02  -1.5279657e-01  -2.7482560e-01   2.7665196e-03   1.6439724e-03   9.6679962e-04
   4.7202747e-02  -1.5335431e-01  -2.8630658e-01   2.9658214e-03   1.6002507e-03   9.5981821e-04
   4.4743285e-02  -1.4276222e-01  -2.9223359e-01   2.6257789e-03   1.4336276e-03   7.4237581e-04
   3.8097403e-02  -1.8137526e-01  -2.4600113e-01   3.1168628e-03   1.2303060e-03   6.7453665e-04
   3.2180773e-02  -1.9188555e-01  -2.9592338e-01   3.7866123e-03   1.4987306e-03   1.0195816e-03
   3.8753444e-02  -1.9696911e-01  -4.1330577e-01   4.4312420e-03   1.1756774e-03   9.8457775e-04
   2.9484383e-02  -2.0068156e-01  -4.4841765e-01   3.9799346e-03   1.1577024e-03   9.6528296e-04
   2.5874347e-02  -2.2597448e-01  -4.5223857e-01   4.3422541e-03   1.3381153e-03   1.0163592e-03
   1.5570222e-02  -2.5734948e-01  -4.2572272e-01   4.2721571e-03   1.7607312e-03   7.9688218e-04
   2.6282837e-02  -2.5444396e-01  -4.4645026e-01   4.5849401e-03   1.5702093e-03   1.0878260e-03
   1.7045689e-02  -2.1756312e-01  -4.4243847e-01   4.0372581e-03   1.6316581e-03   1.1553614e-03
   1.4728517e-02  -2.0422196e-01  -4.2156232e-01   3.6044992e-03   1.7442484e-03   1.2953063e-03
   3.4757126e-02  -2.1089622e-01  -4.4374595e-01   3.9034586e-03   1.4029842e-03   1.1743809e-03
   4.2418929e-02  -2.2636674e-01  -4.3482680e-01   3.4728335e-03   1.5174026e-03   9.1318946e-04
   3.3030416e-02  -2.4267331e-01  -4.2212787e-01   3.7488877e-03   1.7586193e-03   7.7376397e-04
   4.4413059e-02  -2.3433927e-01  -3.7133378e-01   3.4584743e-03   1.5945131e-03   7.5359419e-04
   2.9682673e-02  -2.3287209e-01  -3.9332474e-01   3.4992532e-03   1.6148125e-03   6.8488989e-04
   3.4512412e-02  -2.1856232e-01  -4.3394117e-01   3.4796119e-03   1.2206172e-03   9.5043053e-04
   3.1204017e-02  -2.2903517e-01  -4.6558826e-01   3.3565170e-03   1.5474811e-03   1.0971674e-03
   1.8028047e-02  -2.2791651e-01  -5.1958564e-01   3.3388890e-03   2.0796101e-03   1.1820846e-03
   3.7227344e-02  -2.1755483e-01  -5.0565550e-01   3.5256158e-03   1.8667481e-03   1.3369326e-03
   5.2585168e-02  -2.2163812e-01  -3.1246129e-01   4.2950182e-03   3.2980536e-04   6.4961243e-04
