   0.0000000e+00   0.0000000e+00   0.0000000e+00   0.0000000e+00   0.0000000e+00   0.0000000e+00
   1.1624017e-02   1.1046261e-02   9.2446219e-03  -1.7749477e-03   4.1850925e-04   3.2971329e-04
   7.0347201e-03   3.8089357e-03   3.9797772e-02  -5.6025843e-04   6.7870538e-04   1.5826992e-04
   1.1412327e-02   9.0442542e-03   1.6194630e-02  -6.3419994e-04   7.1945324e-04   2.8812537e-04
   1.9795448e-04  -2.9375157e-02   7.5005067e-02  -7.4196526e-04   9.4474498e-04   3.2141486e-04
   1.0671161e-02   2.6156825e-02   4.0163142e-02  -1.2867606e-03   9.8977361e-04   5.7141677e-04
   2.4922085e-03  -1.3448780e-02   7.0939036e-02  -9.1750608e-04   1.4351409e-03   5.8575478e-04
   9.9616430e-03   3.7588453e-03  -3.7869424e-02   2.5113744e-04   1.3307377e-03   5.1972176e-04
   6.7445068e-03  -2.5794187e-02  -9.3055004e-03  -6.3453598e-04   1.2185097e-03   5.1287968e-04
   9.0834365e-03  -2.7939468e-02  -5.5595804e-02  -3.5466140e-04   7.2750883e-04   1.9124986e-04
  -1.4722354e-03  -1.3853806e-02  -8.7320810e-02  -5.2428167e-04   1.4533141e-03   3.0694062e-04
   6.9374481e-04  -6.1030356e-02  -5.7819638e-02  -1.5089686e-03   9.2525321e-04   2.7465429e-04
  -1.8893536e-02  -2.7558165e-02  -1.0714617e-01  -1.3838641e-03   1.5659499e-03   1.6995615e-04
  -1.8237930e-02  -3.0905644e-02  -1.5039774e-01  -4.4115524e-04   1.0648738e-03  -6.7626441e-05
  -1.7493671e-02  -4.3312658e-02  -1.0487878e-01  -1.3180196e-03   1.2071917e-03  -1.9587774e-05
  -1.6497574e-02  -4.8905958e-02  -1.2600737e-01  -1.6901134e-03   7.8766662e-04   6.8818554e-05
  -3.1784130e-02  -4.3938036e-02  -1.5665827e-01  -1.7160693e-03   1.6930208e-03  -1.2382535e-04
  -1.8820167e-02  -7.2662490e-02  -1.1447342e-01  -3.4225370e-03   1.3368764e-03  -3.0339898e-05
  -3.0405289e-02  -4.3183515e-02  -1.6189612e-01  -2.6561208e-03   1.6425181e-03  -1.7617394e-04
  -3.7195117e-02  -6.4448653e-02  -1.5820509e-01  -2.9022310e-03   1.5360911e-03  -1.5286410e-04
  -3.9621142e-02  -7.4075841e-02  -1.1405837e-01  -4.7359050e-03   1.5665801e-03  -4.2432896e-04
  -4.8984928e-02  -2.4985728e-02  -1.6537304e-01  -3.9547872e-03   1.8403930e-03  -3.6036657e-04
  -4.6228493e-02  -4.8460128e-02  -1.7776836e-01  -3.8906397e-03   2.0984537e-03  -5.4891666e-04
  -2.9498186e-02  -5.5395352e-02  -1.7645981e-01  -4.0515314e-03   1.5039078e-03  -3.1405456e-04
  -4.2968244e-02  -2.2072856e-02  -1.7670595e-01  -4.5078803e-03   1.8930815e-03  -3.5380297e-04
  -4.0535736e-02  -5.8364193e-02  -2.0353416e-01  -2.2719420e-03   1.6726924e-03  -6.3050061e-04
  -4.6592073e-02  -3.7190816e-02  -1.5039500e-01  -3.5962254e-03   2.0393659e-03  -3.2578968e-04
  -4.1769098e-02  -6.5665786e-03  -2.1155312e-01  -2.7349901e-03   2.3066030e-03  -3.3109998e-04
  -3.7664707e-02  -2.3180794e-02  -1.5423587e-01  -4.0731236e-03   2.4874119e-03  -3.5643380e-04
  -3.2476286e-02   1.7384344e-03  -1.7018626e-01  -3.6866067e-03   2.8249134e-03  -3.8437832e-04
  -2.9471306e-02  -1.6905386e-02  -1.7895418e-01  -3.7804532e-03   2.5168679e-03  -5.8980446e-04
  -1.8294222e-02  -3.4533430e-02  -1.2599166e-01  -3.7532315e-03   2.8752756e-03  -2.5086040e-04
  -2.0884594e-03   2.4288584e-02  -1.8426596e-01  -3.2837154e-03   3.2264296e-03  -1.8518644e-04
   1.3027444e-02  -5.0578648e-02  -1.7833547e-01  -2.1607926e-03   2.7511128e-03   4.2974641e-05
  -6.1998657e-04  -1.5626479e-02  -1.6956583e-01  -2.0962680e-03   3.3859277e-03  -6.5385966e-05
   9.0962920e-03  -3.9680460e-02  -1.7526639e-01  -1.7884802e-03   3.2096022e-03   2.2516658e-04
   7.7796098e-03  -4.0036639e-02  -1.4324347e-01  -2.2811274e-03   3.5736132e-03   2.2104374e-04
   2.5718184e-02  -2.7750348e-02  -1.7386358e-01  -3.3786180e-03   3.2464918e-03   4.1132768e-04
   2.2738710e-02  -6.9552135e-02  -1.7162975e-01  -2.6899245e-03   3.5243662e-03   2.6094457e-04
   3.1524651e-02  -7.1946978e-02  -1.4113770e-01  -3.9803023e-03   3.1767129e-03   4.1646453e-04
   1.7403413e-02  -4.3705353e-02  -2.1307861e-01  -2.7447483e-03   3.3849100e-03   1.6501543e-04
   3.1450569e-02  -5.6162079e-02  -2.0323665e-01  -3.5026377e-03   2.9237239e-03   4.2654361e-04
   1.7636216e-02  -6.7071987e-02  -1.8121198e-01  -3.9129588e-03   3.5988759e-03   2.2369042e-04
   2.3636100e-02  -8.1532212e-02  -1.6818632e-01  -4.7129220e-03   3.0687492e-03   1.9196240e-04
   4.5214419e-02  -8.5807623e-02  -1.2145942e-01  -4.6409001e-03   3.5487634e-03   6.1680748e-04
   6.7228444e-03  -6.0391583e-02  -1.5131396e-01  -2.3474015e-03   3.1357557e-03  -1.7544034e-04
   5.6474612e-03  -8.4324974e-02  -4.6221337e-02  -4.6848497e-03   2.9716553e-03  -4.4401002e-04
  -3.5950869e-03  -5.0526507e-02  -1.1560876e-01  -3.5038817e-03   3.6017360e-03  -3.0279727e-04
  -7.3225984e-03  -1.0795056e-01  -7.7190522e-02  -3.1153479e-03   3.9858508e-03  -4.1187089e-04
   1.1423162e-02  -1.0145534e-01  -8.5069812e-02  -3.2596927e-03   3.7950554e-03  -2.2383577e-04
   6.7361565e-03  -5.8577110e-02  -1.2732468e-01  -3.0271396e-03   4.5607239e-03  -4.1653050e-04
   3.2595371e-02  -7.3723276e-02  -1.5241420e-01  -3.7240270e-03   4.1397903e-03  -1.7054727e-04
   2.9263672e-02  -8.0508674e-02  -1.2993430e-01  -4.4352672e-03   4.1666903e-03  -3.0910857e-04
   2.6714104e-02  -6.3870863e-02  -1.4140059e-01  -6.3126402e-03   4.2239652e-03  -2.6319607e-04
   2.5919256e-02  -1.0444840e-01  -1.3399866e-01  -5.3101062e-03   4.6335851e-03  -2.5666614e-05
   2.5924286e-02  -8.5123614e-02  -1.5956120e-01  -5.2494630e-03   4.2033924e-03  -2.6194091e-04
   2.4754636e-02  -1.0748393e-01  -1.7780247e-01  -5.1971903e-03   4.2362021e-03  -1.8268284e-04
   4.3788758e-02  -1.6650315e-01  -1.2521546e-01  -5.5966302e-03   4.1303877e-03  -4.8391551e-05
   4.8112782e-02  -1.4898101e-01  -9.5649441e-02  -6.1095718e-03   3.6055094e-03  -1.4092496e-04
   3.5230877e-02  -1.2776185e-01  -7.8722813e-02  -6.4791737e-03   4.5632025e-03   7.4843898e-05
   3.4153788e-02  -1.3640329e-01  -8.0210603e-02  -6.1621515e-03   4.4215733e-03  -3.9014459e-04
   3.9091997e-02  -6.3653511e-02  -1.2367518e-01  -5.2795075e-03   4.8709080e-03  -2.0028045e-04
   3.2408792e-02  -1.1101758e-01  -9.4039288e-02  -4.9002279e-03   4.8161334e-03  -1.1899562e-04
   2.6549140e-02  -6.3334395e-02  -1.2190917e-01  -5.2660673e-03   4.6322947e-03  -1.5754035e-04
   3.3785195e-02  -1.0350009e-01  -1.0103057e-01  -5.9611177e-03   4.8066609e-03  -7.3675796e-05
   4.9291853e-02  -1.3167420e-01  -1.0798064e-01  -5.6744178e-03   4.5910362e-03   4.9664130e-05
   4.0505008e-02  -1.1134148e-01  -1.2126876e-01  -5.8057734e-03   4.8896472e-03  -4.1456289e-05
   5.2646502e-02  -1.4705478e-01  -1.0689183e-01  -6.0635848e-03   4.4901122e-03   4.3071365e-05
   2.8860543e-02  -7.9770059e-02  -9.9465723e-02  -6.9515056e-03   4.8928315e-03  -2.2296235e-04
   3.8928348e-02  -1.2757802e-01  -7.6737912e-02  -6.4797862e-03   4.9924389e-03  -1.8837586e-04
   2.5742050e-02  -1.1361630e-01  -7.7819775e-02  -5.4921353e-03   5.3678473e-03  -2.9672086e-04
   3.0078782e-02  -1.1855061e-01  -8.0455109e-02  -5.3835748e-03   5.1768018e-03  -4.1286038e-04
   1.3085416e-02  -1.1749160e-01  -5.5309846e-02  -5.5511869e-03   5.3283079e-03  -7.8134728e-04
  -2.4529691e-03  -8.7758071e-02  -6.3787483e-02  -6.3040977e-03   5.1322984e-03  -9.5859114e-04
  -1.7256946e-02  -1.1232853e-01  -9.7818079e-02  -4.4688375e-03   5.3701297e-03  -1.0038636e-03
  -1.6546454e-02  -1.0050079e-01  -9.1842743e-02  -5.6701127e-03   4.8224517e-03  -9.5155612e-04
  -3.3677030e-02  -9.6857185e-02  -1.5673211e-01  -4.9627422e-03   5.5738462e-03  -7.5300900e-04
  -4.6045660e-02  -9.9538323e-02  -1.3368723e-01  -6.1117849e-03   5.3929343e-03  -1.2044469e-03
  -4.3008900e-02  -1.0269007e-01  -1.8979073e-01  -4.6730719e-03   5.3795457e-03  -1.0704886e-03
  -3.8249512e-02  -1.6548944e-01  -1.5689850e-01  -4.4800801e-03   5.4129608e-03  -1.0598463e-03
  -2.7740947e-02  -1.6644308e-01  -1.2200954e-01  -5.8562912e-03   4.7511794e-03  -1.1222644e-03
  -2.7626259e-02  -1.4053067e-01  -1.8031548e-01  -4.8934866e-03   5.1015129e-03  -9.7163533e-04
  -2.9330503e-02  -1.7434025e-01  -1.4549266e-01  -5.2220205e-03   5.7826771e-03  -9.9117831e-04
  -3.7618330e-02  -1.5111320e-01  -1.4017986e-01  -6.3273355e-03   5.4199077e-03  -1.1250255e-03
  -3.8076134e-02  -1.5080881e-01  -1.7979879e-01  -4.9734247e-03   5.7041299e-03  -1.1336050e-03
  -3.2279516e-02  -1.7379020e-01  -1.4458577e-01  -5.5822346e-03   5.5859046e-03  -1.0235612e-03
  -4.2163018e-02  -1.2980655e-01  -2.0720551e-01  -5.0126997e-03   5.9659350e-03  -1.2575396e-03
  -3.2149197e-02  -1.3515137e-01  -2.0392159e-01  -6.4748675e-03   5.3476657e-03  -1.2653826e-03
  -3.5862934e-02  -1.3289083e-01  -2.3470249e-01  -4.4753693e-03   5.8145352e-03  -1.1438039e-03
  -3.8557489e-02  -1.1817175e-01  -2.4005931e-01  -5.1487450e-03   5.9407368e-03  -1.1227359e-03
  -2.8838195e-02  -1.5114699e-01  -2.4210980e-01  -4.6928157e-03   5.7581093e-03  -1.1575106e-03
  -4.2224176e-02  -1.0030596e-01  -2.7787205e-01  -4.1398092e-03   5.3591542e-03  -1.4430223e-03
  -5.7095893e-02  -1.2020564e-01  -2.2964095e-01  -5.3367552e-03   5.3011522e-03  -1.9922018e-03
  -6.1559541e-02  -1.3076701e-01  -2.1441421e-01  -4.8723420e-03   5.6388721e-03  -1.6970996e-03
  -5.9481185e-02  -1.6486833e-01  -2.1694774e-01  -4.5042108e-03   5.3956294e-03  -1.8730454e-03
  -4.2127517e-02  -1.5944286e-01  -2.1075767e-01  -4.3803215e-03   5.2736065e-03  -1.5573928e-03
  -4.3534076e-02  -1.1976392e-01  -2.5185187e-01  -4.5869513e-03   5.6840226e-03  -1.5214818e-03
  -3.9596184e-02  -1.7573221e-01  -1.9215729e-01  -4.7884950e-03   6.0196733e-03  -1.5388057e-03
  -4.4761000e-02  -1.3352604e-01  -2.3912265e-01  -4.5645790e-03   5.8916780e-03  -1.4260938e-03
  -3.1849285e-02  -1.7288644e-01  -2.0071063e-01  -4.8550401e-03   6.3470279e-03  -1.2246038e-03
  -2.5107284e-02  -1.4710976e-01  -1.8764885e-01  -4.4034154e-03   7.0843486e-03  -1.1578114e-03
  -1.9311287e-02  -1.5460573e-01  -2.2376032e-01  -2.7817784e-03   8.2611736e-03  -1.0138654e-03
  -1.5247332e-02  -1.6577225e-01  -1.2835903e-01  -4.0333863e-03   8.4168809e-03  -1.3804745e-03
  -8.5870786e-03  -1.6009348e-01  -1.6926384e-01  -3.4768147e-03   8.0362404e-03  -1.1184160e-03
  -2.7477108e-03  -1.6550330e-01  -9.2041680e-02  -4.8745635e-03   8.5822815e-03  -1.1403689e-03
  -1.0444439e-02  -1.2925784e-01  -1.2505663e-01  -5.6920775e-03   8.4538088e-03  -1.4540350e-03
  -7.9586697e-03  -2.0078962e-01  -1.1681608e-01  -3.7654951e-03   8.5200579e-03  -1.1185029e-03
  -1.6532483e-02  -1.5333442e-01  -1.5369401e-01  -3.7328954e-03   8.5974241e-03  -1.3137919e-03
  -7.2255310e-03  -1.6000949e-01  -1.4297602e-01  -4.8564372e-03   8.7371007e-03  -1.1931506e-03
   3.0004097e-03  -1.6566656e-01  -1.6822224e-01  -4.4864032e-03   8.1049039e-03  -1.1673730e-03
  -1.5197962e-02  -1.0583700e-01  -2.0652076e-01  -5.7057026e-03   8.8972563e-03  -1.4247391e-03
   5.3551371e-03  -1.8151564e-01  -1.7013327e-01  -5.4981193e-03   8.6149098e-03  -1.4057635e-03
   2.8932674e-03  -1.5775535e-01  -1.8415835e-01  -5.6586995e-03   8.7806534e-03  -1.3040714e-03
   1.2811088e-02  -2.1683952e-01  -1.5368025e-01  -5.5631584e-03   8.7810727e-03  -1.1141139e-03
   1.1707327e-02  -2.0276588e-01  -1.5636617e-01  -5.5428112e-03   8.6362008e-03  -1.4840203e-03
   3.8727397e-03  -1.8301809e-01  -1.9731124e-01  -5.4557300e-03   8.6898307e-03  -1.4602132e-03
  -1.3780178e-03  -2.3332043e-01  -1.3393958e-01  -6.5841201e-03   8.8576581e-03  -1.4324539e-03
  -4.2051356e-03  -2.3486422e-01  -1.5266410e-01  -6.2382545e-03   8.9783005e-03  -1.8844991e-03
  -3.3484915e-04  -2.1569574e-01  -2.0030294e-01  -5.6485921e-03   9.6003214e-03  -1.7422159e-03
  -1.9958535e-03  -2.5034657e-01  -1.2880665e-01  -6.1024550e-03   9.7585835e-03  -1.9791603e-03
