   0.0000000e+00   0.0000000e+00   0.0000000e+00   0.0000000e+00   0.0000000e+00   0.0000000e+00
  -1.1998056e-02  -3.8544885e-02  -1.7453559e-03  -7.5214531e-04   1.6977756e-04  -2.8543991e-04
  -1.8575866e-02  -5.2518021e-02   1.2423913e-01   1.9547145e-04   1.7655499e-04  -4.8584626e-04
  -2.7330620e-02  -9.3050400e-02   1.8044502e-01   7.5840948e-04   1.5589168e-04  -7.5088793e-04
  -5.8385888e-02  -1.1370159e-01   3.3085631e-01   1.0651150e-03   1.2261140e-03  -1.3282155e-03
  -5.2676371e-02  -1.0634661e-01   3.3097826e-01   9.2939816e-04   7.7498047e-04  -1.3661700e-03
  -6.7884888e-02  -1.2528955e-01   3.5112522e-01   6.3002785e-04   6.4745423e-04  -1.6345878e-03
  -9.5521786e-02  -1.2710376e-01   4.1853825e-01   1.7080893e-03   6.1002577e-04  -1.8566605e-03
  -8.1149279e-02  -1.3433953e-01   4.0392339e-01   7.1628365e-04   5.0197697e-04  -1.9373940e-03
  -9.9048188e-02  -1.2533211e-01   4.1362327e-01   9.5699391e-04   2.3225624e-04  -2.3182313e-03
  -1.1393086e-01  -1.3657931e-01   3.7517743e-01   6.5347083e-04   1.3523295e-04  -2.4234091e-03
  -1.2853646e-01  -1.5559931e-01   4.1474443e-01   1.1188878e-03  -8.7169346e-05  -2.9333910e-03
  -1.5915343e-01  -1.9730128e-01   3.9762137e-01   1.9398024e-03  -1.9380205e-04  -3.5732757e-03
  -1.6674693e-01  -2.1483122e-01   4.3651644e-01   2.6710393e-03  -2.6778179e-04  -3.8422710e-03
  -1.5472362e-01  -2.0870073e-01   4.4404655e-01   3.6778260e-03  -6.4803954e-04  -3.5355300e-03
  -1.6137890e-01  -1.9165122e-01   4.1453961e-01   2.7408757e-03  -4.7458851e-04  -3.9155871e-03
  -1.6387962e-01  -2.0272690e-01   4.2924113e-01   3.5761450e-03  -5.8550853e-04  -3.9868531e-03
  -1.6640464e-01  -2.1138630e-01   4.1978925e-01   2.5511223e-03  -3.5942671e-04  -4.1998990e-03
  -1.5579839e-01  -2.3216995e-01   4.5267600e-01   3.7832141e-03  -7.2607247e-04  -4.1152386e-03
  -1.7284564e-01  -2.1702212e-01   4.2879153e-01   2.7943504e-03  -3.2674299e-04  -4.4463401e-03
  -1.6455438e-01  -2.2830621e-01   4.6155308e-01   3.6126865e-03  -5.7328946e-04  -4.5828473e-03
  -1.6604455e-01  -2.4322211e-01   4.4868780e-01   4.2713847e-03  -8.9069779e-04  -4.6772397e-03
  -1.8544423e-01  -2.5756109e-01   4.8167749e-01   3.4918564e-03  -5.8547818e-04  -5.1251513e-03
  -1.9753899e-01  -2.5353080e-01   4.8871249e-01   4.3331085e-03  -7.4476424e-04  -5.1094286e-03
  -2.0447595e-01  -2.7277375e-01   4.7797684e-01   4.4541750e-03  -6.0335762e-04  -5.0932886e-03
  -2.0072726e-01  -2.8802848e-01   5.5831958e-01   5.1452687e-03  -8.5959512e-04  -5.3436570e-03
  -2.1275028e-01  -3.3612608e-01   6.1352307e-01   5.9455487e-03  -3.8725661e-04  -5.6102427e-03
  -2.2731902e-01  -3.7608226e-01   7.5174804e-01   7.5642647e-03  -3.9180636e-04  -6.1057060e-03
  -2.1381004e-01  -3.9614336e-01   8.3202895e-01   8.6542107e-03  -1.9708172e-04  -6.4447761e-03
  -1.8609127e-01  -4.6957438e-01   9.2059719e-01   1.0802811e-02  -1.4986189e-04  -6.4354835e-03
  -1.6983655e-01  -4.6436913e-01   9.2191993e-01   1.1795700e-02  -2.0313895e-04  -6.2756991e-03
  -1.8257674e-01  -4.6941167e-01   9.2588473e-01   1.1876773e-02   1.2946458e-05  -6.1079557e-03
  -2.0417185e-01  -4.6822733e-01   9.0533325e-01   1.2107966e-02   4.0347071e-04  -6.3170388e-03
  -2.0725554e-01  -4.9621454e-01   9.4290662e-01   1.2860080e-02   6.6939339e-04  -6.5214647e-03
  -2.1093166e-01  -5.0737684e-01   9.7089477e-01   1.2597440e-02   1.2337213e-03  -6.5464005e-03
  -1.8290786e-01  -4.9640584e-01   9.9835533e-01   1.3863332e-02   1.1784042e-03  -6.7020824e-03
  -1.3053799e-01  -5.5453501e-01   1.2036379e+00   1.5595144e-02   1.1863578e-03  -5.7197572e-03
  -1.2377290e-01  -5.7909884e-01   1.3301942e+00   1.6125000e-02   1.3008311e-03  -5.5270791e-03
  -1.3033541e-01  -6.1644201e-01   1.3272610e+00   1.6724710e-02   8.4953564e-04  -5.1936346e-03
  -1.5287073e-01  -6.3290513e-01   1.3055057e+00   1.5777175e-02   8.4524055e-04  -5.7589364e-03
  -1.6638771e-01  -6.0004693e-01   1.2267407e+00   1.6643626e-02   4.6497866e-04  -6.0504637e-03
  -1.6104773e-01  -6.1254235e-01   1.2187984e+00   1.6152140e-02   5.8415119e-04  -6.1110888e-03
  -1.6860728e-01  -6.2345206e-01   1.2310412e+00   1.6792242e-02   4.9532638e-04  -6.2276652e-03
  -1.6014589e-01  -6.4054904e-01   1.2213151e+00   1.7196521e-02   6.1262849e-04  -5.8865181e-03
  -1.5985951e-01  -6.5588340e-01   1.2918616e+00   1.7417687e-02   7.6465705e-04  -5.9191078e-03
  -1.6353633e-01  -6.4867800e-01   1.2788504e+00   1.7571925e-02   7.5386354e-04  -5.8067186e-03
  -1.7604515e-01  -6.4592195e-01   1.3167941e+00   1.7715067e-02   9.8581457e-04  -5.9765956e-03
  -1.7848638e-01  -6.3813699e-01   1.3182625e+00   1.8406931e-02   9.0380028e-04  -5.6768980e-03
  -1.6161453e-01  -6.5333851e-01   1.3490657e+00   1.8955680e-02   9.4943692e-04  -5.5755704e-03
  -1.6969649e-01  -6.4742879e-01   1.3778194e+00   1.8865095e-02   9.5244507e-04  -5.5139420e-03
  -1.9177384e-01  -6.5337180e-01   1.3692228e+00   1.8339208e-02   1.2265950e-03  -6.0243694e-03
  -1.7515227e-01  -6.8540559e-01   1.3024556e+00   1.8787307e-02   9.5956241e-04  -5.9965938e-03
  -1.9753353e-01  -6.9852886e-01   1.3276292e+00   1.8080662e-02   1.0973643e-03  -6.3509798e-03
  -1.8488844e-01  -6.9637788e-01   1.3036092e+00   1.9066802e-02   8.0754649e-04  -6.0555983e-03
  -1.9605152e-01  -7.2476079e-01   1.3117455e+00   1.8615656e-02   9.0433037e-04  -6.2888378e-03
  -2.0413458e-01  -6.9971766e-01   1.3667676e+00   1.9041541e-02   1.0998948e-03  -6.3168878e-03
  -1.7873687e-01  -6.7826425e-01   1.3433611e+00   1.8674993e-02   1.1703755e-03  -5.9737720e-03
  -1.8529726e-01  -6.9439952e-01   1.3760494e+00   1.8555593e-02   1.1871956e-03  -6.0867167e-03
  -1.8201044e-01  -6.9932415e-01   1.4067727e+00   1.8585501e-02   1.3009203e-03  -6.2501552e-03
  -1.6848197e-01  -7.1215094e-01   1.4039713e+00   1.8976489e-02   1.0493578e-03  -6.1242007e-03
  -1.2566773e-01  -7.3514343e-01   1.3224104e+00   2.0991528e-02   2.5349088e-04  -5.7173863e-03
  -1.8207223e-01  -7.1992737e-01   1.4252315e+00   1.9053879e-02   1.1418119e-03  -6.5109367e-03
  -1.6097523e-01  -7.3315947e-01   1.3335991e+00   2.0256084e-02   3.7995472e-04  -6.1394522e-03
  -1.7024037e-01  -7.5042233e-01   1.3380879e+00   1.9557240e-02   4.8944395e-04  -6.4750906e-03
  -1.6921671e-01  -7.7242960e-01   1.3582773e+00   2.0081396e-02   5.6813754e-04  -6.4365896e-03
  -1.2982818e-01  -7.4775822e-01   1.3380112e+00   2.0144688e-02   9.0857499e-04  -6.2255281e-03
  -1.3234358e-01  -7.1511061e-01   1.5022265e+00   1.6703269e-02   2.1401846e-03  -6.3746398e-03
  -1.5756590e-01  -6.8578559e-01   1.4916405e+00   1.5582356e-02   2.2492066e-03  -7.0501811e-03
  -1.2336547e-01  -7.0659365e-01   1.5496106e+00   1.6262020e-02   2.3345487e-03  -6.3078542e-03
  -1.3968404e-01  -7.2000420e-01   1.5910736e+00   1.6572802e-02   2.3415855e-03  -6.0960684e-03
  -1.2447629e-01  -7.3368000e-01   1.4964046e+00   1.8850557e-02   1.1276270e-03  -5.5166565e-03
  -1.3997794e-01  -7.3981209e-01   1.5345368e+00   1.8534639e-02   1.7550481e-03  -5.5931763e-03
  -9.4101924e-02  -7.3435032e-01   1.5599971e+00   1.8474408e-02   2.0100627e-03  -5.1701127e-03
  -5.4116033e-02  -7.2733410e-01   1.6232234e+00   1.6268711e-02   2.0473279e-03  -5.2150834e-03
  -1.0931181e-01  -7.4620864e-01   1.7824904e+00   1.4706821e-02   3.1293230e-03  -5.5911236e-03
  -9.9845159e-02  -7.4891983e-01   1.7753277e+00   1.4893490e-02   3.3928923e-03  -5.4711707e-03
  -1.6301352e-01  -7.7028340e-01   1.8078827e+00   1.4888768e-02   4.0127327e-03  -5.7021824e-03
  -1.8241982e-01  -7.6323097e-01   1.8529203e+00   1.4657991e-02   4.6627840e-03  -5.7785420e-03
  -9.6406857e-02  -7.3833720e-01   1.7732537e+00   1.5101360e-02   4.9142110e-03  -4.8019701e-03
  -1.3098955e-01  -7.4256641e-01   1.9149049e+00   1.2999765e-02   5.7006070e-03  -5.2571549e-03
  -9.1066987e-02  -7.1943470e-01   1.8314656e+00   1.3031152e-02   5.2646130e-03  -5.2997641e-03
  -1.1152814e-01  -7.9839777e-01   1.7710246e+00   1.4493542e-02   4.5851861e-03  -5.5383984e-03
  -1.3976147e-01  -7.9406522e-01   1.7577796e+00   1.5271036e-02   4.5181586e-03  -5.7235134e-03
  -1.3237774e-01  -8.1000924e-01   1.7001851e+00   1.6206879e-02   4.3365933e-03  -5.6523454e-03
  -1.4233480e-01  -8.4279757e-01   1.7401732e+00   1.5924877e-02   4.4155419e-03  -5.9956778e-03
  -1.1444313e-01  -8.7778691e-01   1.7521343e+00   1.7208743e-02   3.8205263e-03  -5.8454740e-03
  -1.2264711e-01  -9.0617150e-01   1.7436435e+00   1.7480458e-02   4.1543896e-03  -5.6664406e-03
  -9.4471654e-02  -8.9087576e-01   1.8180615e+00   1.7394075e-02   4.1785447e-03  -5.3397362e-03
  -6.1134815e-02  -8.6675514e-01   1.8149604e+00   1.6644881e-02   4.3643228e-03  -5.0918750e-03
  -6.1910485e-02  -8.6657235e-01   1.8847872e+00   1.5904180e-02   4.3445187e-03  -5.0758471e-03
  -8.6745856e-02  -8.8087711e-01   1.8700363e+00   1.6098736e-02   4.4434229e-03  -5.2887092e-03
  -6.3341977e-02  -8.4436566e-01   1.8643342e+00   1.5355695e-02   4.9524651e-03  -4.6323319e-03
  -9.4026688e-02  -8.1880352e-01   1.9139783e+00   1.4059928e-02   5.7690564e-03  -5.0964018e-03
  -1.1466235e-01  -8.2671530e-01   1.8914137e+00   1.4424775e-02   5.7038497e-03  -4.9869177e-03
  -7.1635059e-02  -8.0462514e-01   1.8683737e+00   1.3784109e-02   5.5537467e-03  -4.8217147e-03
  -1.1657035e-01  -8.0381537e-01   1.9379392e+00   1.2768606e-02   5.8912455e-03  -5.3582157e-03
  -1.0332533e-01  -8.4219529e-01   1.8217969e+00   1.4835748e-02   5.2575150e-03  -5.0677059e-03
  -1.3897544e-01  -8.4907348e-01   1.8585408e+00   1.4227935e-02   5.7345345e-03  -5.6121206e-03
  -5.3033354e-02  -8.3600377e-01   1.8427376e+00   1.4386462e-02   5.3488173e-03  -5.0287613e-03
  -7.7426316e-02  -8.3231103e-01   1.8953749e+00   1.3180233e-02   5.9089587e-03  -5.3051823e-03
  -9.5265425e-02  -8.5500456e-01   1.9830829e+00   1.2583328e-02   6.1418711e-03  -5.4611991e-03
  -2.6094810e-02  -8.5922497e-01   1.9398927e+00   1.2962449e-02   6.1009070e-03  -4.8605226e-03
  -9.8084289e-02  -8.6213007e-01   2.0259214e+00   1.1756505e-02   6.9104630e-03  -5.2465725e-03
  -5.4524050e-02  -8.5523242e-01   1.9614538e+00   1.1842576e-02   6.6478086e-03  -4.8726568e-03
  -6.7166677e-02  -8.4856478e-01   1.9566085e+00   1.1819612e-02   6.7320179e-03  -4.8774221e-03
  -5.5311031e-02  -8.1826532e-01   2.0645280e+00   9.9796131e-03   7.0058631e-03  -4.4881136e-03
  -5.7289263e-02  -8.1001006e-01   1.9969572e+00   1.1052032e-02   7.4508924e-03  -4.1254951e-03
  -5.0531707e-02  -8.1844225e-01   2.0058364e+00   1.1152190e-02   7.9836669e-03  -4.0788452e-03
  -5.5044829e-02  -8.3623134e-01   2.0498006e+00   1.1068042e-02   7.0884954e-03  -4.7912816e-03
  -8.0419853e-02  -8.4678537e-01   2.0504334e+00   1.1081507e-02   7.4397675e-03  -4.8228228e-03
  -4.7961268e-02  -8.6989096e-01   2.0906109e+00   1.0825958e-02   7.3945354e-03  -4.8129885e-03
  -8.8742322e-02  -8.9044238e-01   2.1066568e+00   1.1010491e-02   7.6425426e-03  -4.8778743e-03
  -8.9305622e-02  -9.1241703e-01   2.0782092e+00   1.0390835e-02   7.7252102e-03  -5.0389192e-03
  -6.3415153e-02  -8.8217235e-01   2.0224311e+00   1.1456341e-02   7.4674537e-03  -4.8856268e-03
  -4.4515159e-02  -9.0192606e-01   1.9913948e+00   1.1681476e-02   7.5044946e-03  -4.5793931e-03
  -6.7949298e-02  -9.2440759e-01   2.1003531e+00   1.1127249e-02   8.0973435e-03  -4.6408106e-03
  -3.0332419e-02  -9.8570204e-01   1.9503583e+00   1.3635262e-02   7.3633704e-03  -4.4145718e-03
  -4.6856481e-03  -9.6078228e-01   1.9643557e+00   1.3863252e-02   7.4186757e-03  -4.2751184e-03
  -8.6487681e-02  -9.8186453e-01   1.9516903e+00   1.4670135e-02   8.6742806e-03  -5.0294821e-03
  -1.4097848e-01  -1.0119210e+00   1.9780840e+00   1.4166143e-02   9.5737014e-03  -5.1935967e-03
