   0.0000000e+00   0.0000000e+00   0.0000000e+00   0.0000000e+00   4.3368087e-19  -1.0842022e-19
  -2.2250999e-02   2.4865154e-01   6.6690436e-02  -3.3494414e-03  -2.3660972e-04  -3.3894088e-04
  -3.4159086e-02   2.1819509e-01   1.2610347e-01  -4.0945581e-03   5.8361192e-05  -4.9716253e-04
  -3.3956112e-02   2.2744627e-01   6.8594984e-02  -4.5733009e-03  -1.4597241e-04  -1.0390218e-03
  -2.9052621e-02   2.7789846e-01   1.1063271e-01  -5.1527282e-03  -2.2219028e-04  -9.1213697e-04
  -1.8202220e-02   1.6899576e-01   2.1026005e-01  -3.9456004e-03   1.9825282e-04  -7.0447167e-04
  -1.2010768e-02   1.9013448e-01   1.5426851e-01  -4.7289154e-03  -1.6887538e-04  -6.9438786e-04
  -2.2552481e-02   1.5144538e-01   1.5083685e-01  -4.1929465e-03   8.1537411e-05  -7.9535685e-04
  -1.9230956e-02   2.2952882e-01   1.2062000e-01  -4.6822475e-03   1.3655590e-04  -6.0249052e-04
  -1.9482712e-02   1.9794951e-01   8.5917407e-02  -4.5813987e-03   2.2102470e-04  -3.8458045e-04
  -1.9100629e-02   1.9587369e-01   1.1183587e-01  -4.4286373e-03   5.1355350e-04  -3.9074830e-04
  -1.6325716e-02   1.8852695e-01   9.6316123e-02  -4.2899112e-03   4.0343770e-04  -1.3480468e-04
  -1.6390598e-02   1.8852697e-01   1.3718107e-01  -4.5328146e-03   3.8705765e-04  -3.9252413e-05
  -2.8451765e-02   1.9871652e-01   1.2944917e-01  -4.6652467e-03   5.5673479e-04   2.0548301e-05
  -2.5580980e-02   1.4080594e-01   1.2845978e-01  -4.3619513e-03   4.3861748e-04  -1.0610489e-04
  -2.8441476e-02   1.4120533e-01   1.5042063e-01  -4.5397705e-03   5.4797032e-04   1.4226749e-06
  -2.9620493e-02   1.4149154e-01   1.1090299e-01  -4.5497773e-03   4.1103153e-04   6.7951286e-05
  -4.0211937e-02   2.1880848e-01   1.7244881e-01  -5.0626447e-03   6.9792563e-04   1.8826387e-05
  -3.2774086e-02   1.3271837e-01   1.7007235e-01  -4.8067984e-03   5.7406548e-04  -5.4269140e-05
  -3.0636426e-02   1.7987883e-01   1.7914265e-01  -4.9882323e-03   3.9983333e-04  -1.1739416e-04
  -3.6019462e-02   1.9527245e-01   1.5014468e-01  -5.1056990e-03   6.1216431e-04  -1.3713976e-04
  -4.0266552e-02   2.0950857e-01   1.8804054e-01  -5.3841816e-03   5.5165171e-04  -2.7146302e-04
  -4.5748900e-02   3.2187976e-02   1.9379332e-01  -4.1624531e-03   6.0086366e-04  -3.4200576e-04
  -3.0719059e-02   1.8198764e-01   1.6229465e-01  -4.7908453e-03   4.1714127e-04  -2.5364895e-05
  -2.8602216e-02   1.3986628e-01   2.0525898e-01  -4.7631720e-03   3.8573358e-04  -3.6976246e-04
  -3.3798984e-02   2.0641694e-01   2.1409223e-01  -5.2979265e-03   5.5662042e-04  -3.7355512e-04
  -4.1086833e-02  -8.1074945e-02   2.3013401e-01  -2.7674676e-03   5.4701458e-04  -1.0142532e-04
  -3.7323245e-02   1.4169596e-01   1.3392490e-02  -5.0076144e-03   2.0397102e-04   2.7551944e-04
  -5.1860724e-02   2.4018310e-01   6.4754524e-02  -6.1856554e-03   2.1744240e-04   1.7374597e-06
  -3.5098381e-02   1.4107272e-01   1.9054550e-01  -4.6647894e-03   6.9968794e-04   8.8224443e-05
  -1.6320225e-03   1.8408571e-01   7.6384327e-02  -4.2254210e-03   1.3221884e-03   6.7596636e-04
  -2.2330904e-02   6.8486659e-02   1.4015504e-01  -4.3298834e-03   1.2772065e-03   3.9401539e-04
  -1.8694944e-02   1.4709583e-01   1.0501452e-01  -4.9823634e-03   7.1667893e-04   3.8281425e-04
  -2.6965207e-02   1.3584275e-01   1.7172463e-01  -5.1367956e-03   1.0506428e-03   6.0943639e-04
  -3.5607149e-02   7.3866657e-02   1.3682375e-01  -4.9216336e-03   7.5144959e-04   1.3102408e-04
  -4.7162503e-02   1.5331043e-01   1.9002851e-01  -4.8188123e-03   1.2736979e-03   2.6919256e-04
  -5.3123620e-02   1.7833301e-03   1.9457838e-01  -3.6907992e-03   1.2253683e-03   2.1932660e-04
  -5.8950333e-02   1.6719467e-01   1.2505729e-01  -5.1447217e-03   1.0883040e-03   2.8009524e-04
  -6.3530824e-02   6.5578331e-02   2.1371502e-01  -4.0514806e-03   1.8753732e-03   3.7915747e-04
  -6.5866596e-02   6.8478627e-02   1.8276757e-01  -3.5901676e-03   1.7380470e-03   4.2420864e-04
  -7.0014715e-02   1.1270642e-01   2.2391531e-01  -3.9637845e-03   1.8505363e-03   3.2908223e-04
  -6.7796683e-02   1.0886913e-01   2.0068738e-01  -3.9730927e-03   1.6836307e-03   1.6653419e-04
  -6.5099589e-02   1.7874056e-02   2.5720855e-01  -3.6406970e-03   1.7170739e-03   6.4243132e-05
  -6.0268797e-02   4.8979662e-02   1.9291581e-01  -3.7635049e-03   1.4348306e-03  -1.7821228e-05
  -5.8312043e-02   8.8431056e-02   2.6458591e-01  -4.0153133e-03   1.7466312e-03   1.8765244e-04
  -5.6299954e-02   1.0357384e-01   2.4531434e-01  -4.0374326e-03   1.5659619e-03   3.0567601e-04
  -5.8218035e-02   9.2347384e-02   2.6436355e-01  -4.3768504e-03   1.6713904e-03   2.2571183e-04
  -5.2327914e-02   4.4295331e-02   2.7826801e-01  -4.2731062e-03   1.6351953e-03   2.0783197e-04
  -5.3382611e-02   4.9384727e-02   2.7109621e-01  -4.3431520e-03   1.7663193e-03   2.3641387e-04
  -4.6940494e-02  -3.9058296e-02   2.6511679e-01  -3.5949078e-03   1.8385418e-03   3.8200883e-04
  -4.8965595e-02   7.8638218e-02   1.4981191e-01  -3.1324649e-03   2.0369556e-03   4.9140332e-04
  -1.3197326e-02  -3.4240340e-02  -3.9408004e-01   2.8074922e-03   2.0178355e-03  -9.0358760e-04
  -4.9964127e-02   1.5763633e-03  -3.0315902e-02  -1.3455122e-03   2.5022533e-03  -5.4486739e-04
  -6.4370623e-02   1.3451793e-01   5.0822930e-03  -2.9870251e-03   2.4271761e-03  -6.1879627e-04
  -8.0763225e-02  -1.1090344e-01   2.7511098e-02  -2.9704258e-03   2.5807828e-03  -1.0686694e-03
  -7.9463957e-02   2.4510359e-02  -8.5585023e-02  -4.3360481e-03   2.3463961e-03  -5.3766657e-04
  -9.6192980e-02   1.5071150e-01  -5.0593742e-02  -5.7607934e-03   2.3266771e-03  -5.8968637e-04
  -1.0956750e-01   9.6718401e-02   4.1554428e-02  -6.1212954e-03   2.6153061e-03  -8.4798598e-04
  -9.9738667e-02   5.7969960e-02  -7.2610679e-03  -6.0083321e-03   2.3202850e-03  -1.0163786e-03
  -9.3539541e-02   1.1597454e-01   2.0038977e-02  -6.4876473e-03   2.2660147e-03  -8.0515182e-04
  -8.4784566e-02   5.4415829e-02   4.6112605e-02  -6.0648985e-03   2.2927334e-03  -2.0950854e-04
  -8.0290536e-02   4.5011858e-02   4.9235734e-02  -5.9134771e-03   2.2656565e-03  -6.3577809e-05
  -8.6075847e-02   5.5391693e-02   1.6826090e-02  -6.0607592e-03   2.1900486e-03   1.2100674e-04
  -9.3125350e-02   1.1648650e-02   5.4890281e-02  -5.8112499e-03   2.6209170e-03   8.5616534e-05
  -8.6933861e-02  -1.9540453e-02   1.1572778e-02  -5.0924040e-03   2.4535190e-03   2.6875172e-04
  -8.8067317e-02   8.3182003e-02   4.7957196e-02  -5.8435616e-03   2.6011493e-03   2.3592955e-04
  -8.7544019e-02   5.8421267e-02   3.9529766e-02  -5.7414488e-03   2.5570688e-03   2.9597715e-04
  -9.3755800e-02   6.5577236e-02   4.4701071e-02  -6.1177100e-03   2.5607822e-03   2.8707546e-04
  -9.6579314e-02   9.9713941e-02   2.4515524e-02  -6.2245060e-03   2.5855947e-03   3.7562291e-04
  -1.0168990e-01   6.6794107e-02   3.9317254e-02  -6.2062799e-03   2.6130502e-03   2.9501014e-04
  -1.0775997e-01   5.1946292e-02   6.8386721e-02  -6.3872151e-03   2.6595117e-03   1.8855244e-04
  -1.0240071e-01   5.7668059e-02   1.8647291e-02  -6.1783115e-03   2.4041697e-03   2.4220201e-04
  -1.0107365e-01   3.2100570e-02   6.5681373e-02  -6.3519615e-03   2.5174218e-03   1.9179516e-04
  -1.0655810e-01   8.1215377e-02   3.9529129e-02  -6.5614785e-03   2.6246462e-03   1.5885866e-04
  -9.6728813e-02   9.4528243e-02   1.8910976e-02  -5.9523906e-03   2.9477826e-03   3.9793552e-04
  -1.0667950e-01   4.2245741e-02   5.3575195e-02  -6.0214333e-03   2.9960402e-03   1.3112033e-04
  -1.0779452e-01   8.0851218e-02   3.6205424e-03  -6.0758753e-03   2.7487374e-03   1.8605249e-04
  -1.2592401e-01   1.5028686e-02   8.6501576e-02  -6.1903997e-03   3.1045512e-03   7.0832060e-05
  -1.1923072e-01   2.6429840e-04   1.4150834e-02  -6.0260153e-03   2.7833654e-03  -1.6496893e-04
  -1.2124074e-01   1.6786937e-03   8.8025467e-02  -6.2577089e-03   3.1572054e-03  -2.5385810e-04
  -9.7079092e-02  -3.3413091e-01   5.3256574e-02  -2.3319210e-03   2.6609885e-03  -2.8529603e-04
  -7.5641110e-02  -4.7787200e-02  -9.2076980e-02  -5.1572499e-03   2.2771801e-03   2.4867445e-04
  -9.5147959e-02   8.2334699e-02  -3.2594573e-02  -6.4909978e-03   2.2415520e-03   1.0528461e-04
  -1.1982832e-01   9.1019934e-02   1.1751922e-02  -6.9979669e-03   2.6079180e-03   7.2678949e-05
  -1.2887486e-01  -2.4455486e-02  -1.3951689e-04  -6.5131017e-03   2.5715414e-03  -3.1945113e-04
  -1.3162022e-01   9.5166287e-02  -1.8510073e-02  -7.3070778e-03   2.5137143e-03  -2.7605198e-04
  -1.1565017e-01  -1.3364529e-02   6.3454096e-02  -6.8512611e-03   2.6933822e-03   7.7351484e-05
  -1.1155323e-01   6.5923708e-03   4.7117731e-02  -6.9237954e-03   2.4790029e-03   1.4212808e-04
  -1.1200690e-01  -4.7926400e-02   4.6663335e-02  -6.4970572e-03   2.6026053e-03   2.2713293e-04
  -1.1135756e-01  -7.4667296e-02   3.4663690e-02  -5.9729257e-03   2.6249891e-03   2.6328967e-04
  -1.1374477e-01  -1.9503091e-02   3.5578836e-02  -6.9127995e-03   2.5454693e-03   2.3008569e-04
  -1.1147008e-01  -1.9168066e-02   1.7118667e-02  -7.3419839e-03   2.4875768e-03   1.6674535e-04
  -1.1345364e-01   5.1565951e-03   3.2845333e-02  -7.4289909e-03   2.6482932e-03   2.3371582e-04
  -1.1182048e-01   7.6038406e-03   1.8883419e-02  -7.4757634e-03   2.6108447e-03   3.5698761e-04
  -1.2073775e-01   1.9030563e-02   3.8470950e-02  -7.6900691e-03   2.5429433e-03   2.1757902e-04
  -1.2178379e-01   1.5242643e-03   5.0180077e-02  -7.6525692e-03   2.6928420e-03   2.4071867e-04
  -1.2039153e-01  -8.1811288e-03   6.0383832e-02  -7.5130891e-03   2.7665804e-03   3.5431943e-04
  -1.1293676e-01  -7.9187404e-02   4.1856462e-02  -6.7155460e-03   2.6237967e-03   3.4778916e-04
  -1.1559425e-01   2.5487369e-02   9.1010451e-02  -7.4803202e-03   2.6881021e-03   1.9324480e-04
  -1.1001053e-01  -6.0191880e-02   8.2202982e-02  -7.1743960e-03   2.6509214e-03   1.0031874e-04
  -1.1408814e-01  -1.6870065e-02   8.5494060e-02  -7.8491557e-03   2.9241612e-03   1.4905719e-04
  -1.1205558e-01   6.4810430e-04   4.1600429e-02  -7.9474589e-03   2.7616963e-03   2.4468701e-04
  -1.2089503e-01  -2.1162411e-02   4.8907321e-02  -7.7515015e-03   3.0937473e-03   2.4104005e-04
  -1.2422596e-01   1.8017327e-02   2.3060307e-02  -7.9071615e-03   3.1550779e-03   6.2595291e-05
  -1.0622989e-01  -1.6159181e-01  -1.8862176e-01  -7.3900381e-04   3.2131386e-03  -1.1961980e-03
  -4.5068855e-02  -2.7317852e-02  -1.5706948e-01  -5.6734399e-03   3.8507124e-03   6.5116273e-04
  -4.9658775e-02  -1.6221964e-01  -1.0603299e-01  -3.5068453e-03   3.9814492e-03   1.1934983e-03
  -6.1509719e-02   2.6168077e-02  -1.5115749e-01  -5.8776335e-03   3.7453040e-03   7.7901496e-04
  -7.4760915e-02  -6.6912157e-02  -2.9253722e-02  -6.3188940e-03   3.6282026e-03   5.2846840e-04
  -7.8429059e-02  -4.3802748e-02  -3.4582142e-02  -6.1589281e-03   3.4028825e-03   6.7066763e-04
  -7.9307180e-02  -6.9035300e-02   2.4198187e-02  -6.4717749e-03   3.7932164e-03   7.3177883e-04
  -8.2775119e-02  -1.3359463e-01  -1.4324466e-02  -5.9362746e-03   3.5247688e-03   7.3948111e-04
  -9.1614035e-02  -2.0385292e-02  -2.4311324e-02  -6.8156233e-03   3.5998066e-03   8.0583751e-04
  -9.0724016e-02  -1.7654972e-01   1.1580128e-02  -5.7821417e-03   3.7640945e-03   6.4999670e-04
  -8.6533147e-02  -1.0379106e-01  -2.2908097e-02  -6.5515862e-03   3.4683931e-03   7.6931408e-04
  -8.1994158e-02  -6.8275581e-02  -1.4416906e-02  -7.0105234e-03   3.4831337e-03   6.1668999e-04
  -9.8137218e-02  -6.2064256e-02   3.4879141e-02  -7.5764625e-03   3.8519824e-03   2.3780382e-04
  -9.9475382e-02  -9.4237354e-02  -4.5829389e-03  -7.7426782e-03   3.5441428e-03   2.0093513e-05
  -1.0915632e-01  -6.3495920e-02   3.5588924e-02  -8.2206310e-03   3.6855656e-03   6.9711706e-05
  -1.0226160e-01  -1.3572197e-01   2.8075543e-02  -7.9207308e-03   3.5344275e-03  -1.5985377e-04
