   0.0000000e+00  -1.4682089e-14   0.0000000e+00   0.0000000e+00   0.0000000e+00   1.2626765e-37
  -8.8994224e-03   1.2168085e-02   1.9514615e-02  -1.2982854e-03   4.0251576e-04  -2.2596306e-05
  -9.8065473e-03  -1.4929826e-02   2.8930889e-02  -1.3998200e-04   1.9672093e-04   1.6893922e-04
  -2.7472406e-02   8.6366992e-03  -2.6701082e-02   1.5045188e-03  -4.0618443e-05  -5.7137200e-04
  -1.8400653e-02  -3.6139759e-02   5.8487140e-02  -9.7684700e-04   5.6093793e-04   1.1270867e-06
  -1.7329179e-02  -1.0821064e-02   4.7425950e-02  -1.6652586e-03  -3.0503629e-04  -3.1663859e-04
  -2.1496308e-02  -2.9715977e-02   6.7547681e-02  -1.2089769e-03   5.8304537e-04  -1.0858180e-04
  -2.4019999e-02  -3.8459950e-03   4.6175430e-02  -1.3738939e-04   7.3190393e-04  -2.5114334e-04
  -9.8402063e-03  -3.0153426e-02   3.7311221e-02  -1.2187543e-04  -3.0005385e-04  -1.2835486e-04
  -2.0926805e-02  -4.0159358e-02   5.1448991e-02   7.3227408e-04   5.5933301e-04  -5.6498043e-05
  -2.9410758e-02   3.2629957e-02  -5.2463924e-03   7.4027831e-04   7.5207949e-04  -3.3548613e-04
  -2.0643097e-02  -2.7471413e-02   8.6995118e-02  -1.9883630e-03   1.7717565e-04  -9.8341965e-05
  -2.3008082e-02   1.2203644e-02  -5.7767381e-02   5.5522581e-04   6.7358292e-04  -2.3924886e-04
  -4.1071245e-02  -1.3752218e-02  -3.1728302e-02   1.4325699e-03   5.1169202e-04  -4.2297648e-04
  -3.4087400e-02   1.6810690e-02  -1.7269874e-01   1.0781030e-03  -2.5227913e-04  -5.0047691e-04
  -6.6994461e-02   3.8820587e-02  -2.3938517e-01   2.3955192e-03   3.9647218e-04  -1.1008418e-03
  -8.5589528e-02   6.9778940e-02  -2.4670161e-01   2.5219912e-03   7.1376726e-04  -1.1394269e-03
  -8.7357550e-02   4.1282287e-02  -2.7479083e-01   2.1969445e-03   6.7244994e-04  -1.3717000e-03
  -8.2038072e-02   7.7724766e-02  -4.0839158e-01   2.3162475e-03   4.7310512e-04  -1.2941802e-03
  -1.1621993e-01   6.1213597e-02  -3.0771886e-01   9.2537389e-04   4.1332333e-04  -2.2804890e-03
  -9.3834771e-02   3.1348576e-03  -1.5141712e-01  -7.7308357e-04   8.2116828e-04  -2.0880991e-03
  -8.1453098e-02   4.7491419e-02  -1.7477593e-01  -9.3732357e-04   6.3952112e-04  -1.4732001e-03
  -4.6574562e-02  -2.9984034e-02  -1.7072425e-01   5.2254548e-04   6.1342051e-04  -1.1198340e-03
  -3.9179495e-02  -1.2389828e-02  -6.8309696e-02  -8.6538419e-04   1.6931201e-03  -8.4790014e-04
  -5.8868442e-02  -2.7274229e-02  -3.4440083e-02  -7.8312179e-04   2.1268671e-03  -9.3854040e-04
  -5.2942993e-02  -4.2166026e-02   2.5691279e-02  -1.2817222e-03   1.7486712e-03  -9.2438551e-04
  -4.9991663e-02  -2.3353715e-02  -9.1162838e-03   1.0702211e-04   1.2760294e-03  -7.2021635e-04
  -3.7882362e-02  -4.7389925e-02  -1.0118157e-01   3.3416819e-04   1.2939195e-03  -8.9028890e-04
  -3.1587867e-02  -5.5772621e-03  -2.2643227e-01   1.3349451e-04   1.0053499e-03  -1.1060427e-03
  -2.4857972e-02   3.8709723e-02  -4.3088745e-01   2.2837957e-03   9.9319801e-04  -1.0350199e-03
  -1.7904473e-02   6.5524842e-02  -4.9065945e-01   1.5602616e-03   1.4254052e-03  -1.2784804e-03
  -2.5045339e-03   8.1607446e-02  -6.1018820e-01   2.4552079e-03   1.4935658e-03  -1.0027399e-03
   9.0813839e-03   9.5710935e-02  -6.8732835e-01   3.0825244e-03   1.3508092e-03  -1.3839963e-03
   1.8813046e-02   8.1761205e-02  -6.4044926e-01   1.7163324e-03   1.3553585e-03  -1.3895515e-03
   1.0887936e-02   1.1557114e-01  -6.9159706e-01   5.5656878e-04   1.3629032e-03  -1.5780258e-03
   2.1218661e-02   7.6806885e-02  -6.6351700e-01   4.4043072e-04   1.1974644e-03  -1.8376542e-03
   1.0811166e-02   5.7718836e-02  -5.1920357e-01  -1.3413476e-03   7.5095111e-04  -2.4981094e-03
   1.4464655e-02   5.3230988e-02  -5.0977108e-01  -5.2262857e-04   1.2867779e-03  -2.0543959e-03
   2.3950876e-02   4.6345002e-02  -4.4010353e-01  -1.2821501e-03   2.0939611e-03  -1.5296683e-03
   3.7295002e-02   4.7836607e-02  -5.1801376e-01   1.3240417e-03   1.8221227e-03  -1.1252964e-03
   4.7627764e-02   9.5002142e-03  -4.5751712e-01   5.5130329e-04   1.7515802e-03  -1.0214845e-03
   2.7389004e-02   5.6198669e-02  -3.9114368e-01  -5.4972193e-04   1.9525946e-03  -1.0314948e-03
   3.7927256e-02  -9.4111619e-03  -3.7783253e-01   5.4070264e-04   2.0798381e-03  -1.0924297e-03
   2.6282519e-02   9.8431170e-03  -3.1701403e-01   4.5487066e-04   2.2492151e-03  -7.4951778e-04
   1.2299159e-02  -1.5468702e-02  -2.8594723e-01   3.0706519e-04   2.5743131e-03  -6.4811879e-04
   1.0927897e-02  -6.6314563e-03  -2.7321260e-01   3.1311873e-04   2.6429616e-03  -7.5864382e-04
   1.8696233e-03   1.0767178e-02  -3.2689146e-01   1.6683564e-03   2.6361367e-03  -6.8129568e-04
  -4.5110107e-03  -4.1844867e-02  -2.8020265e-01   7.1199547e-04   3.0353525e-03  -7.2690687e-04
  -2.6080152e-03  -1.0253256e-02  -2.8663212e-01   1.2942469e-03   2.7812454e-03  -7.0743273e-04
  -2.7830937e-03  -4.1786262e-02  -2.4056564e-01  -4.9602368e-04   2.8267249e-03  -6.5339960e-04
  -1.3501777e-02  -6.5719303e-02  -2.0928890e-01   8.1019663e-04   3.5755616e-03  -4.6484223e-04
  -4.7816410e-03  -2.4506564e-02  -2.4769027e-01   9.8514839e-04   3.1157905e-03  -6.2421444e-04
   1.3706004e-02  -7.3642823e-02  -1.6799421e-01  -6.1099806e-04   2.9085526e-03  -3.5455466e-04
   1.3530713e-02  -4.4648152e-02  -2.0536487e-01   4.9909102e-04   2.6026349e-03  -5.4423869e-04
   2.5492082e-02   1.9885455e-02  -3.1652206e-01   3.0563279e-04   2.5717309e-03  -1.0897071e-03
   2.1025791e-02   1.1553623e-02  -4.1598139e-01   1.9897749e-03   3.1844198e-03  -5.7634035e-04
   1.3816666e-02   4.3202297e-02  -4.5228429e-01  -1.8885549e-04   3.0970391e-03  -1.4613094e-03
   3.5284203e-02   6.1207905e-02  -6.1653305e-01   2.6156618e-03   3.1230695e-03  -8.0610769e-04
   4.5362100e-02   6.1362561e-02  -6.0301917e-01   1.3237287e-03   3.0102030e-03  -9.1950636e-04
   3.2564802e-02   8.1638492e-02  -6.4863570e-01   1.4601173e-03   3.6931013e-03  -9.3002430e-04
   4.7128986e-02   7.7844942e-02  -7.2587368e-01   2.8286718e-03   3.3779214e-03  -7.6114262e-04
   6.0317783e-02   3.8310943e-02  -7.4508324e-01   3.9772031e-03   2.9888442e-03  -6.7549474e-04
   5.9625314e-02   7.0883833e-02  -7.8562881e-01   3.6786825e-03   3.2777635e-03  -8.8236235e-04
   6.1643336e-02   7.9153034e-02  -7.6008764e-01   4.1643121e-03   3.6192420e-03  -8.5260387e-04
   8.4850750e-02   7.0846443e-02  -7.5751759e-01   3.5221433e-03   3.5561287e-03  -9.6937025e-04
   9.9297985e-02   8.9637650e-02  -8.8198838e-01   5.9719073e-03   3.3154649e-03  -1.0220170e-03
   1.1314990e-01   8.2468548e-02  -8.5588496e-01   5.1306836e-03   4.0467833e-03  -1.2703668e-03
   1.1582858e-01   6.0481126e-02  -8.1041129e-01   4.6797573e-03   4.7797458e-03  -1.1723843e-03
   1.2383325e-01   1.0864237e-01  -9.3104435e-01   5.7289625e-03   4.9274445e-03  -1.3312420e-03
   1.1359715e-01   3.7474052e-02  -7.3160794e-01   3.9854521e-03   3.8939498e-03  -1.8747950e-03
   9.6812585e-02   2.5836304e-02  -6.2279292e-01   2.3293950e-03   4.7322878e-03  -1.3127844e-03
   9.3226321e-02   4.6701048e-02  -7.8560712e-01   5.1617257e-03   4.2703217e-03  -8.4806618e-04
   1.0397602e-01   1.9828984e-02  -7.6862810e-01   5.7024190e-03   4.6002928e-03  -7.3691811e-04
   9.0331184e-02   4.4264900e-02  -7.3161374e-01   5.5784152e-03   4.2844425e-03  -6.0933936e-04
   8.1426894e-02   2.8413025e-02  -6.9129458e-01   5.3644625e-03   4.8392989e-03  -6.4441797e-04
   8.5681408e-02   9.9306043e-05  -6.6500733e-01   5.3987007e-03   4.6353041e-03  -7.5128871e-04
   9.1823967e-02   1.3451951e-02  -6.7691716e-01   3.8787718e-03   4.2223796e-03  -8.1879051e-04
   7.7040415e-02  -1.5397030e-02  -6.5183651e-01   5.4249573e-03   4.3772084e-03  -6.0879326e-04
   6.8543585e-02   1.3989989e-03  -6.9556072e-01   7.2040868e-03   4.5621700e-03  -5.5372351e-04
   1.0378177e-01  -4.6249436e-04  -8.7132664e-01   7.4002545e-03   4.7285244e-03  -6.2288381e-04
   1.0911832e-01   1.6018826e-02  -9.3673574e-01   7.1536064e-03   4.2633166e-03  -8.0741478e-04
   9.9660425e-02   5.4253631e-02  -9.0444754e-01   5.4212233e-03   4.6336110e-03  -1.1697360e-03
   9.4942445e-02   1.4542194e-02  -8.2831192e-01   4.7029892e-03   5.1827548e-03  -1.3195873e-03
   1.0720905e-01   2.1475920e-03  -8.3384759e-01   5.3018147e-03   4.1839407e-03  -1.4481367e-03
   1.0715973e-01   3.8535128e-02  -9.0787296e-01   6.1149044e-03   4.1341095e-03  -1.2232479e-03
   1.0065465e-01   1.4465838e-02  -8.1365605e-01   4.9787423e-03   5.3117290e-03  -1.4546275e-03
   8.9251959e-02   3.4466577e-02  -8.8239233e-01   6.2525087e-03   4.9514251e-03  -1.6337641e-03
   9.7921395e-02   3.9281014e-02  -8.7146716e-01   5.1206688e-03   4.6656396e-03  -1.7006145e-03
   1.1649952e-01  -1.0457852e-02  -8.4495026e-01   5.0379233e-03   3.8658678e-03  -1.3135831e-03
   7.5301955e-02   2.7493606e-02  -8.2503495e-01   4.4728024e-03   5.1185170e-03  -1.9033155e-03
   9.7214037e-02  -1.5060884e-02  -8.1304141e-01   5.8717103e-03   4.4424713e-03  -1.8315686e-03
   1.1425187e-01  -1.0730780e-02  -7.8082825e-01   4.2814370e-03   3.8247783e-03  -1.7490268e-03
   9.9972044e-02   3.4427309e-02  -8.4679945e-01   5.0922565e-03   4.7074407e-03  -1.5216661e-03
   7.6236538e-02  -1.3189604e-02  -6.8510166e-01   3.3082030e-03   4.5270551e-03  -2.4418904e-03
   8.6231130e-02   1.3208465e-03  -7.4300297e-01   3.1093007e-03   5.3668973e-03  -2.0534947e-03
   7.9477280e-02   1.8835245e-02  -7.6459260e-01   3.2885226e-03   5.3550958e-03  -2.3857391e-03
   9.1421354e-02  -4.7384101e-02  -7.2920439e-01   3.0258977e-03   5.3110152e-03  -1.7787976e-03
   7.6271115e-02  -6.0366298e-02  -7.1195477e-01   3.5976405e-03   4.9480227e-03  -1.9260617e-03
   6.4699079e-02  -8.5271385e-03  -7.5420481e-01   3.8144063e-03   5.2835833e-03  -2.0859865e-03
   7.3192652e-02  -6.2043905e-02  -7.0506215e-01   3.9256441e-03   5.0720169e-03  -1.7420590e-03
   6.0911009e-02  -2.6006389e-02  -6.9621780e-01   3.6385603e-03   5.1741388e-03  -1.7091391e-03
   7.1086705e-02  -9.0797611e-02  -6.8614658e-01   3.8829411e-03   5.3949482e-03  -1.6727363e-03
   8.2683724e-02   9.0250614e-04  -9.4277799e-01   5.6036467e-03   5.6251714e-03  -1.8076320e-03
   7.8337479e-02   2.8152260e-02  -1.0399944e+00   6.7322956e-03   6.1258127e-03  -1.9251053e-03
   8.8680825e-02  -3.0396086e-02  -9.5385540e-01   6.7822084e-03   5.9117110e-03  -2.0834206e-03
   7.9684599e-02   7.9173867e-03  -9.7387549e-01   4.8198261e-03   6.2564772e-03  -2.8923933e-03
   9.2633712e-02   2.2184141e-02  -1.0174068e+00   5.0438524e-03   6.7362010e-03  -2.4902345e-03
   8.9189225e-02  -2.3542052e-02  -9.5111105e-01   4.9067009e-03   6.9413235e-03  -2.5344527e-03
   8.1552344e-02   3.7836805e-02  -1.0709224e+00   6.5379193e-03   6.6992431e-03  -2.5745250e-03
   9.8863309e-02   3.7900663e-03  -1.0141656e+00   5.2596674e-03   6.4068902e-03  -2.6117299e-03
   1.0229760e-01  -6.8176032e-03  -1.0114221e+00   5.6663108e-03   6.7868808e-03  -2.3945798e-03
   9.5873067e-02   2.2746493e-02  -1.0604009e+00   5.2890224e-03   6.9439817e-03  -2.7153907e-03
   1.0274257e-01   8.7641860e-03  -1.0316963e+00   6.2916931e-03   7.3038895e-03  -2.5204570e-03
   9.9483434e-02   2.1971233e-02  -1.0861602e+00   6.5534883e-03   7.3428501e-03  -2.3705102e-03
   1.2869317e-01   2.8950575e-02  -1.1280511e+00   4.8343981e-03   6.8142744e-03  -2.5165015e-03
   1.3426258e-01   1.0518130e-02  -1.1126184e+00   4.9656773e-03   7.9385215e-03  -2.1419630e-03
   1.2308950e-01   5.0854533e-02  -1.1340710e+00   3.6714792e-03   8.6302998e-03  -2.5354556e-03
   1.1168760e-01   5.8364579e-03  -9.9313002e-01   2.9539156e-03   8.2539080e-03  -2.9618259e-03
   1.0168251e-01  -6.1084251e-02  -7.8945799e-01   5.2510678e-04   7.8702543e-03  -2.7659429e-03
   7.8776555e-02  -9.2602706e-03  -8.7038179e-01   6.0220153e-04   8.6603808e-03  -2.4922334e-03
