   0.0000000e+00   0.0000000e+00   0.0000000e+00  -1.3877788e-17  -8.6736174e-19  -1.2037062e-35
   2.1393185e-02   6.3614273e-03  -4.8592570e-02  -4.4724687e-03  -1.3038556e-03   6.0242508e-04
  -9.9922548e-03   4.8193636e-03  -2.9430855e-02  -3.6758731e-03  -4.4520100e-04  -9.9998434e-06
  -1.8361470e-02  -1.2490739e-02   5.2285342e-02  -1.8359520e-03   3.3399525e-04  -1.9145467e-04
  -1.8461983e-02  -5.4057909e-02   1.6436703e-01   6.4520728e-04   8.9522461e-04  -5.3847462e-05
  -6.5421926e-03  -5.2466987e-02   1.1510302e-01   1.1418380e-03   1.0869117e-03  -1.3119807e-04
  -5.9238642e-03  -5.3606118e-02   1.4003885e-01   1.1144802e-03   1.4263629e-03  -2.5714941e-04
   5.5386915e-04  -3.7851470e-02   1.2032080e-01   1.3111373e-03   1.3002394e-03  -2.5984869e-04
   2.5853018e-03  -4.9411421e-02   1.0443967e-01   2.5725261e-03   1.1800739e-03  -3.3884927e-04
   3.8561736e-03  -4.2033445e-02   9.6338630e-02   2.7110282e-03   1.3248795e-03  -6.6051659e-04
   1.9485596e-02  -6.2395021e-02   1.6659951e-01   1.1486121e-03   3.6528183e-04  -7.0093720e-04
   3.5335610e-02  -3.0660056e-02   1.0075517e-01   8.0744178e-04  -2.0307070e-04  -1.3523659e-03
   5.9920101e-02  -9.1405618e-02  -1.5176909e-01   2.6476308e-03  -1.8243692e-03   2.6076606e-04
   3.2969454e-02  -5.7659712e-02   1.4572406e-01   8.1573441e-04  -1.5785931e-03   6.4174131e-04
   6.3199895e-02  -1.4645979e-02   5.1820151e-02   5.1288892e-04  -2.0335548e-03   7.6198786e-04
   6.8162350e-02  -2.7083499e-02   3.7833767e-03   4.2866755e-04  -1.7768744e-03   6.1065943e-04
   6.0581729e-02  -3.7232061e-02   3.6544293e-02   2.9845273e-04  -1.7761400e-03   7.2844258e-04
   4.8775394e-02  -4.7343228e-02   5.2991676e-02  -5.5981798e-04  -1.5314596e-03   3.5557636e-04
   3.6685419e-02  -6.0130466e-02   8.0653081e-02  -1.4154104e-03  -1.4308072e-03   9.6612546e-05
   3.0929142e-02  -6.1649973e-02   5.9453875e-02  -1.5141013e-03  -1.2024599e-03   1.4805197e-04
   8.5565657e-03  -5.3429631e-02   7.5183995e-02  -1.4287187e-03  -1.2502304e-03  -2.5096012e-04
  -1.6958483e-02  -7.0267528e-02   1.2908156e-01  -2.5212225e-03  -8.4189571e-04  -6.5756892e-04
  -1.3495724e-02  -8.4497294e-02   1.7042941e-01  -3.5378639e-03  -8.6679700e-04  -4.3703235e-04
  -1.4133253e-02  -7.1676152e-02   1.7327542e-01  -4.9818916e-03  -9.1253479e-04  -5.7842444e-04
  -2.1941289e-02  -7.7789456e-02   1.7978672e-01  -5.8215541e-03  -8.1138054e-04  -8.9979241e-04
  -3.0452952e-02  -1.0109919e-01   2.3456418e-01  -6.3602049e-03  -7.6654952e-04  -7.4981866e-04
  -2.6085991e-02  -9.8333021e-02   2.3403902e-01  -6.5401788e-03  -8.6480761e-04  -6.3703282e-04
  -3.5011797e-02  -1.0666624e-01   2.3766985e-01  -5.8840213e-03  -6.9914521e-04  -7.7552634e-04
  -3.1833406e-02  -1.1558638e-01   2.4684658e-01  -5.5243281e-03  -3.6816561e-04  -6.7005409e-04
  -2.7236572e-02  -1.3233333e-01   2.3767020e-01  -5.0255429e-03  -2.2905794e-04  -7.7145166e-04
  -2.1102584e-02  -1.1286577e-01   2.1925934e-01  -5.1491166e-03  -2.3522071e-04  -7.3079772e-04
  -2.0236944e-02  -1.0787376e-01   2.0234473e-01  -5.8243221e-03  -2.4619471e-04  -8.5357594e-04
  -3.8967813e-02  -1.4419130e-01   2.2417424e-01  -7.8764310e-03  -7.0092457e-04  -8.1904735e-04
  -3.2450695e-02  -1.2712782e-01   2.3594935e-01  -5.4403981e-03  -2.8250701e-04  -1.2133553e-03
  -4.1080389e-02  -1.1546056e-01   1.9691314e-01  -4.4203074e-03  -1.3137669e-04  -1.3304783e-03
  -1.5028606e-02  -1.0602169e-01   1.4794963e-01  -5.3613294e-03  -2.9624915e-04  -1.9839125e-03
  -2.0060437e-02  -1.2611965e-01   1.6662732e-01  -6.4068608e-03  -6.7430978e-04  -2.1180827e-03
  -3.7091454e-02  -1.4748292e-01   1.5073852e-01  -5.3954891e-03  -2.9385329e-04  -2.5872661e-03
  -1.0108351e-02  -2.0181780e-01   3.1868588e-02  -1.2746391e-03  -1.0261183e-03  -1.4293369e-03
   5.8939458e-03  -1.1598250e-01   1.3060850e-01  -1.0536984e-02  -3.3484660e-03  -1.6900923e-03
  -1.8101540e-02  -1.3367074e-01   1.2574149e-01  -9.6850844e-03  -2.3092053e-03  -2.5339281e-03
  -2.5850486e-02  -1.4995733e-01   1.7198210e-01  -8.5199845e-03  -1.1917448e-03  -2.8652032e-03
  -1.4712085e-02  -1.5417429e-01   1.7450938e-01  -8.2276512e-03  -8.1468493e-04  -2.7548782e-03
  -3.0613643e-02  -1.8161370e-01   1.7817652e-01  -6.5496902e-03  -1.0361465e-04  -3.0737036e-03
  -3.5168667e-02  -1.7706069e-01   1.9408683e-01  -5.8953718e-03   1.0113626e-04  -3.1433595e-03
  -1.4673013e-02  -1.6649250e-01   1.5204139e-01  -5.7490099e-03   2.9945960e-04  -3.1883244e-03
  -1.8684427e-02  -1.7147189e-01   1.4525666e-01  -5.4610695e-03   4.6403361e-04  -3.3931632e-03
  -3.4035559e-02  -1.8853837e-01   1.7834976e-01  -4.6230357e-03   5.9363953e-04  -3.6650932e-03
  -3.0075747e-02  -1.9287496e-01   2.0907549e-01  -5.4439533e-03   6.8916134e-04  -3.7127638e-03
  -1.2426529e-02  -1.8469455e-01   1.5320522e-01  -5.0338025e-03   2.6621861e-04  -3.4003287e-03
  -2.6091043e-02  -1.7271143e-01   1.5255861e-01  -4.5659533e-03   4.3647116e-04  -3.7099699e-03
  -3.7365593e-02  -2.1522000e-01   2.0188654e-01  -4.6325677e-03   5.1026954e-04  -3.6961539e-03
  -4.0642159e-02  -2.1071477e-01   2.0300387e-01  -4.3021991e-03   5.3357517e-04  -3.6667277e-03
  -3.2903084e-02  -2.1507405e-01   1.8798478e-01  -4.5246234e-03   6.4303948e-04  -3.7964093e-03
  -4.0340993e-02  -2.0037838e-01   1.7375832e-01  -4.5882038e-03   8.7283335e-04  -3.9020474e-03
  -3.6195749e-02  -2.2009586e-01   1.9646320e-01  -4.7192343e-03   4.6282803e-04  -3.9713495e-03
  -3.1436048e-02  -2.2187902e-01   2.0840178e-01  -4.0374883e-03   1.7346872e-04  -3.8653448e-03
  -3.1342127e-02  -2.2816963e-01   2.0639253e-01  -4.3212580e-03   3.0653300e-04  -3.9943328e-03
  -1.4823476e-02  -2.0323326e-01   1.3467324e-01  -5.0141524e-03  -8.0220275e-05  -4.0246297e-03
   2.2776434e-02  -3.3490242e-01   1.8375026e-01  -3.0917486e-03   7.3516103e-04  -3.1525054e-03
   4.8403718e-02  -2.7021743e-01  -2.0836472e-01  -3.8435801e-03  -6.6692126e-04  -2.7522082e-03
   2.9682533e-02  -2.4937881e-01  -1.9831957e-01  -5.6284563e-03  -1.0284138e-03  -3.1341800e-03
   4.7262055e-02  -2.4671247e-01  -2.3688821e-01  -5.4619827e-03  -9.6322977e-04  -2.8343436e-03
   3.9414709e-02  -2.3939457e-01  -2.5618207e-01  -5.7856285e-03  -5.7905796e-04  -3.1715700e-03
   2.6258274e-02  -2.4899546e-01  -2.2591250e-01  -6.8551705e-03  -6.4453324e-04  -3.4708333e-03
   2.3727058e-02  -2.7360069e-01  -2.1291709e-01  -7.2122594e-03  -7.4534582e-04  -3.4165267e-03
   2.6020324e-02  -2.5452843e-01  -2.7177113e-01  -7.1013606e-03  -7.2560863e-04  -3.1839272e-03
  -1.7743093e-03  -2.7569660e-01  -2.0262354e-01  -8.1049248e-03  -7.7747869e-04  -3.6969049e-03
   7.1760025e-03  -2.8206224e-01  -1.9892065e-01  -8.7396509e-03  -1.0377688e-03  -3.6299036e-03
   2.4043573e-03  -2.9396113e-01  -1.8793572e-01  -8.4324342e-03  -1.0542480e-03  -3.6376387e-03
  -2.2877782e-02  -3.0422582e-01  -1.7510078e-01  -8.0969565e-03  -8.1906314e-04  -4.0144733e-03
  -9.4026286e-03  -3.0191616e-01  -1.5531355e-01  -8.1884996e-03  -7.8059466e-04  -3.9058891e-03
  -2.3549481e-03  -3.2506417e-01  -1.6110939e-01  -7.9560286e-03  -8.8050827e-04  -3.5300632e-03
   3.5515524e-02  -3.1197815e-01  -2.2803096e-01  -7.3614430e-03  -1.1133899e-03  -2.7762897e-03
   3.6662606e-02  -2.9780905e-01  -1.9334253e-01  -6.1120101e-03  -1.6217335e-03  -2.0028938e-03
   1.9530647e-02  -2.8856977e-01  -2.0975172e-01  -4.4598655e-03  -1.0307652e-03  -2.3240398e-03
   1.9157678e-02  -2.9626760e-01  -1.8550115e-01  -4.4612577e-03  -8.3596367e-04  -2.3771642e-03
   1.6007699e-02  -3.0825899e-01  -1.7908709e-01  -3.7754397e-03  -9.5762873e-04  -2.3573197e-03
   2.2923852e-02  -3.2152403e-01  -2.2163967e-01  -2.7347608e-03  -6.5654248e-04  -2.1924158e-03
   4.8439901e-02  -4.0012223e-01  -3.0979513e-01   4.2558798e-03  -7.4629102e-04  -1.8610460e-03
   8.4874579e-02  -5.4676789e-01  -7.4176878e-02   6.9764769e-03  -1.5635195e-03  -5.9983832e-04
   6.0579631e-02  -4.6432842e-01  -3.9429892e-01   1.2745002e-03  -2.4695708e-03  -2.7879411e-03
   2.6841661e-02  -3.9180788e-01  -1.4092397e-02  -1.3394858e-02  -5.5080639e-03  -2.5781555e-03
   2.0015251e-03  -3.9637227e-01   2.1179209e-02  -1.0498937e-02  -4.2059529e-03  -3.5465105e-03
  -1.0450746e-02  -3.9717533e-01   2.4223008e-02  -7.8000360e-03  -3.5423401e-03  -3.7904363e-03
   4.6212962e-03  -3.8230358e-01   7.2478144e-02  -7.3690405e-03  -3.3538394e-03  -3.8242518e-03
  -1.0205983e-02  -4.1751452e-01   6.7689727e-02  -6.7524212e-03  -2.9778182e-03  -4.3631268e-03
   5.5828538e-03  -4.1435100e-01   9.6120579e-02  -7.8142613e-03  -2.9379931e-03  -3.9010934e-03
  -4.5063013e-02  -4.5773626e-01   1.1771668e-01  -7.2294989e-03  -2.0549496e-03  -4.8515087e-03
  -2.0399250e-02  -4.2596568e-01   1.2338595e-01  -8.9126058e-03  -2.3450496e-03  -4.4645190e-03
  -5.0475652e-02  -4.5570685e-01   1.8312846e-01  -8.9704581e-03  -1.9468610e-03  -4.9702366e-03
  -4.7356391e-02  -4.5587194e-01   1.9470148e-01  -9.0310254e-03  -2.0296808e-03  -4.8941257e-03
  -4.9492452e-02  -4.5512670e-01   1.7485324e-01  -9.3052698e-03  -2.0290052e-03  -4.7002161e-03
  -4.4705217e-02  -4.6587015e-01   1.8675157e-01  -9.2112379e-03  -1.0297226e-03  -4.5186071e-03
   2.1276308e-03  -4.4814423e-01   1.5377008e-01  -1.0159250e-02  -1.0433822e-03  -3.9228056e-03
  -4.2185776e-02  -4.7845366e-01   2.1470586e-01  -1.0431545e-02  -3.9121190e-04  -4.4307996e-03
  -2.1879235e-02  -4.5050271e-01   2.2519675e-01  -1.1800865e-02  -8.0655448e-04  -3.9111070e-03
  -3.9660184e-02  -5.0542243e-01   2.6993677e-01  -9.2868726e-03  -7.5359318e-04  -3.7897733e-03
  -4.6881685e-02  -5.0304383e-01   4.1243120e-01  -8.7119126e-03  -1.3504321e-03  -5.2375104e-03
  -4.5316885e-02  -5.0409467e-01   4.4112448e-01  -8.4138149e-03  -1.1890743e-03  -5.5651322e-03
  -6.0617845e-02  -4.9128886e-01   4.2602542e-01  -7.7982341e-03  -8.5442421e-04  -6.0551235e-03
  -8.4123563e-02  -5.0650311e-01   4.6619083e-01  -7.5597014e-03  -5.3329857e-04  -6.5442907e-03
  -8.2736084e-02  -5.1002906e-01   4.8254540e-01  -7.1223375e-03  -2.7067192e-04  -6.5412154e-03
  -9.0396923e-02  -5.0180728e-01   4.7051891e-01  -7.3479443e-03   3.9329832e-05  -6.9060462e-03
  -1.0930499e-01  -5.2557718e-01   5.2701270e-01  -6.6424148e-03   1.7492991e-04  -7.1460765e-03
  -1.0674073e-01  -5.5894027e-01   5.2855057e-01  -5.9946981e-03   2.2983366e-04  -6.5552549e-03
  -1.1018304e-01  -5.7851840e-01   8.5004179e-01  -3.0944135e-03   2.0981174e-03  -5.9380999e-03
  -9.6684685e-02  -5.3215340e-01   7.5629497e-01  -5.7808972e-03   7.2842818e-04  -6.4083839e-03
  -1.1952909e-01  -5.2727499e-01   6.8035594e-01  -1.7860648e-03   1.8899366e-03  -6.9103839e-03
  -1.3354739e-01  -5.5565109e-01   7.4112940e-01  -1.2193052e-03   1.7879848e-03  -6.9416370e-03
  -1.0959486e-01  -5.4174551e-01   6.9907680e-01  -1.1274888e-03   1.7631287e-03  -6.5924653e-03
  -1.2863797e-01  -5.4743694e-01   7.0576003e-01  -9.2794120e-04   2.0956318e-03  -6.9670887e-03
  -1.3444319e-01  -5.7210027e-01   7.5717388e-01  -4.5574071e-04   1.9439671e-03  -6.9059916e-03
  -8.7391347e-02  -5.1577901e-01   6.2938017e-01  -1.4337087e-03   1.2468420e-03  -5.6328086e-03
  -1.1546691e-01  -5.0935815e-01   5.2506911e-01  -9.9354074e-03  -9.1255747e-04  -6.5752768e-03
  -1.2669373e-01  -5.4567860e-01   5.7888812e-01  -7.7452979e-03   2.9770038e-04  -7.0373462e-03
  -1.1389855e-01  -5.2536635e-01   5.2420836e-01  -6.9044437e-03   7.8184878e-04  -7.2857276e-03
  -1.4404256e-01  -5.5526753e-01   5.5757646e-01  -6.4840033e-03   1.0429932e-03  -7.8520392e-03
  -1.3558517e-01  -5.4932142e-01   5.7461685e-01  -6.4322745e-03   8.8260261e-04  -7.3870715e-03
  -1.3371700e-01  -5.6916616e-01   5.5628409e-01  -6.7448691e-03   8.1060818e-04  -7.1036219e-03
