   0.0000000e+00   0.0000000e+00   0.0000000e+00   3.4694470e-18   0.0000000e+00   0.0000000e+00
   1.5775351e-02  -1.6031404e-02  -4.2423017e-02  -2.6908656e-04   9.7079535e-04   7.6477525e-04
   2.5246236e-02  -2.8422243e-02  -6.8259401e-02   6.4836668e-05   1.2020248e-03   8.2362874e-04
   4.6106091e-02  -1.6382087e-02  -1.3436159e-01   6.0726900e-04   1.3736158e-03   5.5593246e-04
   5.4405383e-02  -1.2804178e-02  -2.0251916e-01   3.9533331e-04   1.9535679e-03   8.4629110e-04
   4.9186567e-02  -3.2772966e-02  -1.3833500e-01   6.0521107e-04   1.7510760e-03   5.9518985e-04
   6.8834886e-02  -4.2003176e-03  -2.2270584e-01   3.8810498e-05   2.2487378e-03   9.5941183e-04
   5.7834216e-02  -5.8314977e-02  -1.9221480e-01  -1.2958659e-04   2.5061904e-03   6.3533150e-04
   7.8669730e-02  -1.2696846e-02  -2.7403539e-01  -6.9716934e-04   2.6558097e-03   1.2457566e-03
   7.6496729e-02  -4.6272080e-02  -2.9665309e-01  -3.4764853e-04   2.2082141e-03   1.2430542e-03
   6.4850347e-02  -2.3929118e-02  -3.0145191e-01  -9.7521927e-04   2.5103557e-03   8.3063919e-04
   6.8596372e-02  -2.8162863e-02  -3.2892509e-01   5.6265981e-04   2.3602721e-03   9.0647226e-04
   1.9655691e-01  -1.2396282e-01  -4.3962055e-01   6.6731925e-03   3.9778286e-03   1.8154703e-03
   2.5026041e-01  -2.2308620e-01  -4.5296157e-01   1.3360684e-02   3.2699239e-03   1.5530808e-03
   2.6499547e-01  -1.3949815e-01  -7.0296537e-01   1.0682089e-02   2.1560871e-03   2.3943535e-03
   2.7726528e-01  -1.3848342e-01  -9.9475984e-01   1.3969516e-02   1.1739262e-03   3.0289451e-03
   3.2489353e-01  -1.2087560e-01  -8.9194267e-01   1.6368084e-02   2.5148274e-03   2.6272433e-03
   2.5046167e-01  -1.2853552e-01  -1.0326517e+00   1.8269315e-02   2.4267348e-03   2.9783014e-03
   2.7129726e-01  -1.8123473e-01  -1.1914808e+00   2.0333799e-02   3.4348798e-03   6.0131341e-03
   2.0684125e-01  -8.1394620e-02  -8.3293328e-01   2.2335010e-02   3.9997298e-03   6.3164366e-03
   1.7552059e-01  -5.6037057e-02  -6.4608254e-01   1.7703872e-02   1.5787200e-03   3.4959054e-03
   1.4634475e-01  -6.3911132e-02  -9.9293950e-01   1.8471320e-02   7.8944511e-04   3.3720780e-03
   1.2595248e-01  -1.1126538e-01  -1.0540264e+00   1.9024204e-02   3.1502721e-04   3.0845687e-03
   1.2035629e-01  -4.6603666e-02  -1.1349243e+00   1.6600626e-02  -5.7693194e-04   2.9648150e-03
   1.1893017e-01  -6.7284595e-02  -1.2213104e+00   1.6297049e-02  -3.2443941e-04   2.9265096e-03
   1.0278676e-01  -5.3539765e-02  -1.2830533e+00   1.5972981e-02   1.7376364e-04   3.2974868e-03
   6.0639687e-02  -2.3900674e-02  -1.3753157e+00   1.4411786e-02  -1.0790786e-04   2.2005833e-03
   1.2923502e-01  -8.8200963e-02  -1.2793438e+00   1.4795920e-02   9.3452860e-04   3.2745311e-03
   1.6141530e-01  -1.3097814e-01  -9.0513447e-01   1.9353008e-02   2.1573221e-03   3.6461884e-03
   1.5349799e-01  -1.8265652e-01  -9.6298163e-01   2.3135955e-02   4.7402422e-03   5.2850885e-03
   1.9004885e-01  -2.7862624e-01  -1.1247908e+00   2.2129333e-02   4.2077957e-03   6.6333523e-03
   2.0866294e-01  -3.0255871e-01  -1.1306829e+00   2.1661654e-02   3.0559299e-03   8.9273859e-03
   1.5831524e-01  -3.1957220e-01  -9.4133638e-01   2.1359941e-02   1.7396126e-03   8.3588728e-03
   1.4619725e-01  -3.0982855e-01  -8.0266312e-01   1.7447372e-02   1.4164382e-03   8.2590664e-03
   9.0839543e-02  -2.1953055e-01  -7.8500853e-01   2.1742502e-02   3.2891542e-04   9.8029180e-03
   8.3018208e-02  -2.9522615e-01  -7.7040050e-01   2.3167540e-02   1.6365318e-03   1.2468054e-02
   9.9528869e-02  -1.6865073e-01  -1.0417209e+00   1.9824843e-02   2.9829509e-04   1.0623116e-02
   9.2619210e-02  -1.1574539e-01  -6.6643429e-02   1.2390395e-02  -1.7498360e-03   9.7232487e-03
   8.7074189e-02  -1.1343610e-01  -2.1153323e-01   1.0765281e-02  -3.7067542e-03   9.3777572e-03
   5.5827399e-02  -1.5004834e-01  -4.7941741e-01   1.2349935e-02  -3.7660644e-03   8.8281221e-03
   5.6463146e-02  -1.5345882e-01  -4.5337162e-01   1.2352671e-02  -3.5705026e-03   8.7895274e-03
   4.3000360e-02  -1.0400433e-01  -5.6563242e-01   1.1116454e-02  -2.9749295e-03   7.9047215e-03
   5.6768606e-02  -1.4711934e-01  -6.3082197e-01   1.1248171e-02  -3.2069165e-03   8.2941720e-03
   8.0595855e-02  -1.4435634e-01  -6.6515375e-01   1.0970570e-02  -3.2479166e-03   8.7032363e-03
   7.0564468e-02  -1.6017195e-01  -7.5998642e-01   1.0905894e-02  -2.5553886e-03   8.0366092e-03
   7.2116671e-02  -1.7884368e-01  -8.2733721e-01   9.6675023e-03  -2.4195943e-03   7.7259968e-03
   8.7921237e-02  -1.8436339e-01  -9.5299118e-01   8.8062034e-03  -3.6131047e-03   7.7972482e-03
   1.1963921e-01  -1.9829567e-01  -9.6784473e-01   1.0051467e-02  -4.2323030e-03   7.7792665e-03
   1.0170309e-01  -1.9376164e-01  -9.5402143e-01   1.0180721e-02  -4.2494996e-03   7.4209684e-03
   1.2326457e-01  -1.9225497e-01  -9.3173529e-01   9.5492282e-03  -4.9307368e-03   6.9647660e-03
   1.0893594e-01  -1.3254251e-01  -9.0866367e-01   8.7850717e-03  -5.1974078e-03   7.2167562e-03
   1.0277777e-01  -1.4351841e-01  -9.7725022e-01   8.8257737e-03  -5.2096338e-03   7.0732483e-03
   9.6678582e-02  -1.4092417e-01  -1.0109349e+00   8.9387177e-03  -5.5322541e-03   6.4572321e-03
   1.0816915e-01  -1.3692643e-01  -8.1647412e-01   8.8624841e-03  -5.1404876e-03   6.0223385e-03
   1.4994407e-01  -3.0841344e-01  -7.4461353e-01   9.9405819e-03  -4.3803166e-03   5.1862360e-03
   1.6683329e-01  -4.3769702e-01  -9.5991934e-01   1.5971996e-02  -6.0166704e-03   3.8726214e-03
   1.0590115e-01  -4.1333264e-01  -1.0024087e+00   1.9185962e-02  -6.1392226e-03   3.3433829e-03
   9.6757467e-02  -4.4174176e-01  -9.2487132e-01   1.8334722e-02  -6.1172517e-03   3.6623575e-03
   9.9425381e-02  -4.5248040e-01  -1.0099064e+00   2.0094895e-02  -5.9889093e-03   4.8092119e-03
   1.4641645e-01  -5.3003608e-01  -1.2432649e+00   2.0460871e-02  -7.3876519e-03   4.4211339e-03
   1.2701537e-01  -4.2435739e-01  -9.7028372e-01   2.2408739e-02  -7.5520601e-03   5.0214259e-03
   6.3210476e-02  -3.9941978e-01  -8.9052731e-01   2.2301919e-02  -7.3100089e-03   5.0519434e-03
  -4.0058885e-03  -3.4313072e-01  -7.3855646e-01   2.3841678e-02  -5.5490189e-03   4.8772956e-03
  -6.4504751e-04  -3.5323474e-01  -8.0097651e-01   2.1344948e-02  -8.0253687e-03   5.1847514e-03
   1.0566443e-02  -3.5001218e-01  -7.3967930e-01   2.1484033e-02  -9.9067814e-03   5.1032637e-03
   2.3634142e-02  -4.0300134e-01  -8.2003322e-01   2.1943812e-02  -7.6463036e-03   6.2895614e-03
   1.0523937e-02  -3.9924902e-01  -8.9422189e-01   2.6682694e-02  -8.3669918e-03   6.9002043e-03
  -1.7904874e-02  -4.2681191e-01  -1.0092369e+00   2.7457915e-02  -7.6572003e-03   6.4937965e-03
   7.5661725e-03  -3.4387977e-01  -7.4068017e-01   2.7243634e-02  -9.6808936e-03   7.6472357e-03
  -2.7800529e-02  -3.5684201e-01  -3.5620043e-01   2.3712396e-02  -8.6611043e-03   6.4864088e-03
   6.9471438e-02  -2.4190747e-01  -4.0614630e-01   8.9027331e-03  -7.8486033e-03   7.2477771e-03
   5.2159546e-02  -2.1343051e-01  -4.0960034e-01   1.0967294e-02  -9.1371339e-03   7.7146547e-03
   4.2404464e-02  -2.2883643e-01  -5.3942606e-01   1.0139455e-02  -8.6365946e-03   6.7797293e-03
   3.7999064e-02  -2.4104557e-01  -6.6747251e-01   1.0640314e-02  -8.1820804e-03   6.1660179e-03
   4.2904150e-02  -2.2776165e-01  -8.2907271e-01   1.0376889e-02  -7.9880067e-03   6.2717508e-03
   2.8369947e-02  -2.2401198e-01  -7.7563072e-01   1.0590438e-02  -8.5116820e-03   6.2692983e-03
   3.1815900e-02  -1.9717466e-01  -8.9550324e-01   9.5314159e-03  -8.5215047e-03   6.5928227e-03
   3.9616812e-02  -2.1692126e-01  -9.1194773e-01   9.6453711e-03  -8.4119819e-03   6.2055271e-03
   3.7980540e-02  -2.3221454e-01  -8.5530498e-01   9.6832713e-03  -8.5694570e-03   5.9939293e-03
   5.9666410e-02  -2.4391894e-01  -8.9793117e-01   1.0814626e-02  -8.2112915e-03   5.2613946e-03
   6.6128889e-02  -3.6110724e-01  -8.1546134e-01   1.9146066e-02  -8.3097291e-03   5.4004416e-03
   1.2016016e-01  -2.9329426e-01  -6.4768201e-01   2.1483881e-02  -8.5219977e-03   5.8511282e-03
   8.2833865e-02  -3.2386404e-01  -4.0762221e-01   2.5792126e-02  -7.2959148e-03   5.3683938e-03
   9.9843988e-02  -2.8493065e-01  -7.8204708e-01   2.9444580e-02  -7.6316182e-03   6.3870499e-03
   1.2319249e-01  -2.5859075e-01  -8.3994193e-01   2.9598224e-02  -7.5932904e-03   7.4156469e-03
   1.2319009e-01  -2.1217418e-01   5.7020441e-01   2.9513219e-02  -7.9571484e-03   7.2883484e-03
   1.6012525e-01  -1.7516674e-01   2.7143769e-01   3.1915003e-02  -6.4562118e-03   8.0287487e-03
   1.9356359e-01  -1.5027662e-01   2.5670290e-01   3.0242001e-02  -6.7061886e-03   8.7759917e-03
   1.6231794e-01  -1.8273344e-01   4.1185223e-01   3.0654270e-02  -6.7689633e-03   7.8021530e-03
   1.6171117e-01  -1.8182367e-01  -3.3609131e-02   3.1827930e-02  -6.4626148e-03   8.1182160e-03
   1.7522773e-01  -1.6722322e-01  -7.5373604e-02   3.2117057e-02  -6.6585050e-03   8.2722653e-03
   1.3789062e-01  -1.9481476e-01  -1.7471238e-01   3.6129984e-02  -5.3460146e-03   6.9170986e-03
   2.3139588e-01  -2.0369845e-01  -2.6560596e-01   3.6429810e-02  -3.8175547e-03   8.0162413e-03
   2.8096314e-01  -1.1931748e-01   8.5384067e-03   3.3799376e-02  -3.2726199e-03   9.6563737e-03
   2.0986823e-01  -1.1469385e-01  -7.7388740e-01   2.6811864e-02  -6.5660073e-03   9.1488835e-03
   1.6018321e-01  -1.1085186e-01  -8.4899935e-01   2.0813981e-02  -6.4652761e-03   7.5464983e-03
   1.4292321e-01  -1.8439986e-01  -1.2960439e+00   2.1929754e-02  -6.7001092e-03   7.2133344e-03
   1.5447474e-01  -2.2576465e-01  -1.2601204e+00   2.3557926e-02  -6.8769575e-03   7.8404732e-03
   1.6869896e-01  -1.9763838e-01  -1.4648569e+00   2.1970325e-02  -7.5640342e-03   7.8539899e-03
   1.6192953e-01  -2.5924049e-01  -1.5127763e+00   2.1491006e-02  -7.4197803e-03   7.3447361e-03
   1.7149491e-01  -2.4354004e-01  -1.5328268e+00   2.0785498e-02  -8.0624057e-03   7.1495763e-03
   1.8646340e-01  -1.9579665e-01  -1.4873509e+00   2.0570868e-02  -8.7383785e-03   6.7442363e-03
   2.1067923e-01  -2.4701202e-01  -8.1590579e-01   1.9137066e-02  -8.2621974e-03   5.8156619e-03
   2.4235595e-01  -3.5151685e-01  -5.5579597e-01   2.1133158e-02  -7.7304857e-03   5.3803528e-03
   2.9192434e-01  -3.3407199e-01  -4.0024726e-01   2.3308152e-02  -7.3566783e-03   4.8429686e-03
   2.9653783e-01  -3.8597226e-01  -4.3160954e-01   2.8251668e-02  -5.2052304e-03   5.5125404e-03
   3.1998383e-01  -3.0548618e-01  -5.9342651e-01   3.0411323e-02  -5.3134221e-03   8.8301251e-03
   3.6886471e-01  -3.0593932e-01  -7.4025452e-01   3.2199053e-02  -5.8288883e-03   8.8472781e-03
   3.1581833e-01  -3.8682314e-01  -5.2706129e-01   3.1948263e-02  -4.5889707e-03   7.3961854e-03
   2.7970424e-01  -3.3042433e-01  -7.2946605e-01   2.9527900e-02  -3.3472898e-03   7.5294078e-03
   2.6420516e-01  -2.7788975e-01  -7.4553637e-01   3.2337289e-02  -4.6317737e-03   6.4395306e-03
   2.9802244e-01  -3.2062201e-01  -9.9349450e-01   3.3344258e-02  -3.0629900e-03   8.4736999e-03
   2.4472762e-01  -2.5126228e-01  -4.5242627e-01   3.1821343e-02  -9.2233318e-04   7.4409496e-03
   3.3276159e-01  -2.3914783e-01  -5.5963610e-01   3.5632008e-02  -2.1126703e-03   8.5757774e-03
   3.5484590e-01  -2.5584277e-01  -6.0619426e-01   3.6299315e-02  -1.6163721e-03   1.0349881e-02
   3.6799228e-01  -2.7961456e-01  -6.5486126e-01   3.3681478e-02  -9.8647619e-04   9.1909523e-03
   3.8327149e-01  -1.8320706e-01  -1.6513675e-01   3.4797821e-02  -1.6428711e-03   9.5080560e-03
   5.5290109e-01  -1.6839929e-01   1.1213735e-01   3.5077307e-02  -3.5933434e-03   8.9013646e-03
   4.4320180e-01  -7.1718356e-02   6.8108394e-02   2.4607376e-02  -4.8137384e-03   8.4173819e-03
   2.9912073e-01  -3.1021517e-02   1.9097961e-01   2.3459138e-02  -6.1936040e-03   7.1174352e-03
