   0.0000000e+00   0.0000000e+00   0.0000000e+00   0.0000000e+00  -8.6736174e-19   0.0000000e+00
   2.4602084e-03  -1.0475597e-02   8.5745799e-02  -3.9323403e-04  -2.5250567e-04  -1.2943844e-04
  -5.6942236e-03   3.2837713e-03   1.5198950e-01  -8.2532973e-04   6.6356909e-05   2.1532621e-04
   3.3372183e-05   2.6334694e-04   2.4708073e-01  -1.6179031e-03   1.4878538e-04   4.3677470e-04
   1.1105356e-02  -1.1703692e-02   3.2879746e-01  -2.2958370e-03  -1.1473121e-04   3.0043504e-04
   1.3204712e-02  -1.4913827e-02   3.7191010e-01  -2.2577621e-03  -1.0734917e-04   2.0865181e-04
   1.3771683e-02  -2.6838785e-03   3.9070067e-01  -2.0115268e-03  -1.5048207e-04   2.0644844e-04
   2.3898400e-02  -2.9869548e-02   4.1061803e-01  -1.9206982e-03  -1.9352358e-04   2.0922206e-04
   1.8673198e-02  -4.7254901e-02   4.6616442e-01  -2.3694254e-03  -4.4820740e-04   1.7565869e-04
   2.2513588e-02  -3.1879464e-02   4.7362619e-01  -2.0669976e-03  -3.9059944e-04   1.2604669e-04
   3.9726219e-02  -4.7972641e-02   5.3007868e-01  -1.8946097e-03  -5.3810128e-04   2.1022558e-04
   3.8971007e-02  -7.5828396e-02   5.6107224e-01  -2.1334515e-03  -5.3834864e-05   1.8198838e-04
   4.8361320e-02  -7.7345812e-02   5.6721177e-01  -2.5732884e-03   3.5844480e-04   1.0236631e-04
   4.4671536e-02  -1.0931491e-01   6.5379485e-01  -2.6658579e-03   4.1444911e-04   6.4618315e-05
   5.0442802e-02  -1.2409965e-01   6.7737681e-01  -2.0103629e-03   1.5614272e-04  -2.1060022e-04
   6.0316235e-02  -1.4883626e-01   7.2659997e-01  -2.4764461e-03   1.8131796e-04  -3.2755497e-04
   5.6497707e-02  -1.4467522e-01   7.4905249e-01  -2.1571948e-03   1.0116085e-04  -5.0294182e-04
   6.9250693e-02  -1.3248516e-01   7.3318287e-01  -2.5700632e-03  -7.2455135e-05  -3.0415179e-04
   7.7211249e-02  -1.3526709e-01   7.5768483e-01  -2.2532610e-03  -2.4192582e-04  -2.2041132e-04
   7.8177855e-02  -1.3182000e-01   7.9249142e-01  -2.0642799e-03   1.1698448e-04   1.6352509e-04
   6.2533452e-02  -1.2719339e-01   8.3263966e-01  -2.5195588e-03   2.8141360e-04   2.6728870e-04
   6.2210820e-02  -1.5438766e-01   8.6127246e-01  -3.2001551e-03   2.2342258e-04   3.0020031e-04
   6.1327002e-02  -1.5753046e-01   8.6793537e-01  -2.5136376e-03  -5.7175029e-06   3.6908617e-04
   6.6167730e-02  -1.5872281e-01   8.4364591e-01  -2.2561117e-03   9.8250719e-05   6.4580929e-04
   7.3277986e-02  -1.6033474e-01   8.8529939e-01  -2.5876892e-03   3.1769929e-04   5.1093848e-04
   6.7857026e-02  -1.5877627e-01   8.6518010e-01  -2.6755237e-03   5.4763417e-04   5.2739177e-04
   6.4299066e-02  -1.5241807e-01   9.2169217e-01  -2.6795952e-03   8.4370300e-05   5.2158410e-04
   5.8627186e-02  -1.5479628e-01   9.7841977e-01  -2.2760326e-03   7.8127708e-05   6.7228220e-04
   6.4115337e-02  -1.4175373e-01   9.8179415e-01  -2.2049224e-03   1.9269443e-04   7.6108265e-04
   6.4252671e-02  -1.4601570e-01   1.0207484e+00  -2.1988437e-03   1.6689333e-04   8.8683741e-04
   6.2919988e-02  -1.7149356e-01   1.0625988e+00  -2.3346104e-03   3.6006724e-04   6.3296991e-04
   7.0283790e-02  -2.0486631e-01   1.0610785e+00  -2.6707279e-03   4.7433406e-04   2.7146442e-04
   9.6564280e-02  -2.1403552e-01   1.0289779e+00  -2.7160960e-03   3.8730450e-04   3.5953469e-04
   1.1450982e-01  -2.2406153e-01   1.0038787e+00  -2.4069141e-03   2.2950841e-04   4.1949908e-04
   1.0687360e-01  -2.3432639e-01   1.0225224e+00  -2.2354556e-03  -5.9282850e-06   3.5624066e-04
   1.1150341e-01  -2.3507263e-01   1.0438425e+00  -1.9055950e-03  -1.6654785e-04   2.7818824e-04
   1.0676269e-01  -2.1713374e-01   1.0645637e+00  -1.8077375e-03  -4.6641871e-04   2.7620580e-04
   1.0883881e-01  -2.2092337e-01   1.1483115e+00  -1.9066310e-03  -4.6619967e-04   6.9042186e-04
   1.1319935e-01  -2.6113565e-01   1.1730381e+00  -2.2834863e-03  -1.9577394e-04   3.3291759e-04
   1.4214737e-01  -2.7000502e-01   1.1904865e+00  -2.6913869e-03  -5.4703469e-04   3.6752122e-04
   1.5116939e-01  -2.7964800e-01   1.1777788e+00  -2.6569471e-03  -4.3918344e-04   4.3221819e-04
   1.5733786e-01  -2.9786000e-01   1.2171863e+00  -2.3919595e-03  -3.3711981e-04   2.1356924e-04
   1.3682937e-01  -3.3446764e-01   1.2768965e+00  -2.3417199e-03  -5.0608252e-04   1.4736055e-04
   1.7911474e-01  -2.4770840e-01   7.6770140e-01   7.5641060e-04   1.3721430e-03   2.4151558e-04
   2.1563107e-01  -2.2687818e-01   7.5707382e-01   3.3081505e-04   1.2785788e-03   1.4625801e-03
   1.8588885e-01  -2.6276534e-01   1.0453504e+00  -2.0491010e-04   1.4391191e-03   1.4698458e-03
   1.7530328e-01  -2.8230203e-01   1.1508943e+00  -8.3283624e-04   9.7139029e-04   1.0566487e-03
   1.4973111e-01  -2.8771085e-01   1.2690822e+00  -1.9299313e-03   9.5166948e-04   3.3355766e-04
   1.3627505e-01  -2.8985905e-01   1.3207316e+00  -2.9410902e-03   1.1013106e-03   4.3553121e-05
   1.3487513e-01  -2.8719429e-01   1.3468436e+00  -2.9443019e-03   9.1024878e-04   5.3323195e-05
   1.3578579e-01  -2.9356400e-01   1.4056485e+00  -3.1273269e-03   5.1065959e-04   1.9366172e-04
   1.5068000e-01  -3.0591922e-01   1.4922783e+00  -2.9224368e-03   3.0786856e-04   5.9202909e-04
   1.5407662e-01  -3.2697627e-01   1.5956943e+00  -3.1019981e-03   4.3393424e-04   8.9718590e-04
   1.5685099e-01  -3.5016130e-01   1.6559220e+00  -3.7108342e-03   5.5952498e-04   8.7354817e-04
   1.6714810e-01  -3.4026419e-01   1.6426804e+00  -3.5862547e-03   5.8050985e-04   1.0100100e-03
   1.7528014e-01  -3.6055549e-01   1.6799652e+00  -3.6498563e-03   7.8937938e-04   1.0869815e-03
   1.8790753e-01  -3.8236337e-01   1.6833103e+00  -3.3948282e-03   1.0679850e-03   1.1530268e-03
   2.0049100e-01  -4.2004420e-01   1.7784014e+00  -3.4164670e-03   9.9085674e-04   1.3768037e-03
   2.1902190e-01  -4.3659748e-01   1.8342167e+00  -3.6741153e-03   1.0831971e-03   1.4485823e-03
   2.1465807e-01  -4.0716512e-01   1.8271114e+00  -3.0934131e-03   7.2146537e-04   1.9042396e-03
   2.1452521e-01  -4.1133814e-01   1.8326677e+00  -3.0066089e-03   7.9947630e-04   1.7157929e-03
   2.1779187e-01  -4.0914176e-01   1.7729520e+00  -2.9302844e-03   5.9625052e-04   1.7239412e-03
   2.3504556e-01  -4.3268846e-01   1.7467245e+00  -3.1991118e-03   5.6734712e-04   1.5193802e-03
   2.5910274e-01  -4.3386279e-01   1.7583182e+00  -2.8884791e-03   5.5170944e-04   1.4390745e-03
   2.7860742e-01  -4.3686912e-01   1.7716481e+00  -2.7747505e-03   7.7793121e-04   1.4946596e-03
   2.9392355e-01  -4.2762825e-01   1.6819390e+00  -2.0327131e-03   5.3534345e-04   1.8857405e-03
   2.9273677e-01  -4.0111055e-01   1.6611619e+00  -1.6871368e-03   2.3466651e-04   1.8998468e-03
   2.6426400e-01  -4.3197336e-01   1.7494117e+00  -1.7872431e-03   6.0373366e-04   1.6599279e-03
   2.6066959e-01  -4.2129433e-01   1.8245069e+00  -1.1024487e-03   1.0028100e-04   1.9364275e-03
   2.6048502e-01  -3.8721765e-01   1.8322518e+00  -7.9744495e-04   2.5187192e-04   2.2005999e-03
   2.5640975e-01  -3.8175349e-01   1.8316162e+00  -1.5834260e-03   4.6882261e-04   2.2214265e-03
   2.5558779e-01  -3.7530162e-01   1.8177409e+00  -1.6915817e-03   5.6415907e-04   2.1737801e-03
   2.5660362e-01  -3.8427505e-01   1.8128409e+00  -1.0808887e-03   2.7506747e-04   2.3477799e-03
   2.5497256e-01  -3.6106570e-01   1.7860920e+00  -1.0689657e-03   6.8796354e-04   2.6129986e-03
   2.5779265e-01  -4.1988484e-01   1.9109013e+00  -1.4106166e-03   5.8621106e-04   2.1552347e-03
   2.4141724e-01  -4.5648487e-01   1.9565661e+00  -8.2661333e-04   2.2180096e-04   1.7638736e-03
   2.4239640e-01  -4.7955555e-01   1.9797040e+00  -5.4022604e-04  -1.7432112e-04   1.8306972e-03
   2.5955997e-01  -4.6992261e-01   1.8646761e+00  -9.7694859e-04   4.6320299e-04   1.9870462e-03
   2.6675315e-01  -4.9404229e-01   1.8907128e+00  -8.2696613e-04   5.1099669e-04   1.9305669e-03
   2.7436455e-01  -5.4488597e-01   1.9513945e+00  -5.6135435e-04   2.1530736e-04   1.8291622e-03
   2.7739248e-01  -5.6625527e-01   2.0057338e+00  -7.8136755e-04   2.2032297e-04   1.8613915e-03
   2.7837160e-01  -5.8255866e-01   2.0377278e+00  -5.4869625e-04   3.0158881e-04   1.8507659e-03
   2.8344098e-01  -6.0096774e-01   2.0500862e+00  -6.8139242e-05  -4.8674198e-05   1.8845029e-03
   2.8856468e-01  -5.7003069e-01   1.9187153e+00   4.6320367e-04   1.6850095e-04   1.8088670e-03
   2.8697363e-01  -5.6927567e-01   2.0004988e+00   4.9475681e-04  -6.5434489e-05   1.9357452e-03
   2.8936176e-01  -5.8131398e-01   2.0841542e+00   8.0428484e-04  -4.6808181e-04   1.9330206e-03
   2.8306804e-01  -5.8582003e-01   2.1374009e+00   3.2380229e-04  -3.0796985e-04   1.7140392e-03
   2.8410225e-01  -5.8986580e-01   2.1697205e+00   2.8897921e-04  -2.2284136e-04   1.6768315e-03
   2.8040858e-01  -6.1412160e-01   2.1983519e+00   4.9785021e-05  -2.2246555e-04   1.6068658e-03
   2.8203946e-01  -6.2415389e-01   2.2297442e+00  -2.8462490e-04  -1.8060825e-04   1.6069399e-03
   3.0049108e-01  -6.1096881e-01   2.2615967e+00   1.7932707e-04  -6.7776210e-04   2.1571842e-03
   2.9798657e-01  -5.7597363e-01   2.2906716e+00   4.8611292e-04  -7.7898164e-04   1.9251616e-03
   3.2296435e-01  -5.5075332e-01   2.3157497e+00   3.5080947e-04  -1.0029223e-03   2.9060232e-03
   3.0267728e-01  -5.4308325e-01   2.3462886e+00   6.0749996e-04  -1.0473055e-03   2.8964946e-03
   3.0410219e-01  -5.4741357e-01   2.3566978e+00   4.7037989e-04  -8.3036106e-04   2.7719967e-03
   3.0256764e-01  -5.7285091e-01   2.4041371e+00   3.5354063e-04  -8.2818582e-04   2.7436322e-03
   3.2063799e-01  -6.1163172e-01   2.4334885e+00   2.8074543e-04  -8.7971656e-04   2.7962635e-03
   3.3559533e-01  -6.3359842e-01   2.4203175e+00   4.3636257e-04  -6.8448202e-04   2.9349366e-03
   3.4903129e-01  -6.6322062e-01   2.3895176e+00   3.7067748e-04  -7.5953914e-04   2.4654837e-03
   3.6293622e-01  -6.8033090e-01   2.3194518e+00   9.9474859e-04  -9.1043400e-04   2.4620823e-03
   3.8419850e-01  -6.3642485e-01   1.9957355e+00   1.6568014e-04  -5.6097749e-04   2.3572328e-03
   3.7337545e-01  -6.4085381e-01   2.0863142e+00   2.8423929e-04  -8.0801411e-04   1.9834054e-03
   3.7268551e-01  -6.5424533e-01   2.2003649e+00   1.3507577e-03  -1.1469372e-03   2.2637804e-03
   3.6766002e-01  -6.7141836e-01   2.2953672e+00   2.0915629e-03  -1.4880229e-03   2.3628586e-03
   3.6675228e-01  -6.8221747e-01   2.4268581e+00   1.8792783e-03  -1.8643194e-03   2.3119621e-03
   3.4218645e-01  -6.8994379e-01   2.4828426e+00   2.0802225e-03  -1.8222251e-03   2.2159406e-03
   3.4058569e-01  -6.7636899e-01   2.4907588e+00   1.5791735e-03  -1.7954195e-03   2.0112921e-03
   3.4812749e-01  -6.9622476e-01   2.5486475e+00   1.5786937e-03  -2.0727893e-03   2.1202395e-03
   3.4765077e-01  -7.0371511e-01   2.6130249e+00   1.1882653e-03  -2.0307742e-03   2.3646602e-03
   3.4301244e-01  -7.3171571e-01   2.6977912e+00   1.2256200e-03  -2.0119602e-03   2.5787126e-03
   3.4692572e-01  -7.3318661e-01   2.7415182e+00   1.0962633e-03  -2.2516602e-03   2.7291603e-03
   3.6428602e-01  -7.4379186e-01   2.6931341e+00   6.5133283e-04  -1.9756365e-03   2.7752585e-03
   3.7486343e-01  -7.8010605e-01   2.7328960e+00  -3.7210673e-05  -1.7933132e-03   2.6249163e-03
   3.8103644e-01  -7.8883852e-01   2.7183146e+00   3.6094030e-04  -1.7747579e-03   2.5302552e-03
   3.7171997e-01  -8.1316205e-01   2.7791207e+00  -8.9782652e-05  -1.3035032e-03   2.5139897e-03
   3.7995427e-01  -7.9966536e-01   2.7587292e+00   3.6457353e-04  -1.3734370e-03   2.7116161e-03
   3.9102397e-01  -7.8534663e-01   2.7401005e+00   2.8821870e-04  -1.5495132e-03   2.7444207e-03
   3.8315867e-01  -7.7062447e-01   2.7836589e+00   5.4800778e-04  -1.6363692e-03   2.8518687e-03
   3.7373079e-01  -7.9841563e-01   2.8689399e+00   5.0462598e-04  -1.4619526e-03   2.8266221e-03
   3.5676751e-01  -8.1821214e-01   2.9115663e+00  -6.5332716e-05  -1.3862469e-03   2.5010737e-03
