   0.0000000e+00   0.0000000e+00   0.0000000e+00   0.0000000e+00   1.0842022e-19   0.0000000e+00
  -1.5960494e-02   6.0063932e-02   8.4755562e-03  -1.2501641e-03  -1.7879551e-04  -2.3812646e-04
   4.4905203e-04   1.2957212e-02   1.4517530e-02  -2.1556293e-04   3.6569247e-04  -3.0675040e-05
  -1.4831369e-02   4.6206849e-02   4.3132803e-02  -4.4244336e-04   7.2356635e-04  -1.3938915e-04
  -5.1086714e-02   1.6177351e-02   2.4806888e-02  -1.1558453e-03   9.6785356e-04   3.3198857e-05
  -2.1698985e-02   1.2166369e-02   5.8127860e-02  -1.7715269e-03  -3.2306854e-04   1.7369951e-04
  -5.1571196e-02   5.4091416e-02   8.9750956e-03  -1.4423982e-03   5.3877870e-04  -4.9592152e-04
  -3.2372450e-02   8.5983145e-03   6.5860999e-02  -3.2259545e-03  -5.4041219e-04  -2.3323302e-04
  -5.8770022e-02   2.3558902e-02   2.9973415e-02  -2.0712221e-03   7.1899593e-04  -5.0492513e-04
  -3.3780151e-02   2.4563682e-02   2.7311856e-02  -3.2898092e-03  -4.4815889e-04  -4.0604597e-04
  -4.3542495e-02   2.3971111e-02   1.0786303e-01  -4.7626966e-03   4.8474859e-04  -4.4399332e-04
  -4.4248697e-02   7.9871618e-03   1.2084942e-01  -5.3010666e-03   3.9272902e-05  -6.3051943e-04
  -5.2931257e-02   1.8363870e-02   4.7448031e-02  -2.5831396e-03   9.6367036e-04  -4.2090725e-04
  -3.6172111e-02  -9.7457501e-03   7.5645907e-02  -3.4346922e-03   7.3326468e-04  -4.5833757e-04
  -2.1949992e-02  -2.8149498e-02   1.1949133e-01  -4.3346553e-03   7.4078907e-04  -4.9012877e-04
  -3.6594626e-02   2.0406951e-02   9.8042632e-02  -4.1056286e-03   1.7286336e-03  -5.7250976e-04
  -3.9355458e-02  -2.0759036e-03   1.2722090e-01  -4.7123343e-03   2.0390279e-03  -7.6172888e-04
  -2.8741185e-02  -1.6596587e-02   1.1330077e-01  -3.9840004e-03   1.8619652e-03  -7.3387992e-04
  -1.8545265e-02  -5.3659966e-02   1.3677028e-01  -4.6597846e-03   1.6280224e-03  -6.0368750e-04
  -8.7801037e-03  -6.5706746e-02   2.0322256e-01  -5.3947172e-03   1.4541047e-03  -4.5903774e-04
  -1.4030347e-02  -3.2865843e-02   1.6199814e-01  -4.9169962e-03   1.4442926e-03  -5.5753188e-04
  -1.0403344e-02  -8.6916472e-02   1.9929479e-01  -5.3869583e-03   1.2676243e-03  -3.1015979e-04
  -3.6399556e-02  -4.6260497e-02   2.1056175e-01  -6.2387168e-03   1.4151207e-03  -6.2179112e-04
  -9.4997964e-03  -7.4014972e-02   2.0903571e-01  -5.2639266e-03   1.3108886e-03   1.0546318e-04
  -2.7932719e-02  -6.2794203e-02   2.2064772e-01  -4.7965432e-03   1.5249821e-03  -3.8156294e-04
  -3.2331282e-02  -3.3794434e-02   1.9488575e-01  -4.9317510e-03   1.5872217e-03  -3.4489647e-04
  -3.7895029e-02  -4.0716030e-02   2.6330268e-01  -6.4710560e-03   2.2212714e-03  -3.8653436e-04
  -3.3198738e-02   4.0479305e-03   2.1601437e-01  -6.6782645e-03   1.2185751e-03  -4.6315269e-04
  -5.1545420e-02  -1.1740166e-02   2.0159444e-01  -6.7713998e-03   1.7309036e-03  -7.0023298e-04
  -4.1457473e-02  -2.8081885e-02   2.2320695e-01  -7.4692179e-03   1.0774730e-03  -6.4819627e-04
  -6.0643226e-02  -2.8538537e-03   1.4005973e-01  -6.5027865e-03   1.8779481e-03  -9.0501975e-04
  -6.3332604e-02  -3.6089823e-02   1.5661043e-01  -6.8775425e-03   1.9298852e-03  -9.7788155e-04
  -7.0952172e-02  -4.9555986e-02   1.9350947e-01  -7.3114108e-03   1.4860252e-03  -1.3905618e-03
  -6.6131930e-02  -3.5284621e-02   2.2308144e-01  -9.1523374e-03   1.3500607e-03  -1.2741719e-03
  -6.4565289e-02  -5.8566567e-02   1.9942752e-01  -8.1930305e-03   2.0852744e-03  -1.5453119e-03
  -5.4632579e-02  -9.1666536e-02   2.1257717e-01  -8.5179068e-03   1.7219469e-03  -1.4323772e-03
  -4.6107280e-02  -4.9861426e-02   1.7806249e-01  -8.4501729e-03   1.5564005e-03  -1.1835434e-03
  -3.1428310e-02  -9.4262374e-02   2.0490373e-01  -7.8338904e-03   1.7744437e-03  -1.3553108e-03
  -4.7746398e-02  -4.7375361e-02   2.1321005e-01  -8.0019869e-03   2.1331993e-03  -1.2832222e-03
  -4.5567891e-02  -6.2826292e-02   2.0347229e-01  -7.9014434e-03   2.1459992e-03  -1.3263459e-03
  -2.9808269e-02  -9.0501712e-02   2.3423407e-01  -8.2040009e-03   1.8443331e-03  -1.4245124e-03
  -4.5978503e-02  -8.8365742e-02   2.2998451e-01  -8.2252149e-03   2.2781930e-03  -1.7237223e-03
  -5.7344185e-02  -1.2588254e-01   2.6527784e-01  -8.2857117e-03   2.4388858e-03  -1.7542973e-03
  -6.5857410e-02  -9.9749789e-02   2.4215948e-01  -8.3902409e-03   2.3075964e-03  -1.8750723e-03
  -6.7157214e-02  -7.1378109e-02   2.1244068e-01  -8.9095941e-03   2.1797600e-03  -2.0817616e-03
  -5.6599643e-02  -9.2423853e-02   2.6599516e-01  -1.0032087e-02   1.3665343e-03  -1.7932680e-03
  -7.6703811e-02  -7.3618327e-02   2.4562307e-01  -9.9299785e-03   2.2046808e-03  -1.9700020e-03
  -6.3504677e-02  -9.1772178e-02   2.1833656e-01  -9.5292392e-03   1.2370710e-03  -1.9127768e-03
  -7.1488631e-02  -7.6616968e-02   2.2273391e-01  -9.0078868e-03   1.8665969e-03  -2.1990395e-03
  -5.8933594e-02  -7.8402250e-02   2.3422802e-01  -1.0296682e-02   1.1970776e-03  -1.8518759e-03
  -6.5846123e-02  -7.1792478e-02   2.1684950e-01  -9.5710500e-03   2.0198886e-03  -2.0732853e-03
  -5.4739464e-02  -1.0221157e-01   2.2972213e-01  -8.9385354e-03   1.9463248e-03  -2.0768991e-03
  -6.0697375e-02  -6.6119758e-02   2.2468946e-01  -1.0535022e-02   2.3279144e-03  -2.2121711e-03
  -4.3643240e-02  -8.7322202e-02   2.4988390e-01  -1.0648034e-02   1.5292414e-03  -1.7077322e-03
  -4.8444066e-02  -1.0282165e-01   2.5190683e-01  -1.0360190e-02   2.1107759e-03  -1.9264560e-03
  -4.8944073e-02  -8.9906567e-02   2.5044328e-01  -1.1550397e-02   1.9942999e-03  -2.0156429e-03
  -4.0082969e-02  -8.5390686e-02   2.2537597e-01  -1.1276643e-02   1.7703151e-03  -1.8816479e-03
  -4.8711524e-02  -1.1515060e-01   2.7727337e-01  -1.1845565e-02   2.3822827e-03  -1.8893570e-03
  -5.7369389e-02  -1.2070121e-01   2.7894621e-01  -1.2603307e-02   1.3701530e-03  -2.6218734e-03
  -2.4106005e-02  -1.3742466e-01   2.0574916e-01  -1.0992492e-02   8.7757070e-04  -2.0130911e-03
  -2.6422863e-02  -1.2042827e-01   2.0679265e-01  -1.0488382e-02   7.5523068e-04  -1.8096120e-03
  -2.4544698e-03  -1.5510134e-01   1.8989834e-01  -9.2497163e-03   4.6382955e-04  -1.1649598e-03
  -4.3121102e-04  -1.5473808e-01   2.4676975e-01  -9.8741957e-03   1.0192969e-03  -1.2149298e-03
  -3.9137558e-03  -1.6107968e-01   2.3441263e-01  -9.6353914e-03   1.3814443e-04  -1.5018422e-03
  -1.3899603e-02  -1.4718014e-01   2.7300208e-01  -1.0052337e-02   7.4723663e-04  -1.2145122e-03
  -3.2321583e-02  -1.2428320e-01   2.4176550e-01  -9.5099830e-03   1.0902260e-03  -1.3055888e-03
  -2.1517860e-02  -1.5404812e-01   3.0568815e-01  -1.0029155e-02   5.0406331e-04  -9.0006697e-04
  -5.0202467e-02  -1.2397391e-01   2.9004398e-01  -1.0239424e-02   1.0938759e-03  -1.0561039e-03
  -5.2397013e-02  -2.1068791e-01   3.4396216e-01  -9.5509184e-03   1.2677885e-03  -1.3119741e-03
  -5.5139759e-02  -1.5215510e-01   3.3992646e-01  -1.0566311e-02   1.0196664e-03  -1.2705860e-03
  -5.6643252e-02  -1.8155630e-01   3.4612115e-01  -9.3296696e-03   9.8675721e-04  -1.1675023e-03
  -7.2128230e-02  -1.8843144e-01   3.6466480e-01  -9.7545777e-03   1.3499925e-03  -1.2370447e-03
  -6.0475320e-02  -1.7652420e-01   3.1237461e-01  -8.7023592e-03   6.7751720e-04  -1.0909875e-03
  -5.8469133e-02  -2.0530466e-01   3.5678629e-01  -9.0560851e-03   7.2787314e-04  -1.1190202e-03
  -6.6025524e-02  -1.7803360e-01   3.2996175e-01  -8.9328577e-03   5.2970000e-04  -1.3065415e-03
  -6.4204839e-02  -1.8535365e-01   3.2334806e-01  -8.9359075e-03   5.9828515e-04  -1.2264913e-03
  -7.6606987e-02  -1.6165354e-01   3.7071482e-01  -1.0762927e-02   1.2847556e-03  -1.4768161e-03
  -5.5978694e-02  -1.5795983e-01   3.3927040e-01  -1.0372905e-02   8.7911802e-05  -1.3123579e-03
  -5.9294725e-02  -2.0131051e-01   3.4580795e-01  -8.9686962e-03   4.5317628e-04  -1.1903987e-03
  -7.3341229e-02  -1.8038859e-01   3.5794477e-01  -9.7122169e-03   5.9726071e-04  -1.3267448e-03
  -7.3217205e-02  -1.8054506e-01   3.2705427e-01  -9.4197709e-03   6.3393614e-04  -1.3635491e-03
  -8.6478508e-02  -2.1157751e-01   4.2551420e-01  -1.2265418e-02   1.7637830e-04  -2.2116273e-03
  -9.1390820e-02  -2.3107591e-01   4.7002868e-01  -1.2458721e-02   9.1956508e-06  -1.9296836e-03
  -9.8645601e-02  -2.1017499e-01   4.6348251e-01  -1.2264399e-02   4.9628656e-04  -1.7595991e-03
  -5.6523499e-02  -2.9741872e-01   4.9503602e-01  -1.1172397e-02   9.5960499e-05  -7.9275236e-04
  -5.8903650e-02  -2.3084847e-01   4.3682770e-01  -1.0714713e-02   2.2433323e-04  -9.6120526e-04
  -5.6070125e-02  -2.6795715e-01   5.7494479e-01  -1.2915753e-02   2.7091996e-04  -6.6308216e-04
  -6.2844372e-02  -2.2238986e-01   5.4163361e-01  -1.1865574e-02   8.6815676e-04  -7.0555685e-04
  -4.2689264e-02  -2.7217738e-01   5.8493857e-01  -1.2122954e-02   3.0047910e-04  -5.1775222e-04
  -5.4581800e-02  -2.3999903e-01   5.5461800e-01  -1.0945484e-02   9.1960627e-04  -6.1899324e-04
  -4.9954260e-02  -2.5817271e-01   5.4711558e-01  -1.0988827e-02   5.1338928e-04  -3.8386645e-04
  -5.4633630e-02  -2.6015950e-01   5.6636355e-01  -1.1543460e-02   6.9359108e-04  -4.1995588e-04
  -5.3270167e-02  -2.3661150e-01   5.5387891e-01  -1.1688914e-02   7.1818073e-04  -4.2811093e-04
  -4.7255894e-02  -2.5258392e-01   5.6685411e-01  -1.2573784e-02   4.6049733e-05  -1.0600627e-03
  -6.5254502e-02  -2.2379030e-01   5.0572237e-01  -1.0734938e-02   7.7561501e-04  -9.7046122e-04
  -4.0002197e-02  -2.9209275e-01   5.7083783e-01  -1.2313033e-02  -2.1405504e-04  -5.6352873e-04
  -5.4272497e-02  -2.4181324e-01   5.4421752e-01  -1.1761956e-02   4.5188780e-04  -5.5773036e-04
  -3.9933470e-02  -2.7745537e-01   5.2862584e-01  -1.1002659e-02   3.6401498e-04  -3.7992453e-04
  -4.0889026e-02  -2.7146662e-01   6.2079131e-01  -1.3534945e-02   2.5440940e-04  -3.9306563e-04
  -3.5259282e-02  -2.7199477e-01   5.2420156e-01  -1.0892674e-02  -4.1394459e-04  -4.8335121e-04
  -4.6368116e-02  -2.6428396e-01   5.7602051e-01  -1.2259791e-02   6.8464580e-04  -5.5655655e-04
  -3.0525745e-02  -2.4854979e-01   5.4684079e-01  -1.2923301e-02  -1.6854749e-04  -5.6448857e-04
  -4.7619627e-02  -2.5624381e-01   5.4573129e-01  -1.2430239e-02  -8.8092778e-05  -1.0700640e-03
  -3.7452712e-02  -2.8950022e-01   5.9211473e-01  -1.3372350e-02   1.0503227e-04  -1.2557581e-03
  -3.2577589e-02  -2.6044658e-01   5.5397439e-01  -1.3079859e-02   3.4654475e-04  -6.0973655e-04
  -3.3050014e-02  -3.1593319e-01   6.0890757e-01  -1.4138138e-02  -2.2047570e-04  -1.4141729e-03
  -4.0987325e-02  -2.8167680e-01   6.0545292e-01  -1.4811299e-02   1.6609804e-05  -1.1340359e-03
  -3.6752832e-02  -3.0780318e-01   5.7831094e-01  -1.3716223e-02   8.3636385e-05  -5.4730887e-04
  -2.0230545e-02  -3.2277577e-01   6.6756826e-01  -1.5182321e-02  -3.3588629e-04  -8.4598226e-04
   1.5492796e-03  -3.0077889e-01   6.1892131e-01  -1.3445519e-02  -9.7925037e-04  -2.9293576e-05
  -2.2354699e-03  -3.1105887e-01   6.4886591e-01  -1.3496984e-02  -3.4995884e-04  -3.0795344e-04
  -7.8696535e-04  -3.0380387e-01   6.5746123e-01  -1.3851766e-02  -8.6575560e-04  -2.8278113e-04
  -1.6907104e-02  -2.8117085e-01   7.1079227e-01  -1.5186961e-02  -3.5636404e-04  -3.3620668e-04
  -1.6852025e-02  -3.2833582e-01   7.5728578e-01  -1.5817319e-02  -1.1337059e-03  -9.1510306e-04
  -9.6372438e-03  -3.3399803e-01   8.0952406e-01  -1.6538435e-02  -8.3581600e-04  -6.2170180e-04
  -2.6820832e-02  -3.1546191e-01   7.7896584e-01  -1.6398071e-02  -7.5087400e-04  -8.7316533e-04
  -1.1116133e-02  -3.6034271e-01   8.2387916e-01  -1.6173205e-02  -1.1796150e-03  -6.6657175e-04
  -3.3077416e-03  -3.3626532e-01   7.8363183e-01  -1.5045708e-02  -9.6743197e-04  -1.8901113e-04
   7.4075483e-03  -3.9686940e-01   8.4644214e-01  -1.5364850e-02  -1.5354735e-03  -2.9308985e-04
   1.7071386e-03  -3.5867135e-01   8.3008559e-01  -1.5238652e-02  -1.3749733e-03   1.4747032e-04
