   0.0000000e+00   0.0000000e+00   0.0000000e+00   0.0000000e+00   0.0000000e+00   0.0000000e+00
  -1.8138968e-04  -4.0361101e-04  -1.7791139e-02  -5.7407428e-05  -1.0427035e-04   2.5006577e-04
  -4.4398557e-03  -4.5215548e-03   1.5752910e-03  -5.8671917e-04  -3.3232239e-05   2.8535663e-04
  -5.8731244e-03   9.2854214e-03   6.1793558e-03  -1.5705925e-04  -1.0715823e-04   3.1939780e-04
  -1.7026262e-03   4.7526025e-03  -8.3750587e-04  -1.0802107e-04  -2.5733710e-04   1.8247660e-04
  -1.1413738e-02  -1.0456737e-02   1.2758626e-02   2.0529159e-04  -1.8766392e-05   2.7361506e-04
   1.0497548e-03  -3.3069928e-02   1.6431359e-02  -3.1327894e-04  -5.9142122e-05   2.1892042e-04
   8.7607630e-03  -4.1117862e-02   7.0676391e-03   4.6962731e-04   1.0683371e-04   3.2008169e-04
   2.7715454e-02  -3.0367277e-02  -3.0121102e-02   1.8351082e-04  -1.3172195e-04   5.3902885e-04
   3.8288002e-02  -2.8656278e-02  -1.2886250e-02  -2.0639751e-04  -3.4843703e-04   7.7691856e-04
   5.1983257e-02  -3.3233589e-02  -2.3057512e-02  -3.9681502e-04  -6.4587963e-04   7.2290855e-04
   4.5896737e-02  -2.8126674e-02  -8.3835887e-02   1.5939340e-04  -7.5504474e-04   5.4016707e-04
   1.0672844e-01   5.8381884e-02  -6.2427695e-01   3.5777032e-03   4.7678693e-04   1.4191784e-03
   1.3455391e-01   7.7818124e-02  -6.9138988e-01   3.8601618e-03   2.2896962e-03   1.2950205e-03
   1.4218095e-01   1.0609818e-01  -9.6483858e-01   8.6993767e-03   1.0593706e-03   1.9704806e-03
   1.4789544e-01   1.3744760e-01  -1.0456478e+00   1.1926579e-02   1.2890111e-04   2.7233072e-03
   1.5862679e-01   1.5971755e-01  -1.0868499e+00   1.5313866e-02  -2.5119382e-05   2.8578336e-03
   1.6814135e-01   1.3767301e-01  -1.2318253e+00   1.4083738e-02   6.8513094e-04   3.3073285e-03
   1.8029837e-01   1.8886101e-01  -1.2396035e+00   1.9622939e-02   6.3476673e-04   4.2889502e-03
   1.7936173e-01   1.0045592e-01  -9.5682973e-01   1.3845486e-02  -4.4729001e-04   2.9186084e-03
   1.8671113e-01   8.2633548e-02  -7.2988443e-01   8.3806717e-03  -2.4306355e-03   2.0628407e-03
   1.6493322e-01   7.2443800e-02  -6.3011038e-01   8.6708132e-03  -2.1246381e-03   1.5474510e-03
   1.5419961e-01   8.6547602e-02  -6.2098960e-01   9.5057368e-03  -1.6862178e-03   1.3712924e-03
   1.4130149e-01   4.7587020e-02  -4.8790213e-01   1.0279429e-02  -4.8523182e-04   1.5439176e-03
   1.4969866e-01   2.7363024e-02  -5.1614244e-01   1.0466739e-02  -5.4800710e-04   1.3443691e-03
   1.5221996e-01   2.3418063e-02  -5.3886777e-01   1.0551594e-02  -5.4936100e-04   1.4065500e-03
   1.5180034e-01   2.5659678e-02  -4.8012007e-01   9.9259706e-03  -2.6744497e-04   1.3053446e-03
   1.5227926e-01   6.3161975e-02  -7.7127534e-01   1.1686157e-02  -3.3939068e-04   1.3350906e-03
   1.8808694e-01   7.7767325e-02  -8.3421440e-01   1.2619611e-02  -3.3878223e-04   1.9361104e-03
   1.7935174e-01   1.0793784e-01  -8.1011326e-01   1.4658181e-02  -6.5539977e-05   1.8567557e-03
   1.7365801e-01   8.6321473e-02  -8.3677003e-01   1.4114966e-02  -3.6347770e-04   2.3279106e-03
   1.7040820e-01   1.0473780e-01  -8.2948924e-01   1.6376784e-02  -6.6972867e-04   2.6962498e-03
   1.8627089e-01   9.7118443e-02  -8.0960392e-01   1.9660756e-02  -1.3412479e-03   2.8323211e-03
   2.1023238e-01   8.5725545e-02  -7.9273856e-01   2.1626267e-02  -1.1300854e-03   4.8788431e-03
   2.1504948e-01   1.2957629e-01  -8.2039191e-01   2.4397899e-02  -3.4844279e-04   5.5839127e-03
   2.2204370e-01   1.2384202e-01  -8.0769832e-01   2.5377779e-02  -3.7845606e-04   5.6357128e-03
   2.2081459e-01   8.6696260e-02  -6.4458954e-01   2.2567474e-02  -1.1946172e-03   4.7105570e-03
   2.1369221e-01   7.5187757e-02  -5.5731329e-01   2.0963412e-02  -1.3589991e-03   4.3568655e-03
   2.0979057e-01   9.8354172e-02  -5.5482706e-01   2.0872473e-02  -1.0664390e-03   4.5164951e-03
   2.0853889e-01   1.0801395e-01  -5.9999794e-01   2.1205065e-02  -9.8189172e-04   4.6438348e-03
   2.0231693e-01   9.6305048e-02  -6.2868809e-01   2.1622932e-02  -1.0586701e-03   4.2617335e-03
   1.9791636e-01   7.6290889e-02  -5.9865902e-01   2.0779559e-02  -8.2503434e-04   4.3239496e-03
   2.0444453e-01   7.9170779e-02  -5.8240450e-01   2.0222581e-02  -5.4395011e-04   4.6171065e-03
   2.1479287e-01   7.5992664e-02  -6.1635866e-01   2.0594120e-02  -5.7421494e-04   4.9393829e-03
   2.1274440e-01   6.2576349e-02  -6.1844037e-01   2.0283759e-02  -3.8856105e-04   4.6947959e-03
   2.1581900e-01   5.8275795e-02  -5.7988080e-01   2.0160591e-02  -3.5270872e-04   4.7384733e-03
   2.2067381e-01   6.0039690e-02  -6.0265341e-01   2.0175356e-02  -2.9105559e-04   4.9542790e-03
   2.0712216e-01   5.7455490e-02  -5.9604104e-01   1.9892305e-02  -1.7949665e-04   4.9478473e-03
   2.1011852e-01   6.6672511e-02  -5.6153119e-01   1.9389388e-02   2.1570896e-06   5.0419765e-03
   2.1147361e-01   9.7690661e-02  -5.7256700e-01   1.9475065e-02   1.1562134e-04   5.3691755e-03
   1.9918137e-01   7.9316245e-02  -6.0123897e-01   2.0351053e-02   4.9846925e-05   4.7825611e-03
   1.9444364e-01   3.3497925e-02  -5.8445623e-01   1.8715991e-02   2.3903265e-04   4.1109099e-03
   2.0677234e-01   2.8330636e-02  -6.3649812e-01   1.7277409e-02  -7.2610678e-04   3.2299012e-03
   2.0025004e-01   3.2996886e-02  -7.2954304e-01   1.8946971e-02   1.0237636e-04   3.9703156e-03
   2.2898258e-01   2.8003137e-02  -8.8954798e-01   2.0711437e-02   9.7512479e-05   4.4766615e-03
   2.5444372e-01   8.6753223e-03  -9.5905406e-01   2.0890153e-02  -4.6413150e-04   4.5562379e-03
   2.6908098e-01   1.0020638e-02  -9.7769098e-01   2.1580115e-02  -8.7809548e-04   4.7232317e-03
   2.6151707e-01   5.5104376e-02  -9.7011599e-01   2.4662994e-02  -1.0180790e-03   4.8994335e-03
   2.5059076e-01   7.9534140e-02  -1.0263396e+00   2.8898560e-02  -1.7548510e-03   5.1032476e-03
   2.3229571e-01   8.2200754e-02  -1.0689070e+00   3.2644347e-02  -2.6169848e-03   5.1459982e-03
   2.5551726e-01   7.6308513e-02  -1.0639910e+00   3.3925443e-02  -2.4624828e-03   5.8201638e-03
   2.4947587e-01   8.5728798e-02  -1.0268535e+00   3.5144457e-02  -2.1384412e-03   6.0530275e-03
   2.2722206e-01   9.0222117e-02  -1.0240154e+00   3.6295422e-02  -2.4554374e-03   5.9386337e-03
   2.2133722e-01   1.1306132e-01  -1.0361211e+00   3.6967396e-02  -2.5839615e-03   6.0924440e-03
   2.2249343e-01   1.2714405e-01  -1.0390793e+00   3.9469082e-02  -3.0317988e-03   6.4875890e-03
   2.2306389e-01   1.4601125e-01  -1.0797042e+00   4.0818489e-02  -3.1481537e-03   7.7067812e-03
   2.2302450e-01   1.4404135e-01  -1.0604589e+00   4.1271371e-02  -2.6076703e-03   8.2309084e-03
   2.1659003e-01   1.7803205e-01  -1.1172777e+00   4.4321785e-02  -2.7194029e-03   8.0488769e-03
   2.1120671e-01   1.8379461e-01  -1.1124156e+00   4.4850004e-02  -3.1823493e-03   8.1484479e-03
   1.7744187e-01   2.0324683e-01  -9.1647001e-01   4.3684318e-02  -3.5409736e-03   8.5842502e-03
   1.8305782e-01  -1.7618013e-02  -4.6429651e-01   4.8241614e-02  -6.3753876e-03   8.0933470e-03
   1.8875754e-01  -1.8040685e-01  -8.2909262e-01   2.4627926e-02  -3.7866690e-03   6.0524216e-03
   2.0176744e-01  -1.3537156e-01  -9.6424397e-01   1.7398930e-02  -4.7743752e-03   5.6376791e-03
   1.9363217e-01  -1.1362324e-01  -9.4129427e-01   2.1035135e-02  -3.9535982e-03   5.3989125e-03
   1.9226866e-01  -1.2455970e-01  -8.4233916e-01   2.2459097e-02  -3.2219797e-03   5.5136127e-03
   1.9064197e-01  -1.1659025e-01  -8.2043528e-01   2.2053601e-02  -3.3306266e-03   5.1940450e-03
   1.8864780e-01  -1.0414483e-01  -8.2560171e-01   2.2699893e-02  -3.6259276e-03   4.8867955e-03
   1.8161811e-01  -1.0783061e-01  -7.8546628e-01   2.2278469e-02  -3.6616716e-03   4.8112993e-03
   1.8784966e-01  -1.0965714e-01  -8.0566263e-01   2.2272081e-02  -3.6392110e-03   4.9306064e-03
   1.8147014e-01  -9.1516387e-02  -1.1614388e+00   2.5036363e-02  -3.2875223e-03   4.4255035e-03
   2.0709404e-01  -8.9467042e-02  -1.3661667e+00   2.8137154e-02  -4.2648996e-03   4.1066667e-03
   2.0714863e-01  -6.4659566e-02  -1.3751085e+00   2.7887780e-02  -4.3716709e-03   4.5206930e-03
   2.0598634e-01  -6.2787371e-02  -1.3148382e+00   3.0430729e-02  -4.6213744e-03   4.1654440e-03
   2.0703003e-01  -5.7798785e-02  -1.3843786e+00   3.2619145e-02  -4.1846673e-03   3.0699853e-03
   2.1090126e-01  -4.7581273e-02  -1.4950498e+00   3.4413699e-02  -4.3612845e-03   3.4680501e-03
   2.2570139e-01  -3.4681248e-02  -1.5106751e+00   3.5715457e-02  -5.1256453e-03   4.5254594e-03
   2.1689674e-01  -3.3666400e-02  -1.4322918e+00   3.6196759e-02  -5.9767697e-03   4.6991228e-03
   1.9926732e-01  -1.9581413e-02  -1.3677018e+00   3.6764935e-02  -6.6607080e-03   4.2650340e-03
   1.9215846e-01  -2.0389891e-02  -1.4276920e+00   3.8732547e-02  -7.1524639e-03   4.8227856e-03
   1.9949927e-01  -5.9628098e-02  -1.5213832e+00   3.9204925e-02  -7.8685854e-03   5.9852045e-03
   2.0158481e-01  -7.9228871e-02  -1.4396215e+00   3.9790450e-02  -8.1918150e-03   7.2669846e-03
   1.9402176e-01  -8.0648128e-02  -1.4475616e+00   4.0315095e-02  -8.9548175e-03   7.2819896e-03
   2.1388603e-01  -7.6418935e-02  -1.5255326e+00   4.0413048e-02  -8.6074235e-03   8.1439740e-03
   2.1418431e-01  -9.5994877e-02  -1.2945947e+00   3.7664057e-02  -8.4929957e-03   8.5726389e-03
   2.1408625e-01  -1.4468438e-01  -1.1580993e+00   1.7702164e-02  -9.1116250e-03   7.5091101e-03
   2.1528285e-01  -1.1683880e-01  -1.1165877e+00   2.2836943e-02  -9.0645435e-03   7.7817846e-03
   2.2626777e-01  -1.0097893e-01  -1.1013181e+00   2.3658668e-02  -8.9109969e-03   8.0610121e-03
   2.2959992e-01  -1.0299281e-01  -1.0799740e+00   2.4463835e-02  -8.7668267e-03   7.9923559e-03
   2.2745669e-01  -9.3363583e-02  -1.0554357e+00   2.5801134e-02  -8.5804203e-03   7.7769629e-03
   2.4273899e-01  -1.1278802e-01  -1.0162741e+00   2.6030168e-02  -8.8861768e-03   7.9687598e-03
   2.4634875e-01  -7.5249692e-02  -1.0112799e+00   2.8552240e-02  -9.4916101e-03   8.2752850e-03
   2.4324954e-01  -4.2583677e-02  -1.0440694e+00   3.0453323e-02  -9.3662497e-03   8.5755428e-03
   2.4277217e-01  -6.5450602e-02  -1.3699533e+00   3.2577331e-02  -9.7433432e-03   7.9501161e-03
   2.4281239e-01  -6.5667552e-02  -1.3562069e+00   3.3819658e-02  -1.0521809e-02   8.4069675e-03
   2.5025836e-01  -8.4355039e-02  -1.3713472e+00   3.3401687e-02  -1.0556994e-02   8.9644737e-03
   2.5939386e-01  -7.2431247e-02  -1.3664100e+00   3.5415630e-02  -1.1086340e-02   8.8276861e-03
   2.4801574e-01  -8.0505005e-02  -1.3940042e+00   3.6874745e-02  -1.2704513e-02   8.7975548e-03
   2.4639601e-01  -8.1029935e-02  -1.4276253e+00   3.8297592e-02  -1.3452086e-02   9.2241453e-03
   2.4242366e-01  -9.2940612e-02  -1.3543564e+00   3.8755329e-02  -1.3582771e-02   9.4160062e-03
   2.3686904e-01  -8.6448562e-02  -1.3710653e+00   3.9612010e-02  -1.4226908e-02   8.7361374e-03
   2.4441840e-01  -9.7820914e-02  -1.4966176e+00   4.0304551e-02  -1.3814611e-02   9.0038221e-03
   2.5017616e-01  -7.6575810e-02  -1.4900981e+00   4.0306264e-02  -1.4041579e-02   1.0024512e-02
   2.6321151e-01   2.9746743e-02  -1.4193011e+00   4.9299809e-02  -1.3051103e-02   1.1381863e-02
   2.4882520e-01   4.5416471e-02  -1.3514467e+00   5.1639220e-02  -1.3636273e-02   1.1480068e-02
   2.5282564e-01   5.0916745e-02  -1.5049134e+00   5.3771793e-02  -1.3680578e-02   1.2165639e-02
   2.4798220e-01   4.6808531e-02  -1.5297149e+00   5.5850380e-02  -1.4659483e-02   1.2656827e-02
   2.5253975e-01   3.8067239e-02  -1.4842178e+00   5.6841083e-02  -1.4507866e-02   1.3166100e-02
   2.4843101e-01  -2.6663158e-02  -1.4628589e+00   5.2278276e-02  -1.5100325e-02   1.3346911e-02
   2.3135316e-01  -9.1300412e-03  -1.2341531e+00   4.2323501e-02  -1.6152071e-02   1.2304475e-02
   2.0715579e-01  -1.0005951e-02  -1.2230766e+00   4.5054778e-02  -1.5917918e-02   1.2185365e-02
