   0.0000000e+00   0.0000000e+00   0.0000000e+00   0.0000000e+00   0.0000000e+00   0.0000000e+00
  -5.8148837e-03   1.1939658e-01  -8.7887063e-02  -7.4521161e-04   1.0835894e-04  -8.6016171e-05
   7.3941176e-03   1.3557801e-01  -8.2168065e-02  -7.3596242e-04  -5.5826901e-05   4.3125705e-05
   1.5499511e-02   6.9813134e-02  -5.3709524e-02  -7.2049990e-04  -2.2918964e-04  -1.2281355e-04
  -6.9165603e-04   1.6541336e-01  -8.6182329e-02  -1.2880614e-03  -9.8103887e-05  -2.4452407e-04
   3.0373649e-03   9.8467431e-02  -2.5813099e-02  -1.3741371e-03  -3.4282254e-04   4.5236915e-05
   9.1396859e-03   1.7713682e-01  -7.4527581e-02  -1.7899753e-03  -3.0669901e-04  -2.6167803e-05
   1.5135488e-02   1.0291336e-01  -4.5726565e-02  -1.7351181e-03  -5.2528088e-04   7.3861180e-05
   1.1615857e-02   1.9227219e-01  -8.1843786e-02  -1.9954127e-03  -4.8331445e-04  -5.3311175e-06
   2.2319536e-02   1.4382320e-01  -6.1612635e-02  -2.1888853e-03  -6.6623811e-04   1.3383883e-04
   1.7132283e-02   1.9169979e-01  -6.8407054e-02  -2.3077012e-03  -6.5413892e-04   9.0170899e-05
   1.0985269e-02   1.8963019e-01  -8.4345453e-02  -2.5361841e-03  -6.0615828e-04  -3.2522294e-05
   1.7857149e-02   2.1169482e-01  -6.2562029e-02  -2.6655143e-03  -7.7786895e-04   1.2248021e-05
   2.4229639e-02   1.7918393e-01  -3.8907716e-02  -2.8187394e-03  -8.5343818e-04   8.2552048e-08
   2.7802230e-02   2.1820698e-01  -5.2462355e-02  -2.9170209e-03  -8.8121161e-04   5.3454626e-05
   2.7577308e-02   2.2034714e-01  -7.4318076e-02  -3.0278308e-03  -8.8806452e-04   1.2142821e-04
   2.9751315e-02   2.2563918e-01  -5.2171218e-02  -2.9417374e-03  -8.7823890e-04   4.1136348e-05
   4.1247399e-02   2.3724580e-01  -6.1765193e-02  -3.3291917e-03  -9.3918599e-04   1.2832435e-04
   2.0539620e-02   2.8428678e-01  -9.9607815e-02  -3.4364057e-03  -6.8371644e-04  -7.1491351e-05
   2.2512006e-02   2.5950683e-01  -8.0614039e-02  -3.2710817e-03  -6.9544095e-04  -5.5288172e-05
   4.5421938e-02   1.9210363e-01  -3.9666229e-02  -3.1422101e-03  -1.0000803e-03   1.8101948e-04
   3.9457794e-02   2.4631384e-01  -6.1301623e-02  -3.4921356e-03  -9.1147718e-04   2.3294517e-04
   6.1724041e-02   1.5657275e-01  -1.0514402e-02  -3.2593639e-03  -1.1813018e-03   3.7511498e-04
   5.4430814e-02   2.6101283e-01  -7.6517041e-02  -3.6141140e-03  -1.0886278e-03   2.8002736e-04
   5.7678993e-02   2.8177595e-01  -8.7429358e-02  -3.7132237e-03  -1.2012392e-03   2.5554689e-04
   7.6243803e-02   1.9020271e-01  -3.2821811e-02  -3.4614952e-03  -1.4637348e-03   5.1156178e-04
   5.9307558e-02   2.9789350e-01  -9.7575914e-02  -4.1168729e-03  -1.2957003e-03   3.6787652e-04
   6.8872767e-02   2.6391592e-01  -5.8560329e-02  -4.0975800e-03  -1.5033244e-03   4.5789464e-04
   7.0183983e-02   2.2620676e-01  -3.9004337e-02  -4.1790793e-03  -1.3745955e-03   5.3910591e-04
   8.4201186e-02   2.9744304e-01  -1.1373091e-01  -4.6389401e-03  -1.4972628e-03   4.9746953e-04
   8.3226076e-02   2.4678666e-01  -3.4218758e-02  -4.6195363e-03  -1.6274402e-03   5.3125103e-04
   8.2029391e-02   3.3886009e-01  -6.8979501e-02  -5.2931553e-03  -1.6942604e-03   2.5419440e-04
   8.7380811e-02   2.6969097e-01   2.2288148e-02  -5.3331728e-03  -1.7625252e-03   5.8142189e-04
   7.3921135e-02   3.5656610e-01  -4.9788286e-02  -5.6817144e-03  -1.5170928e-03   4.2792480e-04
   7.1231598e-02   3.1373325e-01  -2.2895573e-02  -5.7186309e-03  -1.3995863e-03   4.5643530e-04
   6.7277534e-02   3.8684668e-01  -8.1408950e-02  -5.8350572e-03  -1.5052380e-03   3.7089999e-04
   3.8189844e-02   2.9453769e-01  -5.9108484e-02  -4.9240804e-03  -1.2236926e-03  -1.8565654e-04
   4.0317358e-02   3.4133488e-01  -7.4975214e-02  -4.9134034e-03  -1.2027746e-03  -1.4210637e-04
   5.7986424e-02   2.9117222e-01  -1.7241007e-02  -4.7786399e-03  -1.5899379e-03   3.6798537e-04
   5.7842600e-02   3.6211011e-01  -5.5942667e-02  -5.4080429e-03  -1.6061946e-03  -9.8750438e-06
   7.2451222e-02   3.0965780e-01   1.5641603e-02  -5.4789492e-03  -1.9727173e-03   2.5150864e-04
   5.5087202e-02   3.7621649e-01  -3.7951009e-02  -6.0155789e-03  -1.7954990e-03   4.4785948e-05
   9.5822646e-02   3.1152074e-01   3.7785187e-02  -5.6010068e-03  -2.9016760e-03   8.1586379e-04
   8.9561326e-02   3.4458170e-01   4.7546805e-02  -6.0847682e-03  -2.9965115e-03   3.8293982e-04
   9.0140538e-02   3.7758083e-01   3.3656274e-03  -6.2927225e-03  -3.0909878e-03   1.4011136e-04
   1.1342570e-01   3.1226003e-01   9.5368654e-02  -6.2476439e-03  -3.5677895e-03   1.9151323e-04
   9.7633748e-02   3.7969052e-01   5.8239781e-02  -6.5775922e-03  -3.3594240e-03   1.6179137e-05
   1.0953863e-01   3.5532383e-01   1.0334294e-01  -6.7254177e-03  -3.4758685e-03   4.2017805e-04
   8.1051259e-02   3.6640925e-01   9.5850089e-02  -6.7739628e-03  -3.2786705e-03  -8.0074752e-05
   7.2597661e-02   3.9241024e-01   5.6779986e-02  -6.9948421e-03  -3.3506798e-03  -1.8423658e-04
   8.7111005e-02   3.5165264e-01   1.2365484e-01  -6.9186436e-03  -3.7365860e-03  -2.5535577e-04
   9.5018873e-02   3.9271436e-01   6.9231966e-02  -6.7714741e-03  -3.7145319e-03  -4.9048722e-04
   8.3818097e-02   3.1057843e-01   1.4936539e-01  -6.4055422e-03  -3.6810137e-03  -2.2479861e-04
   1.4306015e-01   3.5588971e-01   1.3025164e-01  -7.0440456e-03  -5.0755495e-03  -1.1712528e-04
   1.1317219e-01   3.4018918e-01   1.4512937e-01  -7.3449214e-03  -4.7641485e-03  -5.6655927e-04
   1.0049362e-01   3.8881961e-01   1.0237601e-01  -7.5393265e-03  -4.7504361e-03  -7.8028443e-04
   1.3394361e-01   4.1807671e-01   9.1822427e-02  -7.7811090e-03  -5.0106359e-03  -1.0140556e-04
   1.1463898e-01   3.7524584e-01   1.8258546e-01  -7.9828501e-03  -4.9239770e-03  -7.0980888e-04
   1.1965861e-01   3.9949083e-01   1.4960193e-01  -8.3088351e-03  -5.2496221e-03  -7.3360920e-04
   1.3731212e-01   3.5938138e-01   2.1237400e-01  -8.4976273e-03  -5.3970862e-03  -2.9348917e-04
   1.4877990e-01   4.1076771e-01   1.5357777e-01  -8.4592109e-03  -5.3538738e-03  -3.1426899e-04
   1.7636368e-01   3.6366409e-01   2.4549381e-01  -8.3602297e-03  -5.7423930e-03   3.2638481e-04
   1.7181490e-01   4.0418619e-01   1.9219064e-01  -8.7801423e-03  -5.7739313e-03   3.4156283e-05
   1.6136572e-01   4.0611207e-01   1.9341011e-01  -9.4303881e-03  -5.3736229e-03  -1.3781342e-04
   1.4844143e-01   4.0579882e-01   2.0157893e-01  -9.2571852e-03  -4.9642187e-03   1.2449978e-04
   1.2777193e-01   4.5289339e-01   1.3302335e-01  -9.4495963e-03  -4.8522657e-03  -1.7669591e-04
   1.4655340e-01   4.6957437e-01   1.3247409e-01  -9.7284477e-03  -5.1624703e-03   3.4116290e-04
   1.3728225e-01   4.4841971e-01   1.5010803e-01  -9.4648416e-03  -5.0994333e-03   3.7965096e-04
   1.5609166e-01   4.4203979e-01   2.0868875e-01  -9.3658099e-03  -5.3685334e-03   3.5185787e-04
   1.5590716e-01   4.4979238e-01   1.7211747e-01  -9.6186741e-03  -4.8481199e-03  -4.2584266e-05
   1.1385533e-01   4.0708031e-01   2.5206866e-01  -9.0313255e-03  -3.8580414e-03   2.4751987e-04
   1.3351862e-01   4.8965262e-01   1.5008124e-01  -9.7824891e-03  -4.3028446e-03   1.4691668e-04
   1.3860832e-01   4.3634249e-01   2.3737276e-01  -9.8712707e-03  -4.4621551e-03   1.5412149e-05
   1.0440599e-01   5.2032951e-01   1.9636951e-01  -1.0714084e-02  -3.8803749e-03  -5.9555697e-06
   9.6419607e-02   5.3882659e-01   1.6318061e-01  -1.1109528e-02  -3.7781540e-03  -6.4335870e-04
   1.3042707e-01   5.1779774e-01   2.5292866e-01  -1.1269192e-02  -4.4339080e-03  -6.9345691e-04
   7.6433451e-02   5.1180787e-01   1.9352101e-01  -1.0445356e-02  -3.4308998e-03  -1.9328965e-03
   5.7311189e-02   5.1382544e-01   2.2114400e-01  -1.0564698e-02  -3.3707694e-03  -8.4523712e-04
   5.7549500e-02   5.2106952e-01   2.8610636e-01  -1.1367765e-02  -3.2498843e-03  -1.2155346e-03
   6.4483086e-02   5.1669892e-01   2.4989516e-01  -1.0688873e-02  -3.4253948e-03  -8.5837557e-04
   6.2643247e-02   5.0349367e-01   2.6731172e-01  -1.0202571e-02  -2.3393692e-03  -1.0850124e-03
   5.9460306e-02   4.8484980e-01   3.0090167e-01  -1.0844253e-02  -2.5776656e-03  -8.0787170e-04
   7.2158918e-02   5.1474992e-01   2.4679945e-01  -1.1034486e-02  -3.1075546e-03  -1.0861217e-03
   6.4538087e-02   4.1036249e-01   3.3006776e-01  -1.0584533e-02  -3.1354581e-03  -1.6534182e-03
   7.2028819e-02   4.4613806e-01   3.2035856e-01  -1.0629626e-02  -3.4218499e-03  -1.8327764e-03
   7.9385506e-02   4.1795507e-01   3.5232100e-01  -1.0529769e-02  -3.5002127e-03  -1.6086635e-03
   9.0063758e-02   4.3880572e-01   3.5732479e-01  -1.0711273e-02  -3.5499347e-03  -1.1570688e-03
   4.0602673e-02   4.8389205e-01   3.0489939e-01  -1.1258146e-02  -2.7311682e-03  -1.5959996e-03
   9.5158097e-02   4.2659275e-01   4.1205757e-01  -1.1246241e-02  -3.6992568e-03  -9.6836079e-04
   9.3354383e-02   5.3114130e-01   2.5828845e-01  -1.2062823e-02  -3.5259396e-03  -8.2445253e-04
   7.7861604e-02   4.9009464e-01   3.3438663e-01  -1.2157087e-02  -3.4807788e-03  -5.9252010e-04
   5.1097763e-02   5.4281519e-01   2.6597565e-01  -1.2136224e-02  -2.9301106e-03  -7.4293830e-04
   5.6501035e-03   5.7487654e-01   2.3112614e-01  -1.2157030e-02  -1.3419453e-03  -2.0293467e-03
   2.7192800e-02   5.0514655e-01   3.2614743e-01  -1.1197257e-02  -1.9219303e-03  -1.4438369e-03
   3.7366226e-02   5.8644983e-01   2.1605155e-01  -1.1704765e-02  -1.8229590e-03  -1.1919160e-03
   1.1815855e-02   5.1880541e-01   3.2474813e-01  -1.1757568e-02  -1.5422502e-03  -1.8300311e-03
  -5.0501664e-02   5.6944809e-01   2.1653904e-01  -1.2352768e-02  -4.7667443e-04  -3.2394128e-03
  -4.3892035e-02   5.4973414e-01   2.7315255e-01  -1.2647782e-02  -2.9396830e-04  -2.7070056e-03
   5.3787681e-03   5.7882561e-01   1.9218225e-01  -1.1913851e-02  -5.6655803e-04  -1.3000622e-03
  -1.0849830e-02   5.2802010e-01   2.9195897e-01  -1.1881219e-02  -2.5763167e-04  -1.3036057e-03
  -1.6272654e-02   5.8320520e-01   2.3024872e-01  -1.1947868e-02   9.0583424e-05  -1.1520600e-03
  -4.6621260e-02   5.4966787e-01   2.4697636e-01  -1.1931664e-02   5.4173148e-04  -1.5331452e-03
  -3.3840394e-02   5.9256341e-01   2.0981889e-01  -1.2187956e-02   5.5119462e-04  -1.5890936e-03
  -1.8851626e-02   6.0799509e-01   1.9169243e-01  -1.2268638e-02   4.2848759e-04  -1.3687539e-03
  -5.9102371e-03   6.0475904e-01   2.6751593e-01  -1.2568094e-02   2.9146140e-04  -1.2269425e-03
  -4.5365536e-02   6.4411644e-01   1.5871375e-01  -1.2716297e-02   9.2616873e-04  -1.4893118e-03
  -9.1746604e-03   5.4988365e-01   2.9303267e-01  -1.1949485e-02   4.0757525e-04  -1.1543847e-03
  -4.8306824e-02   5.9165714e-01   1.6216953e-01  -1.2134171e-02   8.7389948e-04  -1.9730918e-03
  -2.8249333e-02   5.0481130e-01   2.7590278e-01  -1.1422927e-02   8.1266090e-04  -1.5426653e-03
  -6.4706038e-02   5.3779774e-01   1.3173277e-01  -1.0590744e-02   1.0516305e-03  -2.1296761e-03
  -7.3582448e-02   5.0080943e-01   2.1943947e-01  -1.0313640e-02   1.3505907e-03  -1.8836959e-03
  -8.4676070e-02   5.4536519e-01   1.7128344e-01  -1.0492461e-02   1.5777083e-03  -2.2305045e-03
  -5.6942860e-02   5.5582385e-01   1.5983696e-01  -1.0726679e-02   1.3513072e-03  -1.5801408e-03
  -7.1302484e-02   5.3305189e-01   2.3736490e-01  -1.0764297e-02   1.5781900e-03  -1.2868378e-03
  -8.2718498e-02   5.8753343e-01   1.3503025e-01  -1.1271901e-02   1.4886008e-03  -1.8194937e-03
  -9.0776081e-02   5.0538409e-01   2.4224485e-01  -1.1049318e-02   1.5847399e-03  -2.3952177e-03
  -7.0149537e-02   5.2483694e-01   2.4213596e-01  -1.1302769e-02   1.4328035e-03  -2.1465639e-03
  -6.7248590e-02   5.7505661e-01   1.4290369e-01  -1.1489133e-02   1.4629420e-03  -1.7448486e-03
  -3.7051519e-02   4.7008866e-01   2.8985220e-01  -1.0588824e-02   1.0810817e-03  -1.5060225e-03
  -5.3371299e-02   5.6673945e-01   1.3498321e-01  -1.1226609e-02   1.3131103e-03  -1.6463181e-03
