   0.0000000e+00   0.0000000e+00   0.0000000e+00   0.0000000e+00   1.7347235e-18   3.4694470e-18
  -4.5135899e-03   7.8346842e-02   3.0744530e-02  -1.5806139e-03   8.0092494e-05   2.8919924e-04
   5.8305638e-03   1.9539236e-02   4.3067676e-02  -1.8644805e-03   6.9676316e-05   6.9076492e-04
   6.3407778e-03   7.7828931e-02   4.2226632e-02  -2.5983503e-03   2.2046824e-04   1.0594725e-03
   1.3512864e-02   1.7326692e-02   5.9581599e-02  -2.6337503e-03   3.6120459e-04   1.3633810e-03
   2.7288329e-03   7.2993838e-02   6.9108998e-02  -4.0041462e-03   3.7524052e-04   1.6277276e-03
   1.5234419e-02   6.8324322e-02   3.6012886e-02  -3.3962829e-03   4.8616826e-04   1.8605914e-03
  -1.0490237e-02   4.4760058e-02   1.2222482e-02  -3.6027783e-03   8.6855164e-04   2.3942854e-03
  -2.8427274e-03   8.2736156e-02  -7.0558801e-02  -1.3093589e-03  -2.1280171e-04   2.6194162e-03
  -1.3488269e-02   1.0081363e-01   1.6380647e-02  -8.4497634e-04  -2.3035083e-03   2.7613813e-03
   5.5754546e-04   1.7456116e-01   1.2121737e-01   3.7360191e-04  -3.1417369e-03   2.4990613e-03
  -6.3279833e-03   1.4141806e-01   7.0836273e-02   1.1092808e-03  -3.0853064e-03   2.3288706e-03
  -4.5293045e-03   1.1931462e-01   5.1085219e-03   1.0163413e-03  -2.9004513e-03   2.0278847e-03
   8.0760168e-03   5.7411373e-02  -8.9237940e-02   2.4290522e-03  -2.8810428e-03   2.6707653e-03
  -1.2852882e-02   6.4554725e-02  -6.5089317e-02   3.0796920e-04  -2.3391709e-03   2.1561748e-03
  -1.2672352e-02   1.5964708e-01  -4.5997736e-02  -1.2527427e-03  -2.2105494e-03   1.8038153e-03
  -8.5070503e-03   1.2289870e-01  -6.3980725e-02  -9.1239947e-04  -2.1679101e-03   2.1031636e-03
  -3.3842293e-03   1.8115968e-01  -6.3758810e-02  -1.4675815e-03  -2.1328203e-03   2.2808813e-03
   4.0324764e-03   1.3530423e-01  -7.2920110e-02  -1.9763364e-03  -2.0505175e-03   2.4188982e-03
  -7.7605034e-03   2.1428800e-01  -7.8440099e-02  -2.5001331e-03  -1.6851270e-03   2.2183854e-03
   8.7359044e-03   1.5638291e-01  -8.6654881e-02  -2.2539585e-03  -1.6657021e-03   2.4799879e-03
   4.1972900e-04   2.2683357e-01  -1.0177119e-01  -2.9772787e-03  -1.4495569e-03   2.0393888e-03
   6.7123991e-04   1.9101908e-01  -9.3281591e-02  -3.1056319e-03  -1.3153080e-03   2.2114249e-03
  -3.7349256e-03   2.2218714e-01  -8.9122295e-02  -3.3215594e-03  -1.2258685e-03   1.8297850e-03
   1.5976298e-02   2.2738570e-01   1.3589759e-02  -8.9578076e-03  -8.9497697e-04   1.7295886e-03
   3.8724760e-04   3.3003495e-01   7.0325700e-02  -1.3458603e-02  -1.9819510e-04   9.3983864e-04
  -5.3111882e-03   3.1333335e-01   1.0373633e-02  -1.2184284e-02  -2.0721296e-04   5.5603852e-04
  -1.2356477e-02   2.9613200e-01   2.0035532e-02  -1.1122646e-02  -5.4921659e-04   3.9349359e-04
   4.4595422e-03   2.8957145e-01  -5.0568043e-03  -1.0686716e-02  -6.4141693e-04   7.2473732e-04
  -2.0507708e-02   2.9147651e-01   1.1828077e-02  -1.0894219e-02  -2.9092303e-04   7.3301058e-04
  -5.4684282e-03   3.3193789e-01  -2.2418635e-02  -1.0563338e-02  -4.4168999e-04   7.9502391e-04
  -7.0909315e-03   3.0416102e-01   2.8874414e-02  -1.0790468e-02  -8.4580986e-04   9.4461053e-04
   7.2401605e-04   3.6661661e-01   2.3264767e-02  -1.0961264e-02  -9.6817006e-04   7.1735061e-04
  -1.7024465e-02   3.2808488e-01   6.3577190e-02  -1.1479349e-02  -7.6062990e-04   5.8168362e-04
  -6.0622626e-03   3.5436465e-01   3.9212782e-02  -1.1272981e-02  -8.9531261e-04   9.1832725e-04
   4.2251381e-03   3.4269663e-01   3.6273867e-02  -1.0465081e-02  -1.2965867e-03   9.8947683e-04
  -1.6139306e-02   3.2220942e-01   4.2045766e-02  -1.0948390e-02  -1.2156489e-03   6.0158066e-04
  -5.5209441e-03   2.6366607e-01  -7.1531089e-02  -8.0725090e-03  -2.0724444e-03   4.1186900e-04
   2.0216959e-02   2.8130926e-01  -1.2161090e-01  -8.1797857e-03  -2.7704890e-03   6.1942249e-04
   1.6514257e-02   2.6152665e-01  -1.4584594e-01  -7.3985734e-03  -3.0446844e-03   3.9300732e-04
   1.2823750e-02   2.6667296e-01  -1.4561138e-01  -6.9309493e-03  -3.1008210e-03   1.6022524e-04
   1.7501388e-02   2.0356677e-01  -1.9252417e-01  -6.0430740e-03  -3.1041077e-03  -7.5164954e-05
   5.1324194e-02   2.6239417e-01  -2.0383008e-01  -7.5992862e-03  -3.5987466e-03   9.4568068e-04
   4.1774928e-02   2.6662838e-01  -1.9793926e-01  -7.9681633e-03  -3.3916858e-03   7.0262429e-04
   3.9857519e-02   3.1289834e-01  -7.6351595e-02  -1.2722024e-02  -3.1482272e-03   9.8034658e-04
   3.8022209e-02   4.0583293e-01  -6.0419870e-02  -1.3300859e-02  -3.1781522e-03   6.3738345e-04
   3.5636339e-02   3.3722342e-01  -7.7729774e-02  -1.1287010e-02  -3.4545975e-03   8.3556733e-04
   3.7204255e-02   3.9661082e-01  -8.3922130e-02  -1.1607524e-02  -3.6925291e-03   7.4101958e-04
   3.4962289e-02   3.4830781e-01  -8.3038998e-02  -1.0789098e-02  -3.8247691e-03   6.1651472e-04
   3.8167366e-02   4.0010469e-01  -7.2520176e-02  -1.1605983e-02  -3.6980818e-03   5.5628935e-04
   2.9428115e-02   4.1654894e-01  -9.9853170e-02  -1.1169972e-02  -3.3138038e-03   5.3508489e-04
   2.2810495e-02   3.1298769e-01  -1.5871729e-01  -8.9797589e-03  -3.0029714e-03   7.2632094e-04
   5.7535410e-02   3.4554366e-01  -1.6761513e-01  -1.0136348e-02  -4.4593357e-03   1.1925444e-03
   4.4577646e-02   3.2261775e-01  -1.5387339e-01  -1.0339127e-02  -4.2539744e-03   8.8644098e-04
   4.7905601e-02   3.4844376e-01  -1.9721397e-01  -1.0791059e-02  -4.0564087e-03   1.0313243e-03
   4.5946808e-02   3.4505205e-01  -1.9465772e-01  -1.1153509e-02  -4.0676160e-03   1.2467024e-03
   4.1589483e-02   3.4388374e-01  -2.5645896e-01  -9.7337463e-03  -3.8143991e-03   9.4574845e-04
   3.3496427e-02   3.3212410e-01  -2.7220054e-01  -9.8683198e-03  -3.5755210e-03   9.2695898e-04
   3.7659666e-02   4.5627964e-01  -1.1517196e-01  -1.4509120e-02  -3.2507684e-03   5.9767992e-04
   2.7454962e-02   4.1730430e-01  -1.2989735e-01  -1.3151135e-02  -2.8940091e-03   3.3527061e-04
   1.7767469e-02   4.4933709e-01  -1.4277384e-01  -1.3342819e-02  -2.9537658e-03   4.7472299e-04
   2.6070106e-02   4.9304270e-01  -1.8496643e-01  -1.2978165e-02  -3.0136846e-03   4.2409245e-04
   7.8133067e-03   4.5097636e-01  -1.7357516e-01  -1.2709053e-02  -2.9405376e-03   1.5081679e-04
   1.1531195e-02   5.1529643e-01  -1.6753152e-01  -1.3679978e-02  -2.7371930e-03   2.4968272e-04
   2.3621812e-02   4.6995232e-01  -1.6237602e-01  -1.3079875e-02  -3.2655688e-03   6.0715259e-04
   2.2542927e-02   5.2165298e-01  -1.0358436e-01  -1.4014320e-02  -3.1904861e-03   6.6366625e-04
   2.3014174e-02   4.6578968e-01  -9.2155225e-02  -1.3947159e-02  -3.2591019e-03   7.2307573e-04
   1.3420260e-02   5.1318441e-01  -9.0724896e-02  -1.4385498e-02  -3.2180078e-03   6.3019058e-04
   2.6759411e-02   5.2781781e-01  -1.2240808e-01  -1.4227710e-02  -3.6271335e-03   7.3847386e-04
   1.2525521e-02   5.0322734e-01  -8.7651440e-02  -1.4426033e-02  -3.4649343e-03   6.3351712e-04
   2.0090524e-03   5.1238805e-01  -4.5524290e-02  -1.5228949e-02  -3.4695978e-03   3.5594187e-04
   6.0115648e-03   5.5659397e-01  -6.5039405e-02  -1.5727410e-02  -3.3262696e-03   3.0149649e-04
   2.0615752e-02   5.4926238e-01  -6.5101807e-02  -1.5410073e-02  -3.5943497e-03   3.6621354e-04
   1.4913048e-02   5.5457663e-01  -7.5312877e-02  -1.5794554e-02  -3.5585057e-03   1.4060297e-04
   2.6606364e-03   4.7212952e-01  -1.1492540e-01  -1.5399526e-02  -3.1342467e-03  -3.6042584e-04
   3.4506921e-02   4.8316971e-01  -1.6473790e-01  -1.5452423e-02  -3.9613166e-03   3.4242233e-04
   3.3621535e-02   4.3962456e-01  -2.0841748e-01  -1.4685508e-02  -4.0172677e-03   1.7595518e-04
   3.2709361e-02   4.3933129e-01  -2.3560288e-01  -1.4625489e-02  -4.1109206e-03   4.6575330e-04
   3.7806356e-02   4.4474494e-01  -2.7976050e-01  -1.4602311e-02  -4.1931451e-03   5.8314444e-04
   4.1179287e-02   3.6010489e-01  -3.6677577e-01  -1.0328893e-02  -4.4862817e-03   7.5866149e-04
   4.4489106e-02   3.8844912e-01  -3.2993797e-01  -1.2665439e-02  -4.7093318e-03   7.6476062e-04
   4.9548816e-02   4.0109921e-01  -3.7331678e-01  -1.3316115e-02  -4.8020609e-03   9.1636155e-04
   5.9283643e-02   4.2750703e-01  -3.6945492e-01  -1.3547896e-02  -5.1740052e-03   7.9719584e-04
   4.6605924e-02   3.8532304e-01  -4.1562787e-01  -1.3303517e-02  -4.9479651e-03   4.4380398e-04
   6.4130577e-02   4.2303212e-01  -4.0826910e-01  -1.3678628e-02  -5.2362646e-03   9.5904930e-04
   5.3189822e-02   4.2088761e-01  -4.0364666e-01  -1.3176721e-02  -5.0379147e-03   7.9091039e-04
   6.7376386e-02   4.3322546e-01  -4.0515250e-01  -1.3511704e-02  -5.2418004e-03   1.1903174e-03
   6.4613393e-02   4.2003672e-01  -4.0602652e-01  -1.3266128e-02  -5.2040118e-03   1.1602564e-03
   5.4318426e-02   4.6140120e-01  -3.8780208e-01  -1.4136575e-02  -4.9862852e-03   8.2878579e-04
   5.9228626e-02   4.6227890e-01  -4.1560564e-01  -1.3735488e-02  -5.1651928e-03   8.8557064e-04
   6.9191236e-02   5.2756943e-01  -3.8499643e-01  -1.5127058e-02  -5.4126632e-03   9.3385517e-04
   1.9640144e-02   5.5169051e-01  -1.9743223e-01  -1.8054075e-02  -3.8634669e-03   5.0302365e-04
   1.8009347e-02   5.6588840e-01  -2.3107886e-01  -1.8347794e-02  -3.9844410e-03   4.6031265e-04
   1.3184117e-02   5.1378512e-01  -2.6061336e-01  -1.8155799e-02  -2.9429263e-03   6.4575569e-04
   2.8027225e-03   5.3556674e-01  -2.4273801e-01  -1.8674592e-02  -2.5104122e-03   9.4057291e-04
   1.9555918e-02   5.2212256e-01  -2.6449448e-01  -1.8312739e-02  -2.6426005e-03   1.0029951e-03
  -1.0252632e-03   5.3419343e-01  -2.3681078e-01  -1.9410250e-02  -2.4138301e-03   8.2852094e-04
   1.4342366e-02   5.5673425e-01  -2.5543636e-01  -1.8449552e-02  -2.4764131e-03   8.0368998e-04
  -5.5199607e-03   4.8783615e-01  -2.0418741e-01  -1.8900416e-02  -1.9597339e-03   7.5677108e-04
   1.9088211e-02   5.3442385e-01   7.0887266e-02  -1.9602916e-02  -1.9317683e-03   3.7299879e-04
   7.7282847e-03   4.5277458e-01   1.7038015e-02  -1.8617359e-02  -1.7088594e-03   3.1178945e-04
   1.7272509e-02   5.2419081e-01   2.4687710e-02  -1.9148297e-02  -1.9872986e-03   1.4439159e-04
   1.9286225e-02   4.7707518e-01  -6.6540537e-03  -1.8531914e-02  -1.8048933e-03   2.4743050e-04
   5.7773905e-03   5.1141495e-01   2.1487466e-02  -1.9050952e-02  -1.5482036e-03  -7.2344184e-05
   1.9441295e-02   5.1663597e-01  -1.9007431e-02  -1.9010809e-02  -1.8633376e-03  -4.4557786e-05
  -2.8148633e-03   4.9994230e-01   1.9638356e-03  -1.9442414e-02  -1.6191859e-03  -1.1367529e-04
   1.9383371e-02   4.8590067e-01  -6.2453375e-02  -1.8174915e-02  -1.7186032e-03   3.2138888e-05
  -1.7070983e-02   4.6218638e-01  -1.0703325e-01  -1.7388170e-02  -1.1439904e-03  -5.6321697e-04
   3.4746269e-02   3.5853879e-01  -3.0895294e-01  -1.4354103e-02  -2.7748750e-03   5.4399165e-04
   4.3681378e-02   3.7290905e-01  -3.5299749e-01  -1.3429004e-02  -3.7875014e-03   8.5489468e-04
   3.2779763e-02   2.6395571e-01  -3.8377575e-01  -1.0758340e-02  -3.9925343e-03   7.1280968e-04
   4.7199145e-02   3.7402325e-01  -3.7111808e-01  -1.1539373e-02  -4.4641981e-03   7.8946874e-04
   5.7261002e-02   3.9292550e-01  -3.6216052e-01  -1.1938105e-02  -4.9493016e-03   1.3216327e-03
   5.4737983e-02   3.6827950e-01  -3.2689803e-01  -1.2480324e-02  -5.0743591e-03   1.5698538e-03
   4.9304617e-02   3.3957477e-01  -3.3995067e-01  -1.1087021e-02  -5.7691310e-03   1.4534978e-03
   5.8511211e-02   3.9862920e-01  -3.9152660e-01  -1.0392418e-02  -5.8846637e-03   2.0152728e-03
   5.9640074e-02   4.0297678e-01  -4.0414455e-01  -9.5939327e-03  -5.9360806e-03   1.6885512e-03
   6.4406866e-02   3.7802717e-01  -4.2951156e-01  -9.3260010e-03  -5.5725509e-03   1.8205483e-03
   7.0995557e-02   4.0955914e-01  -4.8236841e-01  -9.0628355e-03  -5.4279957e-03   1.9190453e-03
   6.7811958e-02   5.0133713e-01  -1.6504043e-01  -1.6598432e-02  -4.7945812e-03   1.8875618e-03
