   0.0000000e+00   0.0000000e+00   0.0000000e+00   1.5930919e-58  -1.8726705e-96  -1.1754944e-38
  -2.1523512e-03  -3.2236226e-03   5.6850532e-03   7.9199418e-05  -7.3351652e-05  -1.0147076e-04
  -1.2758043e-02   8.7882036e-03  -2.3358048e-02  -5.4821017e-05   6.3905505e-05  -3.1594986e-04
  -2.8709550e-02   2.2467115e-02  -4.5679354e-02  -2.0748435e-04   2.0668184e-04  -5.8389280e-04
  -3.1495488e-02   1.9321053e-02  -5.0640595e-02  -4.0230798e-05   1.2997363e-04  -5.5158862e-04
  -4.3406726e-02   9.7206936e-03  -5.1653757e-02   2.3525555e-04   3.0830759e-04  -5.0933959e-04
  -5.5881470e-02   8.1299798e-03  -2.0479182e-02   5.6151069e-05   2.5324111e-04  -6.5566758e-04
  -4.9109754e-02   1.5241647e-02  -5.5537383e-02  -2.2388119e-05   1.6912177e-04  -5.5535729e-04
  -3.5220997e-02   1.1947353e-03  -8.9631430e-02   7.2082709e-05  -3.1042783e-05  -5.8231780e-04
  -4.1050919e-02  -1.0753015e-02  -1.0310898e-01   1.4948229e-04  -1.1647329e-05  -5.8220212e-04
  -5.4462229e-02  -2.1933217e-02  -9.2082156e-03   2.3715884e-04   8.9937865e-06  -7.7260306e-04
  -5.3108497e-02  -2.1879219e-02  -4.0428397e-02   2.4412571e-04   2.0759085e-05  -9.2272922e-04
  -8.4917304e-02  -1.7112022e-02   8.7966054e-03  -7.7931189e-05   1.3074559e-03  -9.0200220e-04
  -8.6790543e-02  -4.9861018e-03   3.9715688e-03   2.3969299e-04   2.4119486e-03  -1.1426726e-03
  -7.6313724e-02   1.5080276e-02  -2.3708816e-02  -1.5991993e-05   2.5487901e-03  -1.1090689e-03
  -7.4739059e-02  -9.7237398e-04  -2.5463591e-02  -6.8457471e-04   2.4516825e-03  -1.0040728e-03
  -7.3742174e-02  -1.5167631e-02   3.5273416e-03  -4.1809581e-04   2.4965731e-03  -8.5920072e-04
  -5.8708640e-02  -3.0825143e-02   1.9294004e-02  -4.5898123e-04   2.5163238e-03  -6.8996121e-04
  -5.0633389e-02  -3.7947027e-02  -1.0617562e-02  -3.7957856e-04   2.5150977e-03  -7.1511832e-04
  -4.8064305e-02  -3.5929433e-02  -2.2584779e-02   9.7538728e-05   2.5340262e-03  -7.3575665e-04
  -4.0562854e-02  -4.0063234e-02  -9.4561910e-02   2.3805132e-05   2.3770193e-03  -1.0843347e-03
  -1.9109698e-02  -6.1394111e-02  -1.7121342e-01   2.2315743e-04   2.0992055e-03  -7.9790159e-04
  -2.6076573e-02  -4.9545315e-02  -1.7055566e-01  -1.6604873e-04   2.0675502e-03  -7.2141738e-04
  -3.5207356e-02  -3.2973982e-02  -1.9764313e-01  -1.2910964e-04   2.0962020e-03  -6.3416794e-04
  -1.0240417e-02  -5.4761019e-02  -2.5623122e-01   4.7527212e-04   1.9340905e-03  -2.8579800e-04
  -5.3596333e-03  -1.1507256e-01  -1.7059185e-01   1.2597213e-03   1.8350189e-03  -7.2635425e-05
  -3.7643689e-03  -9.6482966e-02  -1.6343509e-01   8.7600452e-04   1.6339390e-03  -7.9772053e-05
  -2.9292839e-02  -1.1534716e-01  -2.2027192e-01   7.6804259e-04   2.3687490e-03  -1.2662651e-04
  -2.0390130e-02  -1.3000186e-01  -1.3031456e-01   8.5012925e-04   2.7282208e-03  -3.9607872e-04
  -2.7932798e-02  -1.0516632e-01  -1.3756663e-01   3.3889016e-04   2.7790022e-03  -3.2266315e-04
  -4.2742894e-02  -9.5030853e-02  -4.9826493e-02  -4.3264569e-04   2.9810275e-03  -4.7108081e-04
  -2.7342859e-02  -1.3538002e-01  -7.8272903e-02   6.7581945e-04   3.0019378e-03  -1.4778220e-04
  -2.6956058e-02  -1.4157585e-01  -6.3238751e-02   9.3343742e-04   2.9177175e-03  -1.0825223e-04
  -2.8822969e-02  -1.0948528e-01  -5.2725375e-02  -3.2069919e-04   3.1361192e-03  -1.3013722e-04
  -3.2136538e-02  -9.2038683e-02  -5.6946430e-02  -4.8205969e-04   3.3223521e-03  -2.3373509e-05
  -2.9976501e-02  -1.1105019e-01  -2.7620426e-02  -1.6547652e-04   3.2294970e-03  -1.5788774e-04
  -1.8292524e-02  -1.1680490e-01  -1.0967229e-01  -1.2740466e-04   3.1151546e-03   4.6703559e-05
   1.5404642e-02  -1.2606125e-01  -1.5642027e-01   3.6421092e-05   2.6662715e-03   7.2748092e-04
   4.1001602e-02  -1.3991271e-01  -2.1690018e-01   1.0022838e-03   2.3609728e-03   1.0630977e-03
   3.9825064e-02  -1.5112556e-01  -1.8479016e-01   5.6715442e-04   1.9896786e-03   1.2047468e-03
   3.1441880e-02  -1.5980993e-01  -1.8311874e-01   1.0181591e-03   1.7414227e-03   1.0810032e-03
   4.2787446e-02  -1.7036051e-01  -2.1251217e-01   1.5146353e-03   1.6570775e-03   8.8203004e-04
   6.5409066e-02  -2.0380620e-01  -2.2570232e-01   1.8701832e-03   1.4208429e-03   1.2704086e-03
   5.4699439e-02  -2.0794978e-01  -1.9605795e-01   1.8282425e-03   1.4597893e-03   1.3464700e-03
   5.6504542e-02  -2.1121216e-01  -1.8243570e-01   2.3348310e-03   1.4938634e-03   1.4159445e-03
   6.7449083e-02  -2.1070057e-01  -2.0533060e-01   2.4241389e-03   1.4514198e-03   1.5271490e-03
   7.8103852e-02  -2.3786147e-01  -2.2880064e-01   2.8041942e-03   1.3650785e-03   1.6807546e-03
   7.6158186e-02  -2.5476604e-01  -1.9605221e-01   2.6442247e-03   1.2776626e-03   1.7556029e-03
   7.1770109e-02  -2.5759282e-01  -1.9530999e-01   2.6545224e-03   1.2806146e-03   1.6925681e-03
   7.7607105e-02  -2.6240305e-01  -2.0768018e-01   2.7643738e-03   9.7271598e-04   1.5300988e-03
   7.5326691e-02  -2.5491836e-01  -2.2045542e-01   2.7679215e-03   9.6628187e-04   1.4723815e-03
   9.2664515e-02  -2.6914244e-01  -2.4729474e-01   2.9393385e-03   5.4155394e-04   1.5765496e-03
   7.4158675e-02  -2.6457539e-01  -2.2196659e-01   2.7004315e-03   5.9208795e-04   1.3350877e-03
   6.4356747e-02  -2.5935870e-01  -2.8623580e-01   2.7783292e-03   1.0217798e-03   1.2312040e-03
   4.9157765e-02  -2.8749859e-01  -2.2994522e-01   2.9741417e-03   1.7970463e-03   6.2225316e-04
   4.5847909e-02  -2.8253296e-01  -2.3599950e-01   2.9957372e-03   2.0504035e-03   6.2132029e-04
   3.8957759e-02  -2.6148341e-01  -2.2011226e-01   2.1937543e-03   1.9656529e-03   5.1117844e-04
   4.2720359e-02  -2.7496715e-01  -2.0214148e-01   2.2846941e-03   2.0976589e-03   7.0169748e-04
   5.2579186e-02  -2.9649622e-01  -1.6321060e-01   2.5259323e-03   1.8033147e-03   4.8284206e-04
   6.5540134e-02  -2.9619781e-01  -1.9529765e-01   2.3208554e-03   1.8199282e-03   6.0504190e-04
   7.1635945e-02  -3.1050206e-01  -1.6690341e-01   2.4477425e-03   1.7417225e-03   6.3922202e-04
   7.0869654e-02  -3.1948150e-01  -2.1301342e-01   3.0887674e-03   1.7104062e-03   5.4398865e-04
   7.8420789e-02  -3.1223461e-01  -1.6921933e-01   2.7706466e-03   1.7353524e-03   8.2239680e-04
   9.6074533e-02  -3.7971692e-01  -2.0039042e-01   3.1051262e-03   1.7102203e-03   1.1687118e-03
   9.1165574e-02  -3.7038847e-01  -2.4678002e-01   3.7283177e-03   2.1197496e-03   1.5267882e-03
   9.1019800e-02  -3.7437755e-01  -2.2380344e-01   3.5831784e-03   2.8554066e-03   2.2336689e-03
   2.2338090e-01  -4.8417319e-01  -2.8741257e-01  -2.9189463e-03   6.3458540e-03   4.4400267e-03
   2.2504949e-01  -5.0509307e-01  -2.5717730e-01  -2.2975756e-03   6.8041496e-03   4.8654452e-03
   1.5665729e-01  -4.2840974e-01  -1.8585516e-01   1.2035557e-03   4.0390954e-03   3.5767764e-03
   1.6363095e-01  -4.4476606e-01  -2.4887765e-01   1.6791917e-03   3.6172654e-03   3.7332277e-03
   1.6428866e-01  -4.1045979e-01  -1.6124594e-01   1.1211378e-04   3.5301948e-03   3.1787425e-03
   1.3157740e-01  -3.4975233e-01  -1.4891972e-01  -7.5416739e-04   3.2278636e-03   2.4608978e-03
   1.0095542e-01  -3.3537671e-01  -1.1373022e-01  -9.3343050e-04   2.7125401e-03   1.8224687e-03
   9.5558361e-02  -3.2445634e-01  -1.2119554e-01  -4.4342607e-04   2.3605936e-03   1.7755362e-03
   9.7368716e-02  -3.3602594e-01  -1.7360358e-01  -3.8668543e-04   1.9296786e-03   1.5826862e-03
   9.4832045e-02  -3.3982244e-01  -1.8799089e-01  -3.7814143e-04   1.9989380e-03   1.7148061e-03
   8.7889312e-02  -3.4074792e-01  -1.4642918e-01  -6.5064294e-04   1.5144719e-03   1.4313195e-03
   9.6889008e-02  -3.4935816e-01  -1.6324507e-01  -1.9550577e-04   1.4883804e-03   1.6250686e-03
   1.0138305e-01  -3.4527718e-01  -2.0329614e-01  -1.9510256e-04   1.3994714e-03   1.7827084e-03
   8.4075288e-02  -3.6708840e-01  -1.7769096e-01   2.2331032e-04   1.9248577e-03   1.5631731e-03
   7.9979401e-02  -3.9044107e-01  -1.3994056e-01   4.3130652e-04   2.3656144e-03   1.4629892e-03
   7.3994582e-02  -3.7843878e-01  -1.1900375e-01  -4.5982447e-04   2.5517212e-03   1.5999274e-03
   7.3593842e-02  -3.8453175e-01  -1.6217158e-01  -2.4237353e-04   2.4914814e-03   1.5518289e-03
   8.3742298e-02  -4.1566500e-01  -1.8518516e-01   4.7595297e-04   2.4154011e-03   1.6566370e-03
   9.4672121e-02  -4.2491607e-01  -1.8031090e-01   9.4556745e-04   2.5136186e-03   1.9967810e-03
   9.4044637e-02  -4.3844014e-01  -1.3704840e-01   8.6747301e-04   2.4989597e-03   2.0458755e-03
   1.1321349e-01  -4.3197055e-01  -1.1848398e-01   3.7050430e-04   2.4269109e-03   2.2245139e-03
   1.2608763e-01  -4.3813592e-01  -9.4533215e-02   2.2467089e-04   2.7989513e-03   2.7706949e-03
   1.2785255e-01  -4.7731875e-01  -1.5565615e-01   1.2255910e-03   2.5811781e-03   2.9441350e-03
   1.3259003e-01  -4.7034760e-01  -1.7272742e-01   1.4050290e-03   2.2875614e-03   2.8785553e-03
   1.4709787e-01  -4.9890169e-01  -1.8865917e-01   1.4932173e-03   1.9265754e-03   3.0640750e-03
   1.5605169e-01  -5.1251149e-01  -1.3765607e-01   1.4158885e-03   9.3339465e-04   2.9503449e-03
   1.9466006e-01  -5.6601391e-01  -2.0328610e-01   6.8969858e-04   1.9929686e-03   3.9611867e-03
   1.8699223e-01  -5.4812362e-01  -1.3440461e-01  -1.5830030e-03   2.5827455e-03   3.7259851e-03
   1.6082847e-01  -4.9813058e-01  -9.4823833e-03  -7.7163774e-04   1.0698935e-03   2.8438328e-03
   1.5266448e-01  -4.5956577e-01  -4.4947139e-02  -8.7844690e-04   6.4085025e-04   2.7905910e-03
   1.7695202e-01  -4.4202776e-01   4.6898624e-03  -7.7599578e-04   8.1793461e-04   3.4680256e-03
   1.8210693e-01  -4.5912998e-01  -7.9674693e-03  -3.5548836e-04   5.0782008e-04   3.4485120e-03
   1.7290376e-01  -4.7335263e-01   1.4632845e-03  -1.9072649e-04   2.4605912e-04   3.0818847e-03
   1.5848393e-01  -4.9893686e-01  -4.0476843e-03   1.8582226e-04   1.5913175e-04   2.9071931e-03
   1.5330671e-01  -4.8856700e-01  -2.8421337e-02   8.6967441e-05   1.8105868e-04   2.9974305e-03
   1.5966466e-01  -4.9611312e-01  -1.0586752e-02   1.9923537e-04   7.1462598e-05   3.0360393e-03
   1.3750036e-01  -4.9397042e-01   1.0553683e-02  -6.9981711e-04   7.0487440e-04   2.7631358e-03
   1.2882145e-01  -5.0628258e-01  -5.2286562e-02   1.9079182e-05   1.3129811e-03   2.7807467e-03
   1.1604584e-01  -4.9713919e-01  -5.4279369e-02  -4.1668328e-05   1.6758752e-03   2.8181978e-03
   1.1336873e-01  -5.2345075e-01  -8.3284053e-02   4.1992916e-04   1.6349413e-03   2.7170922e-03
   1.2614162e-01  -5.1096155e-01  -2.9492887e-02   8.8195963e-05   1.4014373e-03   2.7067295e-03
   1.2206653e-01  -4.7971117e-01   6.0506727e-02  -1.5341124e-03   1.6152688e-03   3.0121478e-03
   1.3885723e-01  -4.4942519e-01   1.8291223e-01  -3.3639744e-03   1.2372342e-03   3.2583090e-03
   1.3606616e-01  -4.7909327e-01   1.0503539e-01  -1.9828399e-03   1.4230314e-03   3.1921767e-03
   1.3512122e-01  -5.0667557e-01   4.1853529e-02  -1.0690368e-03   1.6670128e-03   3.5231984e-03
   1.4368651e-01  -5.1565615e-01   5.2526299e-02  -5.0292089e-04   1.4640399e-03   3.4533476e-03
   1.4193114e-01  -5.5008796e-01  -1.6080910e-02   1.2568095e-03   1.6894726e-03   3.4473153e-03
   1.3359229e-01  -5.3252887e-01  -3.1918785e-02   6.7248765e-04   2.0747778e-03   3.5108817e-03
   1.2181092e-01  -5.3203715e-01   3.3168026e-02   2.5967373e-04   2.1295425e-03   3.1853933e-03
   1.2413870e-01  -5.4927101e-01   1.6646237e-02   4.4027909e-04   2.5658578e-03   3.5322793e-03
   1.3856715e-01  -5.7939291e-01  -2.9075440e-02   1.1112548e-03   1.7997227e-03   3.4763755e-03
   1.3893160e-01  -5.8962882e-01  -8.5996789e-02   8.7701673e-04   1.7828668e-03   3.2372292e-03
   1.5712409e-01  -5.4086768e-01  -1.0758328e-02  -9.3713169e-04   1.4440890e-03   3.5850348e-03
   1.7617909e-01  -5.2744082e-01  -8.4901525e-02  -2.6111348e-04   8.5066778e-04   3.7851330e-03
