   0.0000000e+00   0.0000000e+00   0.0000000e+00   0.0000000e+00   0.0000000e+00   0.0000000e+00
   7.4592165e-03  -5.6187919e-02   1.4655512e-02   7.2791663e-04  -1.6129445e-04   9.2300305e-05
   2.0516451e-03   1.0981037e-03   2.3749669e-02   3.9837399e-04  -1.2825480e-04   6.0127999e-05
   8.4530372e-03  -1.3221338e-02   2.9318690e-02   7.4473903e-04  -1.7288643e-04   5.0060007e-05
   1.0792477e-02  -5.7499339e-03   6.0254302e-02   3.7534265e-04  -2.1285912e-04  -6.1095731e-05
   1.1673713e-03   3.3418179e-02   7.7842513e-02   1.2384635e-04  -2.4689120e-04  -5.2943234e-05
   4.2151672e-03   3.2023253e-02   6.4264264e-02   3.0236042e-04  -1.0020322e-04  -3.3123910e-05
   1.6209525e-02   2.5245718e-02   5.0756989e-02   7.1721991e-04  -4.0037721e-04  -2.2754046e-05
   1.0586061e-02   3.4739082e-02   8.3911788e-02   5.7162107e-04  -3.5923716e-04   6.3806239e-05
   7.2859532e-04   4.0869673e-02   9.5488201e-02   1.2125712e-03  -3.3559597e-04  -3.6084490e-04
   1.8160032e-03   6.5563403e-02   1.1436397e-01   1.7722400e-03  -5.0795620e-04  -7.3866484e-05
   5.2115603e-03   7.2934150e-02   1.0814331e-01   2.1789198e-03  -4.1586424e-04  -1.7359910e-06
  -1.1642668e-03   9.5087484e-02   1.2912032e-01   1.7815927e-03  -3.6683153e-04  -1.1899360e-04
  -1.3755933e-02   6.4220306e-02   1.3729879e-01   1.7957904e-03  -2.4799858e-04  -3.1100993e-06
  -8.6626468e-03   6.8028953e-02   1.1027394e-01   3.2204584e-03  -3.8153884e-04  -1.9392555e-04
  -1.0614820e-02   4.5586684e-02   1.7108724e-01   2.3885107e-03  -3.6627735e-04  -1.9016102e-04
  -1.3141358e-02   5.7559057e-02   1.3157894e-01   2.7457335e-03  -4.0462292e-04  -7.0545686e-05
  -1.3681187e-02   7.0165036e-02   1.0367196e-01   3.4081442e-03  -5.7479941e-04  -1.8016570e-04
  -1.4089939e-02   7.1533885e-02   1.5540766e-01   3.4259824e-03  -6.7503198e-04  -2.7203694e-04
  -1.3521173e-02   7.0878610e-02   1.6085685e-01   3.9655199e-03  -6.4392690e-04  -5.2286467e-04
   7.5283334e-04   5.9067199e-02   1.6582095e-01   3.0294908e-03  -6.0404214e-04  -5.9365186e-04
  -9.7985920e-04   8.3885100e-02   1.6064874e-01   2.6739673e-03  -4.7208787e-04  -5.8528607e-04
   2.6623563e-03   5.7717483e-02   1.6438040e-01   3.1096396e-03  -6.0304156e-04  -7.6390191e-04
  -3.5404666e-04   7.6530816e-02   1.6430387e-01   2.6890657e-03  -2.5073379e-04  -6.7325326e-04
   3.9797693e-03   7.9088262e-02   1.2968405e-01   3.2982396e-03  -2.5396696e-04  -5.9999261e-04
   1.2356761e-03   8.6845809e-02   1.1570374e-01   3.1843393e-03  -1.4558943e-04  -6.4248740e-04
   8.9464837e-03   8.2588881e-02   1.3724975e-01   3.0023337e-03  -6.0293534e-04  -6.5471368e-04
   1.3936680e-02   1.0184523e-01   1.4225976e-01   2.3973594e-03  -5.5462495e-04  -6.4367432e-04
   8.3056706e-03   9.2987247e-02   9.8757767e-02   3.1873380e-03  -4.5936414e-04  -4.3280344e-04
   9.6953967e-03   9.7414232e-02   1.1216120e-01   3.8612036e-03  -9.3644312e-04  -6.7751138e-04
   9.1117269e-03   7.7941305e-02   1.0488488e-01   3.7244306e-03  -7.5336179e-04  -5.3390384e-04
   1.2610619e-02   9.2184796e-02   1.4157413e-01   3.2522377e-03  -8.7616151e-04  -7.6361887e-04
  -5.2094482e-03   1.0671693e-01   7.0751020e-02   4.8730478e-03  -6.6603286e-04  -6.7299652e-04
   2.4774692e-03   1.1572282e-01   9.5521880e-02   4.1965288e-03  -7.8019278e-04  -4.3894226e-04
  -5.3493048e-03   1.4670678e-01   1.6515169e-01   4.2479897e-03  -6.9411196e-04  -6.6905413e-04
   5.1167634e-03   1.7528602e-01   1.5435927e-01   4.4048401e-03  -9.1341439e-04  -5.7960941e-04
   6.7534014e-03   1.6161666e-01   1.2587503e-01   4.5551667e-03  -8.6283659e-04  -3.6900266e-04
  -1.6309301e-03   1.9464838e-01   1.6792190e-01   3.9169524e-03  -7.0486508e-04  -4.3461641e-04
  -2.1213757e-03   1.6894543e-01   1.5480437e-01   4.1837510e-03  -6.4992147e-04  -3.5158846e-04
  -4.6545046e-03   1.5191814e-01   1.5328928e-01   5.3629182e-03  -8.9475627e-04  -5.4777923e-04
   5.8214437e-03   1.3766276e-01   1.2316752e-01   6.3714609e-03  -1.0934688e-03  -3.2767440e-04
   5.2269142e-03   1.2547325e-01   1.1765537e-01   6.3913046e-03  -1.0963200e-03  -4.7069812e-04
   6.3555960e-03   1.4716878e-01   1.0305718e-01   7.1324432e-03  -1.1075986e-03  -4.7243776e-04
  -7.0882662e-03   6.3051107e-02   1.1097155e-01   7.5756043e-03  -6.8735089e-04  -9.0724244e-04
  -5.8686970e-03   1.2665974e-01   1.4199315e-01   7.4327738e-03  -1.0826635e-03  -1.0498740e-03
  -6.0273068e-03   1.2416668e-01   1.1299190e-01   6.8750011e-03  -8.4340033e-04  -8.8969963e-04
  -1.3515287e-03   8.4840508e-02   9.6947571e-02   7.9119859e-03  -1.2706978e-03  -1.0908363e-03
  -6.7476859e-03   1.2942970e-01   8.6481301e-02   7.8596672e-03  -1.2589557e-03  -9.4340853e-04
   4.0584834e-04   8.6484000e-02   7.3076349e-02   8.8716090e-03  -1.2754036e-03  -7.7764392e-04
  -8.0996037e-03   1.1845809e-01   7.0679549e-02   8.2816353e-03  -1.4060041e-03  -8.9865341e-04
  -1.0971647e-02   1.2207808e-01   6.5095448e-02   8.7087329e-03  -1.4255765e-03  -8.0358979e-04
  -1.0568153e-02   1.1886858e-01   3.7818983e-02   9.1775585e-03  -1.3055689e-03  -9.9029232e-04
  -2.1256600e-02   1.2083441e-01   8.7794158e-02   9.0372110e-03  -1.3096351e-03  -8.1513184e-04
  -1.4868307e-02   1.5994961e-01   8.8251234e-02   8.4361006e-03  -1.3270754e-03  -9.2796800e-04
  -1.7082273e-02   1.3733525e-01   5.7524047e-02   8.9186039e-03  -1.2638153e-03  -1.0210693e-03
  -2.1359935e-02   1.5165060e-01   7.9636739e-02   8.4761794e-03  -1.3417338e-03  -7.6186486e-04
  -1.0623650e-02   1.6310768e-01   6.4440462e-02   9.1165096e-03  -1.4311530e-03  -7.8554535e-04
  -1.1607695e-02   1.4009770e-01   1.0467641e-01   8.8665718e-03  -1.3874567e-03  -7.2252956e-04
  -2.1412269e-02   2.1086354e-01   1.1256355e-01   8.3622182e-03  -1.0242574e-03  -6.1565084e-04
  -1.1737922e-02   2.1307951e-01   1.1154108e-01   8.4189871e-03  -1.0400619e-03  -5.0158526e-04
  -1.3963262e-02   2.3139733e-01   1.1232710e-01   8.0405958e-03  -9.7355769e-04  -8.5895208e-04
  -2.5633975e-02   2.1509811e-01   1.3492964e-01   7.7822784e-03  -7.9903284e-04  -1.2084658e-03
  -3.3539843e-02   2.5350048e-01   1.0200712e-01   7.6881236e-03  -6.3691504e-04  -1.1968810e-03
  -2.3167650e-02   2.3406355e-01   4.5439960e-02   8.4998861e-03  -8.5711341e-04  -1.2295320e-03
  -2.4822476e-02   2.1224187e-01   6.3609134e-02   9.9872351e-03  -1.0442881e-03  -1.3694116e-03
  -2.9061299e-02   2.1975462e-01   9.9893245e-02   9.7219550e-03  -9.8506321e-04  -1.2757979e-03
  -4.1703042e-02   2.0096992e-01   9.2286160e-02   9.8487978e-03  -6.9443630e-04  -1.3969915e-03
  -3.2412592e-02   2.3126310e-01   9.9391610e-02   9.9854867e-03  -9.0631151e-04  -1.7487738e-03
  -2.0093371e-02   2.3013894e-01   1.1671739e-01   1.0743333e-02  -9.8143215e-04  -1.3139804e-03
  -2.4531984e-02   2.3272280e-01   1.2431738e-01   1.1467078e-02  -9.0156583e-04  -1.4525315e-03
  -4.0246488e-02   2.7178126e-01   1.4643414e-01   1.0370151e-02  -5.3675101e-04  -1.6995697e-03
  -1.3627640e-02   2.8659895e-01   1.5998351e-01   1.0887173e-02  -7.9347246e-04  -1.4527778e-03
  -1.6212199e-02   2.4500120e-01   1.3926992e-01   1.1451915e-02  -9.4181961e-04  -1.3916981e-03
  -9.8091223e-03   2.1220318e-01   1.2364680e-01   1.3303888e-02  -1.1411161e-03  -1.4063980e-03
  -8.0021027e-03   2.1812927e-01   1.4680308e-01   1.3180281e-02  -1.2087800e-03  -1.4543280e-03
  -1.3867448e-02   2.3139134e-01   1.9261975e-01   1.3002440e-02  -1.0666029e-03  -1.1956013e-03
  -1.1398144e-02   2.2539962e-01   1.7311801e-01   1.3524485e-02  -1.2070594e-03  -1.1108028e-03
  -1.6554377e-02   2.3028109e-01   1.6663039e-01   1.3362978e-02  -9.2764934e-04  -1.1121486e-03
  -3.4321005e-02   1.8659345e-01   1.8763112e-01   1.3975454e-02  -9.0838484e-04  -1.2779392e-03
  -2.6512385e-02   2.0529165e-01   1.8133289e-01   1.4193801e-02  -1.1020273e-03  -1.3290055e-03
  -2.6533929e-02   2.1165210e-01   1.6036128e-01   1.5046380e-02  -1.0172089e-03  -1.3793359e-03
  -3.0019677e-02   2.5860418e-01   2.1392099e-01   1.3659585e-02  -4.7848800e-04  -1.3070376e-03
  -4.6542813e-02   2.6017687e-01   1.7976581e-01   1.4685605e-02  -4.9211285e-04  -1.6034881e-03
  -3.7190467e-02   2.2744240e-01   1.5556578e-01   1.5696478e-02  -7.0730621e-04  -1.8672827e-03
  -3.0880550e-02   2.1967505e-01   1.1834796e-01   1.6492768e-02  -9.9805782e-04  -1.4783430e-03
  -4.2697311e-02   2.3839524e-01   1.6995843e-01   1.5879574e-02  -7.6299662e-04  -1.0519332e-03
  -4.0982446e-02   2.6527325e-01   1.8715846e-01   1.6062290e-02  -9.5285896e-04  -1.1229061e-03
  -4.0712920e-02   2.8520359e-01   2.0322752e-01   1.4696586e-02  -6.3960170e-04  -1.5693614e-03
  -2.8127371e-02   2.6896869e-01   1.8889047e-01   1.4371329e-02  -7.9528080e-04  -1.4998168e-03
  -3.1183833e-02   2.4172726e-01   8.5460304e-02   1.7871397e-02  -8.7636032e-04  -1.2734722e-03
  -4.1878938e-02   2.1602885e-01   1.3314574e-01   1.7816626e-02  -8.9970574e-04  -1.5317746e-03
  -4.1350799e-02   2.2307671e-01   1.3805028e-01   1.7628815e-02  -1.0267322e-03  -1.7060831e-03
  -3.1142078e-02   1.8272735e-01   1.0309396e-01   1.8824433e-02  -9.9975128e-04  -1.5343694e-03
  -2.9012612e-02   2.2111576e-01   1.0025780e-01   1.7907559e-02  -1.1701172e-03  -1.3951096e-03
  -3.3689414e-02   2.4073161e-01   7.5780385e-02   1.8448104e-02  -1.1232503e-03  -1.3305299e-03
  -3.3251635e-02   2.4643411e-01   7.4593558e-02   1.8365909e-02  -1.1115038e-03  -1.4530377e-03
  -3.7893654e-02   2.1844904e-01   8.5113730e-02   1.8635367e-02  -1.2529086e-03  -1.5244966e-03
  -4.6747998e-02   2.3681423e-01   1.0750629e-01   1.8182286e-02  -1.1462698e-03  -1.3180114e-03
  -3.7933434e-02   2.4825799e-01   7.7217961e-02   1.8746355e-02  -1.2900011e-03  -9.9338968e-04
  -3.2722607e-02   2.5624532e-01   1.2883259e-01   1.8096831e-02  -1.3960434e-03  -7.5738712e-04
  -3.0790514e-02   2.6274462e-01   1.3737935e-01   1.7536017e-02  -1.3328963e-03  -8.3488700e-04
  -3.6788183e-02   2.8468738e-01   1.1216850e-01   1.8388066e-02  -1.2106742e-03  -9.9474662e-04
  -4.2859077e-02   2.9467734e-01   1.1384780e-01   1.7448705e-02  -1.3889182e-03  -1.6249169e-03
  -1.7492828e-02   2.9644400e-01   1.0198280e-01   1.6807740e-02  -1.9735612e-03  -1.2219924e-03
  -1.7837517e-02   2.9383482e-01   8.9651405e-02   1.7661349e-02  -2.3048350e-03  -1.3009415e-03
  -3.0976766e-02   3.4165640e-01   7.1168959e-02   1.6168964e-02  -2.2755799e-03  -1.4952825e-03
  -2.3005228e-02   2.9766357e-01   4.5790273e-02   1.6818844e-02  -2.4645566e-03  -1.2491073e-03
  -3.2863798e-03   2.8881104e-01   4.9300808e-02   1.6857381e-02  -2.8550787e-03  -1.1858863e-03
  -9.8201680e-03   2.7587335e-01   3.6267188e-02   2.0078983e-02  -2.4562472e-03  -1.3232421e-03
  -1.9269814e-02   2.1370038e-01  -2.4573781e-02   2.1809024e-02  -2.7614505e-03  -1.4813955e-03
  -2.3910482e-02   2.0099694e-01  -9.7976738e-02   2.3310300e-02  -2.7412152e-03  -1.4360365e-03
  -3.6723785e-02   1.6737060e-01  -3.9308704e-02   2.3669271e-02  -2.8930701e-03  -1.3045046e-03
  -3.4975932e-02   1.9802333e-01  -2.0748034e-02   2.3892806e-02  -3.1085177e-03  -1.2915154e-03
  -2.7257581e-02   1.9642277e-01  -4.7384734e-02   2.4143802e-02  -3.3018378e-03  -1.5484773e-03
  -2.9483129e-02   2.1595882e-01  -4.2873377e-02   2.3416171e-02  -3.3696568e-03  -1.9236384e-03
  -2.6247423e-02   2.1928725e-01  -1.0094867e-02   2.3236212e-02  -3.2579328e-03  -1.7100735e-03
  -4.1973370e-02   2.3596394e-01   2.1806801e-02   2.2991699e-02  -2.8975675e-03  -1.6115155e-03
  -4.6528071e-02   2.7512501e-01   3.0378292e-02   2.2783623e-02  -2.5281092e-03  -1.6254549e-03
  -4.7856382e-02   2.8363123e-01   4.8668441e-02   2.2855116e-02  -2.5798123e-03  -1.7853600e-03
  -3.3764754e-02   2.8151274e-01   6.3355645e-03   2.4286653e-02  -3.0631681e-03  -1.6245364e-03
