   0.0000000e+00   0.0000000e+00   0.0000000e+00   2.1684043e-19   0.0000000e+00   0.0000000e+00
   1.4038852e-02  -6.8621121e-02   6.1428141e-02   9.4259744e-05  -3.0952327e-04  -7.6541997e-05
   4.3925938e-03  -1.9827719e-02  -1.2355151e-02   1.8592166e-04  -1.2418065e-04  -2.2259236e-04
  -3.0073278e-02  -1.1487506e-02   6.4609148e-02   4.6686144e-06   1.0491332e-04  -2.8846299e-04
  -3.1592562e-02  -8.1656859e-02   6.6690475e-02   6.6622954e-04   3.3874557e-04   2.1565997e-05
  -3.4440147e-02  -7.0649115e-02   7.0881679e-02  -2.0975971e-05   5.0545992e-04   5.4850146e-05
  -4.1333015e-02  -2.4003531e-02   1.3890481e-03  -2.2107977e-04   6.5851828e-04  -1.6913979e-04
  -5.7609811e-02  -4.5815608e-02   5.9468403e-02  -9.0887246e-04   8.1894680e-04  -2.0149061e-04
  -5.0695238e-02   3.9704037e-03   5.4203720e-02  -1.5805934e-03   8.3389979e-04  -2.5233732e-04
  -5.4301649e-02   9.2224831e-03   4.4787678e-02  -1.7566827e-03   9.1223731e-04  -5.7137005e-04
  -4.7588926e-02  -9.1088415e-03   9.4627851e-02  -1.8634706e-03   9.3695422e-04  -3.4003277e-04
  -4.0840216e-02  -8.5670135e-04   1.3917431e-01  -1.8596828e-03   9.0704455e-04  -1.6033078e-04
  -8.5732596e-02   4.2059630e-02   1.2771587e-01  -2.3377860e-03   1.5517716e-03  -2.1046007e-04
  -5.7414940e-02   7.7905191e-02   1.0769754e-01  -2.7558409e-03   9.6184836e-04  -4.5851359e-05
  -6.9685602e-02   1.3724058e-02   1.5506188e-01  -2.6519520e-03   1.0819638e-03  -2.7449848e-04
  -7.6232643e-02   1.0124941e-01   1.0566290e-01  -3.1204726e-03   1.1897803e-03  -2.6068775e-04
  -6.5582388e-02   4.0396245e-02   1.7243172e-01  -3.4770081e-03   1.0554501e-03  -2.4651890e-04
  -6.6450828e-02   1.0974192e-01   8.4476254e-02  -3.5985735e-03   1.2380262e-03  -2.9542560e-04
  -7.6383952e-02   2.1898692e-02   1.4930649e-01  -3.5616682e-03   1.3881961e-03  -3.5960101e-04
  -6.7981599e-02   7.1985594e-02   9.5967052e-02  -3.2449535e-03   1.0952623e-03  -5.4783673e-04
  -5.2147004e-02  -2.0722637e-03   1.4055295e-01  -3.1003449e-03   9.5075241e-04  -4.9763815e-04
  -5.7953416e-02   5.8484731e-02   3.4720083e-02  -2.4843590e-03   6.3039791e-04  -7.2291010e-04
  -7.2705033e-02   1.8304296e-03   5.0050471e-02  -2.6906662e-03   7.8751526e-04  -1.0699485e-03
  -1.0298290e-01   1.2804574e-01   4.8096574e-03  -3.4564007e-03   1.1344669e-03  -1.1351304e-03
  -7.0209182e-02   3.8734037e-02   1.1212261e-01  -3.7575339e-03   8.7327939e-04  -1.0249145e-03
  -7.1747696e-02   1.4155763e-01   6.1794467e-02  -4.5532938e-03   9.8953598e-04  -8.6934420e-04
  -5.6714825e-02   7.7125878e-02   1.3622510e-01  -4.8390654e-03   6.8101825e-04  -8.0407562e-04
  -5.9346001e-02   1.3701283e-01   8.8294100e-02  -4.8306241e-03   6.5551299e-04  -1.0793506e-03
  -5.7200357e-02   6.3869514e-02   1.2135806e-01  -4.4394218e-03   8.0096664e-04  -9.6508726e-04
  -7.7256530e-02   1.1860197e-01   1.1791899e-01  -4.8562463e-03   1.0703249e-03  -1.0580563e-03
  -8.5957414e-02   1.4806054e-01   7.0698618e-02  -4.9820944e-03   1.2092960e-03  -1.2754279e-03
  -9.5335517e-02   1.0854480e-01   1.4378321e-01  -5.4112220e-03   1.2973395e-03  -1.1345497e-03
  -9.4879832e-02   1.4172027e-01   1.4869606e-01  -5.7726706e-03   1.2470657e-03  -1.2034716e-03
  -1.0070094e-01   1.3601118e-01   1.4988968e-01  -5.9549484e-03   1.4909741e-03  -1.3055602e-03
  -1.0024634e-01   1.3686412e-01   2.0149722e-01  -6.3648989e-03   1.4467973e-03  -1.2400647e-03
  -1.1388720e-01   1.8504173e-01   1.6447853e-01  -6.8218427e-03   1.8178579e-03  -1.1276980e-03
  -1.1224884e-01   1.5691766e-01   1.9173919e-01  -6.8159922e-03   1.8671476e-03  -1.2103844e-03
  -1.1757764e-01   2.4516507e-01   1.4186413e-01  -7.2141358e-03   2.1323456e-03  -9.8149247e-04
  -1.0914746e-01   1.9221102e-01   1.6496627e-01  -7.4380848e-03   1.9459346e-03  -1.0700732e-03
  -1.1018365e-01   2.4549186e-01   1.4019175e-01  -7.5545999e-03   1.9376728e-03  -1.3010544e-03
  -1.1444868e-01   1.5626645e-01   1.8114325e-01  -7.3871924e-03   2.0020759e-03  -1.2638668e-03
  -9.5760227e-02   1.6017659e-01   1.9624386e-01  -7.2797275e-03   1.7093806e-03  -1.3027311e-03
  -1.0831916e-01   1.9635149e-01   1.5918804e-01  -7.3741773e-03   1.8165683e-03  -1.5589419e-03
  -1.1002916e-01   1.5406501e-01   1.9185010e-01  -7.2052965e-03   1.7134564e-03  -1.6607244e-03
  -9.8966264e-02   1.5960859e-01   1.9945758e-01  -7.3447188e-03   1.5769118e-03  -1.5741591e-03
  -1.1601622e-01   1.9446278e-01   1.6619728e-01  -7.6459482e-03   1.8435325e-03  -1.6415489e-03
  -1.1505772e-01   1.5624632e-01   2.0800065e-01  -7.8380155e-03   1.8562779e-03  -1.6561894e-03
  -1.1279779e-01   1.6187533e-01   2.2485696e-01  -7.9825174e-03   1.8017079e-03  -1.6006662e-03
  -1.0706287e-01   1.8765841e-01   1.9286066e-01  -7.9888327e-03   1.7296665e-03  -1.4338215e-03
  -9.8947088e-02   1.7362100e-01   2.2031278e-01  -8.0974858e-03   1.7177713e-03  -1.5309670e-03
  -1.0244518e-01   1.5471346e-01   2.8526243e-01  -8.0045923e-03   1.6562421e-03  -1.3560061e-03
  -9.9403935e-02   1.8663331e-01   2.5810021e-01  -8.1310932e-03   1.5030294e-03  -1.4938686e-03
  -1.0899707e-01   1.7775722e-01   2.5264498e-01  -8.2267375e-03   1.6647729e-03  -1.6820978e-03
  -1.2068105e-01   1.6866150e-01   2.8630460e-01  -8.3343768e-03   1.8274221e-03  -1.5697949e-03
  -1.2575810e-01   2.2106347e-01   2.4157357e-01  -8.5205802e-03   1.8428224e-03  -1.5789260e-03
  -1.2560488e-01   1.8621628e-01   2.4671530e-01  -8.3827131e-03   1.7524892e-03  -1.7377228e-03
  -1.2267026e-01   1.7773185e-01   2.7602499e-01  -8.4274952e-03   1.7757808e-03  -1.8379046e-03
  -1.2613163e-01   1.9925066e-01   2.2581345e-01  -8.2577209e-03   1.7748868e-03  -2.0422594e-03
  -1.2763653e-01   1.7357479e-01   2.9152972e-01  -8.5278323e-03   1.9437970e-03  -2.0067638e-03
  -1.2007800e-01   1.8853215e-01   2.5588824e-01  -8.6868303e-03   1.9249851e-03  -1.8175008e-03
  -1.1336843e-01   1.5854900e-01   1.3270918e-01  -6.8382386e-03   1.4582236e-03  -1.9118386e-03
  -8.8306004e-02  -9.5433341e-02   2.6044686e-01  -3.9313410e-03   9.8477604e-04  -1.8410450e-03
  -1.5668241e-01   1.7638953e-02   1.3343722e-01  -4.1882051e-03   2.1417228e-03  -2.5267729e-03
  -1.3236564e-01   1.7511217e-02   3.8928792e-02  -2.9028739e-03   1.8047354e-03  -2.8922478e-03
  -1.1550704e-01   1.2295686e-02   1.2315690e-01  -3.6463552e-03   1.5190570e-03  -2.7228476e-03
  -1.1102044e-01   4.9970786e-02   1.2683857e-01  -4.1115732e-03   1.4117239e-03  -3.0544519e-03
  -1.0063300e-01   3.1631347e-02   1.8706361e-01  -4.4146832e-03   1.2028823e-03  -2.7528034e-03
  -1.1749124e-01   4.1744287e-02   1.4698414e-01  -4.1067660e-03   1.2297747e-03  -2.8563022e-03
  -1.1437498e-01   5.8760098e-02   1.5691269e-01  -4.5144064e-03   1.2566084e-03  -2.6988231e-03
  -1.1289315e-01   6.3665640e-02   1.5364168e-01  -4.6010918e-03   1.1999362e-03  -2.8121046e-03
  -1.2258258e-01   1.0867806e-01   1.2573734e-01  -4.9119100e-03   1.3316745e-03  -2.9658172e-03
  -1.2171923e-01  -8.2505901e-03   1.9982749e-01  -4.3728406e-03   1.3520117e-03  -2.8102426e-03
  -1.3502614e-01   9.6546999e-02   1.1004966e-01  -4.6269219e-03   1.3538021e-03  -3.2005976e-03
  -1.0592175e-01  -1.2623673e-02   1.6194569e-01  -3.6312191e-03   9.7475866e-04  -3.3525361e-03
  -1.2693352e-01   9.5855127e-03   1.4957185e-01  -4.0179586e-03   1.1792305e-03  -3.3749702e-03
  -1.3845826e-01   5.3651798e-02   1.3136385e-01  -4.4943798e-03   1.3297798e-03  -3.5452362e-03
  -1.2646489e-01   9.7909373e-04   1.9397777e-01  -4.6723971e-03   1.1235776e-03  -3.2664448e-03
  -1.2972539e-01   4.8708971e-02   1.9555170e-01  -5.1264434e-03   9.9634901e-04  -3.1624620e-03
  -1.4773065e-01   7.6215763e-02   1.7664249e-01  -5.5187989e-03   1.2016764e-03  -3.2027286e-03
  -1.3352956e-01   3.6252605e-02   2.3017406e-01  -5.5477781e-03   1.0857438e-03  -3.0588018e-03
  -1.3880255e-01   3.1243030e-02   2.7605731e-01  -5.8170268e-03   1.2865354e-03  -3.0019620e-03
  -1.2460272e-01   8.0962853e-02   2.4617856e-01  -6.2306366e-03   1.4237771e-03  -2.7745423e-03
  -1.2523537e-01   1.0057657e-01   2.0558615e-01  -6.4753264e-03   1.5221697e-03  -2.8604006e-03
  -1.0789713e-01   1.3861419e-01   2.3190448e-01  -7.0495468e-03   1.5059515e-03  -2.6850878e-03
  -9.6400359e-02   1.0528812e-01   2.5852299e-01  -6.7855044e-03   1.4750278e-03  -2.6328491e-03
  -1.0007399e-01   1.2794845e-01   2.5799085e-01  -7.0101421e-03   1.3479412e-03  -2.5177033e-03
  -1.0778786e-01   1.1157118e-01   2.3954903e-01  -6.9534852e-03   1.3721175e-03  -2.6112340e-03
  -1.0413310e-01   1.5721559e-01   2.5004139e-01  -7.2532823e-03   1.3093293e-03  -2.6096319e-03
  -1.0447426e-01   1.0213758e-01   2.7088430e-01  -7.0284074e-03   1.2796315e-03  -2.7735060e-03
  -1.1138938e-01   1.4614006e-01   2.3895052e-01  -7.2058526e-03   1.2933077e-03  -2.7240335e-03
  -1.0051300e-01   5.5088533e-02   2.8755632e-01  -6.9280799e-03   1.2134128e-03  -2.7545992e-03
  -1.1468269e-01   1.5119027e-01   2.2576336e-01  -7.3443623e-03   1.2667377e-03  -2.8898220e-03
  -1.1178669e-01   6.1158833e-02   2.9927608e-01  -6.9882721e-03   1.3701122e-03  -2.7396848e-03
  -1.1732059e-01   1.6154265e-01   2.1165270e-01  -7.3681616e-03   1.1532159e-03  -2.9225161e-03
  -1.1432085e-01   7.0071850e-02   2.6084494e-01  -6.9098303e-03   1.0869364e-03  -2.8330812e-03
  -1.3880007e-01   1.7724238e-01   1.8945618e-01  -7.4092857e-03   1.3278693e-03  -3.0635178e-03
  -1.1168521e-01   1.2946902e-01   2.3708816e-01  -7.3014738e-03   1.0136012e-03  -2.9318757e-03
  -1.1889551e-01   9.1376957e-02   2.1336306e-01  -6.8826807e-03   1.2826909e-03  -3.1328879e-03
  -1.0275842e-01   4.0893147e-02   2.4797234e-01  -6.4047397e-03   1.1962522e-03  -2.7331808e-03
  -1.1403366e-01   4.3738095e-02   1.8932866e-01  -5.8562483e-03   1.1753667e-03  -3.0442668e-03
  -1.2886254e-01   3.2911598e-02   2.0942402e-01  -5.8392425e-03   1.2455529e-03  -3.0894703e-03
  -1.3033072e-01   4.8692368e-02   1.9118106e-01  -6.1059278e-03   1.2388583e-03  -3.0403922e-03
  -1.1474048e-01  -1.3407764e-02   2.5255688e-01  -6.0153800e-03   1.0302559e-03  -3.2224900e-03
  -1.3739541e-01   6.8777631e-02   1.9750008e-01  -6.4303969e-03   1.4439122e-03  -3.2697546e-03
  -1.3965441e-01   2.7846536e-02   2.3884879e-01  -6.2233063e-03   1.6475928e-03  -3.3655410e-03
  -1.3445394e-01   7.7676110e-03   2.7508748e-01  -6.1425733e-03   1.5349296e-03  -3.2162643e-03
  -1.3832056e-01   1.5200189e-02   2.3903776e-01  -6.0322311e-03   1.3964250e-03  -3.3754102e-03
  -1.3022878e-01  -1.8744709e-02   2.7299837e-01  -5.9760010e-03   1.1853267e-03  -3.4651096e-03
  -1.3734061e-01  -1.5931482e-02   2.5874116e-01  -5.8816082e-03   1.2602226e-03  -3.3558483e-03
  -1.4081762e-01  -1.8439439e-03   2.3444112e-01  -6.0976462e-03   1.3957330e-03  -3.4891791e-03
  -1.2089944e-01  -7.2927414e-02   3.0651171e-01  -5.7756937e-03   1.0224258e-03  -3.4245087e-03
  -1.2742377e-01  -1.5465299e-02   2.6858275e-01  -6.0501200e-03   1.0368816e-03  -3.5010289e-03
  -1.3583054e-01  -2.2702612e-02   2.5859885e-01  -6.1426866e-03   1.1646660e-03  -3.5637333e-03
  -1.4407600e-01  -2.3064195e-02   3.2222549e-01  -6.2845370e-03   1.3774317e-03  -3.2649544e-03
  -1.4115441e-01   6.2310618e-02   1.4923256e-01  -6.3291838e-03   1.2168144e-03  -3.5497238e-03
  -1.1319534e-01  -5.9466573e-02   2.2304889e-01  -5.6205929e-03   1.0631306e-03  -3.2130699e-03
  -1.2241400e-01   4.0233093e-02   1.4603821e-01  -6.0456464e-03   1.2873813e-03  -3.1202422e-03
  -1.1111165e-01  -9.0022409e-02   2.5305481e-01  -5.0555457e-03   1.0376443e-03  -3.1101006e-03
  -9.5559931e-02  -6.7107272e-02   1.3278198e-01  -4.0212101e-03   7.7024822e-04  -3.2003415e-03
  -1.3101385e-01   2.8035767e-02   5.6501163e-02  -4.7236363e-03   1.0551354e-03  -3.4580741e-03
