   0.0000000e+00   0.0000000e+00   0.0000000e+00   0.0000000e+00   0.0000000e+00   0.0000000e+00
   6.7339064e-03   8.5887812e-03  -4.7366709e-03  -5.2158593e-05  -1.4162347e-04   2.4749455e-04
  -2.5511435e-03  -1.9214049e-02  -3.7733889e-02   6.9163608e-04   1.9060983e-04   1.3883426e-04
   1.5584344e-03  -2.0856462e-02   3.1104468e-02  -2.2188755e-04   2.9278138e-05  -1.0467561e-05
   6.0402679e-03   1.5707080e-02  -4.2178373e-02  -6.3698352e-05  -1.2193619e-04   7.2821296e-05
  -1.3246139e-02   1.9752471e-03  -6.2694509e-03  -1.0150934e-04  -1.7837441e-04  -1.6595936e-04
  -2.4303692e-02   8.0807974e-03  -4.4906970e-02   1.0716562e-04   1.8030842e-05   3.5982664e-05
  -1.7609722e-02  -1.7693746e-02  -4.9665443e-02   2.3951363e-04  -3.1815595e-04  -9.1526783e-05
  -1.1382356e-02  -1.4281356e-02  -3.3137671e-02  -1.3262602e-04  -4.4899532e-04  -9.3235999e-06
  -1.9711401e-01   1.7893611e-02  -4.4825458e-01  -8.1827005e-04   1.7429802e-03  -1.6948063e-03
  -1.3970861e-01  -1.4661307e-02  -3.4413567e-01   5.2775563e-04   9.5190250e-04  -1.1118984e-03
  -1.0813910e-01  -4.7708774e-03  -3.3216387e-01   7.4761097e-04   6.7928577e-04  -7.4206208e-04
  -7.4147563e-02   4.1002962e-03  -4.4730966e-01   1.4355291e-03   2.1427420e-03  -8.0882604e-04
  -1.0204634e-01  -1.3709093e-02  -6.7619827e-01   4.0355180e-03   3.3738230e-03  -1.7964270e-03
  -8.8629253e-02   2.1048788e-02  -6.0212659e-01   3.6068644e-03   3.6847717e-03  -1.5360321e-03
  -1.1071648e-01  -1.9101686e-03  -5.2264129e-01   2.1761814e-03   4.7634690e-03  -1.2436311e-03
  -7.6700023e-02   1.2114749e-02  -6.3582271e-01   1.8742729e-03   4.9734515e-03  -6.3152146e-04
  -8.5694398e-02   2.2499230e-02  -6.5719739e-01   1.0939389e-03   5.4006848e-03  -9.2665713e-04
  -1.1130155e-01   5.7462891e-03  -4.5790815e-01  -2.5644908e-03   4.2628496e-03  -1.8196321e-03
  -1.4070729e-01   2.2011113e-02  -3.1540041e-01  -3.6505382e-03   4.8875227e-03  -1.8370245e-03
  -2.7894741e-01  -5.3563540e-02  -9.5306039e-01   5.0772288e-03   7.2083990e-03  -2.9072772e-03
  -2.4323186e-01  -3.9381253e-02  -6.6974398e-01   1.8338159e-03   6.0369472e-03  -2.3366972e-03
  -2.2004936e-01  -5.1566371e-02  -5.6051218e-01   1.3981734e-03   6.1668191e-03  -1.6316660e-03
  -1.6689583e-01  -6.4540976e-02  -5.1989048e-01   1.0343546e-03   4.9460550e-03  -1.3279919e-03
  -1.4500761e-01  -7.3677175e-02  -5.1770716e-01   6.2937295e-04   4.2322689e-03  -1.2856882e-03
  -1.6090242e-01  -3.8614828e-02  -5.2473818e-01   4.5812899e-04   4.5784994e-03  -1.2025797e-03
  -1.5600042e-01  -4.1396151e-02  -5.0969673e-01   5.1574987e-04   4.5254609e-03  -1.2075900e-03
  -1.2678188e-01  -2.8950533e-02  -7.0075242e-01   2.3763647e-03   4.8889961e-03  -9.2871934e-04
  -1.0257896e-01  -1.5493189e-02  -1.0214211e+00   3.7925763e-03   5.9283705e-03  -3.4944146e-04
  -1.0862085e-01  -1.6874863e-02  -1.0236976e+00   3.5542070e-03   6.8843789e-03  -3.4100878e-04
  -1.1746094e-01  -4.9633637e-02  -9.0338576e-01   2.3172361e-03   7.7286227e-03  -1.5493300e-04
  -1.1243812e-01  -1.8270337e-02  -9.8734246e-01   2.3905646e-03   7.5108643e-03  -1.7262000e-04
  -1.2243876e-01  -9.5821198e-03  -1.0691869e+00   2.2875444e-03   8.0861860e-03   4.9333351e-04
  -9.0487004e-02  -4.4525149e-02  -1.0872652e+00   2.0006418e-03   7.8094688e-03   6.9487789e-04
  -7.7960221e-02  -9.2551283e-02  -9.0930792e-01   2.2463468e-03   7.9348449e-03   1.8047649e-04
  -6.4518041e-02  -7.3809758e-02  -8.9820792e-01   1.5719225e-03   7.7925131e-03   2.3794727e-04
  -5.4844568e-02  -6.3926650e-02  -7.7103498e-01   1.3378852e-03   7.5189355e-03   7.4838997e-04
  -1.2979550e-01  -6.0406923e-02  -7.4790777e-01   1.0646363e-04   6.6613528e-03  -3.9186241e-04
  -2.5136259e-01  -4.2506427e-02  -9.1412232e-01   1.2804788e-03   4.9385874e-03  -2.2827523e-03
  -2.1029043e-01  -8.2083676e-02  -7.5578352e-01   1.7100484e-03   4.8619830e-03  -1.8172462e-03
  -1.8250508e-01  -6.6562372e-02  -7.8915110e-01   1.5704066e-03   4.8973021e-03  -1.2028273e-03
  -1.5590314e-01  -7.6998755e-02  -7.8750504e-01   2.0305326e-03   4.5824857e-03  -1.0451247e-03
  -1.5469347e-01  -9.5739159e-02  -6.9377828e-01   1.8692877e-03   4.6927228e-03  -1.1758768e-03
  -1.1635487e-01  -1.1231093e-01  -6.7907220e-01   1.7660788e-03   4.3867278e-03  -7.6242316e-04
  -1.0435875e-01  -1.4125541e-01  -6.8550182e-01   2.1388301e-03   4.3709321e-03  -6.5935461e-04
  -7.8817135e-02  -1.4595186e-01  -6.6394274e-01   1.7332416e-03   4.0177502e-03  -6.9748523e-04
  -9.6060761e-02  -1.1334413e-01  -5.9032358e-01   2.3262005e-04   3.6440739e-03  -2.0023278e-04
  -5.4389066e-02  -2.3283735e-01  -6.6723242e-01   6.9482331e-04   4.1297560e-03   1.9253983e-04
  -1.5774672e-01  -1.6332811e-01  -7.3537419e-01   4.4033660e-04   4.1595966e-03  -8.9923846e-04
  -1.3578808e-01  -1.8424384e-01  -6.5097506e-01   2.1757975e-03   3.7877698e-03  -1.3626805e-03
  -1.0623468e-01  -1.5506804e-01  -6.2772838e-01   1.9227684e-03   3.5441613e-03  -7.7241201e-04
  -8.7867268e-02  -1.5225902e-01  -6.4698327e-01   2.3352542e-03   3.2882773e-03  -6.2430990e-04
  -9.5244197e-02  -1.4065544e-01  -6.1841452e-01   2.3023332e-03   3.4515365e-03  -5.9775946e-04
  -9.4338920e-02  -1.3929188e-01  -6.7504436e-01   2.3744531e-03   3.5193415e-03  -6.8563843e-04
  -5.6568246e-02  -1.5111101e-01  -8.3002537e-01   3.7916824e-03   3.1230223e-03  -4.7290318e-04
  -4.6187352e-02  -1.3395386e-01  -9.1865814e-01   3.8262391e-03   3.6901851e-03  -3.8312347e-04
  -5.6548742e-02  -1.5029163e-01  -9.5335521e-01   4.3773445e-03   4.3678941e-03  -4.6446585e-04
  -6.0642226e-02  -1.4818754e-01  -9.6502665e-01   4.5503261e-03   4.8397457e-03  -2.1325791e-04
  -6.1465525e-02  -1.5579161e-01  -9.1650445e-01   4.1698146e-03   4.7210046e-03  -1.7623791e-04
  -7.3082773e-02  -1.2468061e-01  -9.1775799e-01   3.5875218e-03   4.8556032e-03   1.7314999e-04
  -7.2677090e-02  -1.4767488e-01  -9.5893819e-01   3.4624566e-03   4.9042107e-03  -2.5114721e-04
  -5.3379553e-02  -1.8915279e-01  -8.7177884e-01   4.0599484e-03   5.3695722e-03  -1.3105263e-04
  -5.8970914e-02  -1.8035610e-01  -7.1484536e-01   3.1593478e-03   5.5711824e-03  -3.7186971e-04
  -7.2594252e-02  -1.5300900e-01  -8.5512570e-01   2.7925775e-03   6.2115802e-03   1.6483722e-04
  -8.0676848e-02  -1.7903161e-01  -9.1969048e-01   3.3061383e-03   6.5074324e-03  -1.3808690e-05
  -8.3567489e-02  -1.8315349e-01  -8.8826061e-01   3.0849049e-03   6.3864425e-03  -1.3519292e-04
  -8.1935512e-02  -1.5879827e-01  -9.1522903e-01   3.0962125e-03   6.1767767e-03   1.6637436e-04
  -8.2670452e-02  -1.6757721e-01  -8.8799439e-01   2.5470691e-03   6.2461107e-03  -1.7670108e-04
  -9.5746723e-02  -1.7155448e-01  -1.0039841e+00   4.0647417e-03   6.5587192e-03  -1.7708448e-04
  -1.1762703e-01  -1.9428160e-01  -1.0830812e+00   4.3964079e-03   6.8525232e-03  -1.5591338e-04
  -1.2477602e-01  -2.2066482e-01  -8.0364235e-01   1.6125426e-03   5.8713098e-03  -6.7788237e-04
  -2.0715655e-01  -1.8778317e-01  -8.2652083e-01   1.5263169e-03   5.1908403e-03  -1.7753402e-03
  -1.6635006e-01  -1.6031039e-01  -8.1057100e-01   1.7586636e-03   4.6379808e-03  -1.4252747e-03
  -1.4235127e-01  -2.0200005e-01  -7.0928230e-01   2.3013844e-03   4.1041257e-03  -1.5909414e-03
  -1.1947812e-01  -1.9486175e-01  -7.0957324e-01   1.1978460e-03   4.2493613e-03  -8.0058393e-04
  -1.2739380e-01  -2.0933638e-01  -7.6461628e-01   1.6025623e-03   4.5116798e-03  -5.9932615e-04
  -1.1146643e-01  -1.8918517e-01  -9.0851636e-01  -6.7141047e-03   4.9842582e-03   4.8086214e-06
  -1.6083669e-01  -2.2451473e-01  -9.0295221e-01  -9.5221112e-04   4.7742740e-03  -6.0777739e-04
  -1.1751480e-01  -2.0329125e-01  -8.4454308e-01  -1.1742789e-03   4.7470118e-03  -2.4968118e-04
  -7.3523638e-02  -2.2462626e-01  -1.0322437e+00   1.4500347e-04   4.5251813e-03  -1.0314399e-04
  -8.6098199e-02  -2.0789408e-01  -1.1145167e+00   1.0501785e-03   6.1508485e-03  -8.6745200e-05
  -9.1546584e-02  -2.0041329e-01  -9.4478065e-01   1.2162469e-04   6.4128543e-03  -8.3226827e-05
  -8.8478424e-02  -1.6653025e-01  -9.7447832e-01   1.4961087e-04   6.6092595e-03   4.3200910e-04
  -9.1323410e-02  -1.9567844e-01  -9.4140928e-01  -2.4769274e-05   6.9848353e-03   1.9486133e-04
  -7.4320664e-02  -2.0828000e-01  -9.6059548e-01  -1.8885977e-04   6.9027032e-03   2.2748300e-04
  -7.9825665e-02  -2.2738570e-01  -8.3674541e-01  -1.9555371e-04   7.0181433e-03   1.5200665e-05
  -8.9608301e-02  -1.9151497e-01  -9.5841230e-01  -4.1278872e-04   7.3834795e-03   5.6337672e-04
  -1.0299033e-01  -1.8966286e-01  -1.0095117e+00  -8.6014485e-04   6.9096396e-03   1.5257266e-04
  -7.7461615e-02  -2.1597889e-01  -9.8281660e-01   1.1128377e-04   6.5394399e-03  -1.1848084e-04
  -9.0454708e-02  -2.1768399e-01  -9.0418744e-01  -2.7934220e-04   6.6887033e-03  -2.2829181e-04
  -8.9313400e-02  -2.1315100e-01  -1.0801864e+00   4.1852072e-04   6.4754458e-03   2.3859076e-05
  -9.3785734e-02  -2.3933099e-01  -1.0762680e+00   1.7962531e-04   6.4777388e-03  -1.7017400e-05
  -7.9125570e-02  -2.4120216e-01  -9.6942890e-01  -4.4478614e-04   6.3371569e-03  -2.7064271e-05
  -7.9415411e-02  -2.4287900e-01  -1.1698266e+00   1.1404450e-03   6.3472268e-03  -2.3299684e-04
  -1.5574261e-01  -2.2853865e-01  -1.0436924e+00  -9.2611386e-04   5.1584555e-03  -1.1218501e-03
  -1.9907641e-01  -2.2790588e-01  -1.0087887e+00   1.0248041e-04   4.5600310e-03  -1.5471385e-03
  -1.6879748e-01  -2.4811461e-01  -1.0174290e+00   2.7347329e-04   4.1287451e-03  -1.4009763e-03
  -1.6099589e-01  -1.7329338e-01  -1.1601466e+00  -5.2415563e-03   5.2059799e-03  -2.6246222e-04
  -1.9347071e-01  -3.0243457e-01  -1.1269769e+00   2.5805411e-03   4.0337986e-03  -1.6187479e-03
  -1.8760410e-01  -2.9312765e-01  -1.0918797e+00   2.6292054e-03   3.7362317e-03  -1.6395560e-03
  -1.7960945e-01  -3.0118681e-01  -1.0002352e+00   2.2664148e-03   3.1078771e-03  -2.0917125e-03
  -1.8599969e-01  -2.8245369e-01  -1.0502733e+00   2.4995796e-03   3.3120327e-03  -1.7040256e-03
  -1.6020217e-01  -2.9741595e-01  -1.1393349e+00   3.1228120e-03   4.0499401e-03  -1.5306253e-03
  -1.5520079e-01  -2.7719253e-01  -1.1075887e+00   2.7907828e-03   4.6961662e-03  -1.4021034e-03
  -1.4246850e-01  -2.3028015e-01  -1.2298356e+00   2.2459758e-03   5.0378070e-03  -7.3291840e-04
  -1.4861208e-01  -2.8322173e-01  -1.2123306e+00   2.9451525e-03   5.0906246e-03  -9.3164009e-04
  -1.3012804e-01  -3.0614605e-01  -1.1708573e+00   2.2415126e-03   4.6707930e-03  -1.1929184e-03
  -1.3555751e-01  -2.9385680e-01  -1.0999507e+00   2.0237158e-03   4.5949071e-03  -1.3671567e-03
  -1.2476134e-01  -2.7954076e-01  -1.1520227e+00   2.0677764e-03   4.4462938e-03  -1.4466301e-03
  -1.5936300e-01  -2.6865303e-01  -1.1285861e+00   1.9045378e-03   4.9664958e-03  -1.5486540e-03
  -1.6763045e-01  -2.7231451e-01  -1.1835995e+00   2.6655094e-03   4.9038602e-03  -1.4642862e-03
  -1.4077376e-01  -2.7803315e-01  -1.2231195e+00   2.1364561e-03   4.4708181e-03  -1.2196287e-03
  -1.2777315e-01  -2.6220115e-01  -1.1573748e+00  -1.4287300e-04   4.0810558e-03  -1.5053151e-03
  -1.4236259e-01  -2.7591821e-01  -1.1203007e+00  -3.8490153e-04   4.5001821e-03  -1.2168773e-03
  -1.5390759e-01  -2.9227947e-01  -1.1884077e+00   1.0099673e-04   4.6214556e-03  -1.4509110e-03
  -1.3717002e-01  -3.1246897e-01  -1.2041039e+00   8.7782636e-04   4.0424784e-03  -1.3745778e-03
  -1.2856540e-01  -3.2491275e-01  -1.1689578e+00   4.2195645e-04   3.7141638e-03  -1.4625594e-03
  -1.4750474e-01  -3.3047320e-01  -1.1240562e+00  -3.0039160e-04   4.1369915e-03  -1.2992794e-03
  -2.0700939e-01  -3.3619177e-01  -1.1909693e+00   2.8088030e-04   4.0369614e-03  -2.4550697e-03
  -2.1445132e-01  -3.4253185e-01  -1.1626110e+00   1.5293221e-03   3.8308571e-03  -2.4222538e-03
