   0.0000000e+00   0.0000000e+00   0.0000000e+00   0.0000000e+00   0.0000000e+00  -1.1754944e-38
  -9.5704371e-03  -7.3612033e-02  -2.4849766e-02   1.1241739e-03  -2.5717181e-04   5.4979745e-04
  -5.3482957e-03   2.5418376e-02  -5.7651824e-02   7.9586224e-04   9.0290158e-05  -2.2882032e-04
  -2.4760056e-03  -4.7922040e-02   5.3343677e-02   1.0990701e-03   1.7222442e-04  -9.1049236e-05
   6.4099104e-03  -4.4493209e-02   4.6562478e-02   8.7015329e-04  -2.6026367e-04   7.6050277e-04
  -8.0371191e-03   3.3950661e-02   5.0569758e-02   5.2818545e-04   2.1154653e-04   2.2887961e-04
  -1.1884266e-02  -6.7338354e-02   1.3221053e-01   8.3107407e-04   1.3237685e-04   4.3545629e-04
  -3.3933377e-02   3.4061446e-02   1.2681340e-01  -2.2459296e-04   5.2972004e-04   3.8389181e-04
  -5.5997195e-02  -5.1348410e-02   2.0382165e-01  -5.7932226e-04   7.0324758e-04   4.4963243e-04
  -4.2233703e-02  -9.2464596e-02   2.4571378e-02   1.4632245e-03   3.2348577e-04   7.3552554e-04
  -4.5230458e-02  -2.4457733e-01  -1.1276642e-01   8.2732714e-03  -6.3872517e-04   1.8976514e-03
  -2.7634056e-02  -2.5446705e-01   4.2517017e-02   6.5435894e-03  -5.8907416e-04   1.8746425e-03
   1.5232113e-02  -2.3119648e-01  -1.0122673e+00   6.4770912e-03   3.4739175e-04   5.5533461e-04
   3.4652800e-02  -1.3495414e-01  -6.7730108e-01   5.6524409e-03  -4.8785664e-04   1.6514609e-04
   4.0785345e-02  -1.8663661e-01  -6.0760329e-01   5.5529489e-03  -2.3465936e-04  -3.9618481e-06
   2.7955843e-02  -2.4691059e-01  -6.4695641e-01   5.9867785e-03  -1.1592312e-04   4.9692901e-04
   4.4012740e-02  -1.1209062e-01  -7.2443976e-01   4.5010686e-03  -3.4013936e-04   3.1820346e-04
   4.4324525e-02  -1.4048192e-01  -5.7744493e-01   5.1159788e-03  -9.6505716e-04   1.9192536e-04
   3.6800153e-02  -1.1376563e-01  -6.3943920e-01   4.0784414e-03  -1.9874684e-04   1.5220396e-04
  -2.7809676e-02  -8.6379607e-02  -3.4357286e-01   2.5068329e-03  -4.3649139e-04   7.0460394e-04
  -3.6193003e-02  -1.8366931e-01   3.9291611e-01   1.9702186e-03  -5.6398992e-04   1.7615746e-03
  -9.8034037e-03  -1.4154619e-01   4.7256614e-01   2.4225839e-03  -9.9310806e-04   1.8554722e-03
  -3.4230980e-02   3.6214509e-02   5.0881177e-01   4.0655840e-04  -2.1642004e-04   1.6224164e-03
  -4.5073742e-02   1.0311792e-01   5.9193430e-01  -8.1912558e-05  -1.9433580e-04   1.5121112e-03
  -4.7364519e-02   1.0292531e-02   6.3659168e-01  -1.8772485e-04   8.3363821e-05   1.6144147e-03
  -5.6688412e-02   2.5210213e-02   5.4232793e-01  -4.4431020e-04   2.1387863e-04   1.8640970e-03
  -3.2040580e-02   2.1096964e-01   4.7387865e-01  -4.2516098e-03  -5.0051558e-04   1.4168824e-03
  -4.6013340e-02   5.7950288e-02  -4.1850852e-01  -8.3807021e-04   1.7734654e-03   1.6412753e-03
  -1.6611515e-02   1.0947990e-02  -3.0099228e-01   1.6862496e-03   1.5455982e-03   9.1300138e-04
   4.6123140e-02  -1.8506550e-01  -2.6360460e-01   5.4689733e-03   1.1973040e-04   8.2660929e-04
   1.7855423e-02  -1.4180248e-01  -4.9705374e-01   5.8631007e-03   1.6706177e-03   6.9673796e-04
   2.1963480e-03  -1.2370981e-01  -2.7052030e-01   6.0946038e-03   1.5996585e-03   8.7613833e-04
  -1.2496368e-03  -1.1969182e-01  -2.3429933e-01   5.9415424e-03   1.0823535e-03   5.8055207e-04
   4.1353209e-02  -1.0405526e-01  -3.2371377e-01   5.6073858e-03   4.6705739e-04   2.5211073e-04
   6.6995685e-02  -1.5499450e-01  -2.3373132e-01   6.1378327e-03   7.2506733e-05   4.4391124e-04
   9.0822075e-02  -1.0289384e-01  -5.2309543e-01   6.1637847e-03   3.0925919e-04   2.8043564e-04
   5.3403659e-02  -9.6557391e-02  -4.7175784e-01   4.3157837e-03   9.2689487e-04   4.0182963e-04
  -1.0497719e-02  -9.4369447e-02  -6.3726826e-02   2.7470893e-03   1.4615006e-03   1.5812092e-03
  -3.9457908e-02   2.8051491e-03  -7.1209905e-03   2.6144602e-03   1.8656406e-03   1.8358722e-03
  -4.5779320e-02   2.7727641e-02   1.7225064e-01   2.7913401e-03   2.0160760e-03   2.1498288e-03
  -5.4849819e-02  -8.2460676e-02   2.5455006e-02   1.8062243e-03   2.6200163e-03   2.0716289e-03
  -2.1412094e-02  -2.8410018e-02  -1.5186830e-01   6.6062586e-04   1.5558244e-03   1.8730572e-03
  -9.9669882e-03  -1.2000178e-01  -2.4342669e-01   8.2525657e-03  -1.7546992e-04   2.4254549e-03
   8.5142298e-03  -1.6227269e-01   1.5970406e-01   6.1039468e-03   4.7762235e-05   2.5033717e-03
  -1.4720937e-02  -1.6081080e-01   2.3274578e-01   6.5962264e-03   5.4040858e-04   2.2467581e-03
  -4.6131578e-02  -7.5162864e-03   2.2910846e-01   5.3730347e-03   9.7651032e-04   2.1457279e-03
  -4.2643269e-02  -1.0701079e-01   3.8923520e-01   6.1785666e-03   1.1659901e-03   2.4296633e-03
  -5.6323719e-02  -5.7703084e-02   3.6430031e-01   5.2729566e-03   1.3503557e-03   2.4345969e-03
  -9.7087932e-02   9.8857209e-02   3.5931191e-01   2.7239832e-03   2.0296383e-03   2.3525924e-03
  -1.0780507e-01   5.0763784e-02   5.0950215e-01   2.4233731e-03   2.4190832e-03   2.3356059e-03
  -8.5523483e-02  -3.2409799e-03   4.4170589e-01   3.5668804e-03   1.9373424e-03   2.4824588e-03
  -1.0145317e-01   5.7327512e-02   4.3657836e-01   3.4127919e-03   2.2749484e-03   2.2346226e-03
  -1.0109645e-01  -7.5442791e-03   4.9135015e-01   2.3037693e-03   2.6562552e-03   2.3459891e-03
  -7.0828114e-02   1.6847995e-01   4.6744276e-01  -4.2309840e-03   2.7154587e-03   1.5453880e-03
  -3.6966597e-02   5.4717709e-02   2.4483319e-02  -1.0702946e-03   2.9167004e-03   1.7195806e-03
  -2.0898560e-02   7.4957273e-03  -2.1461870e-01   2.9829838e-04   3.2392645e-03   2.1738016e-03
  -1.6754399e-02  -6.1066814e-02  -1.9548085e-01   2.4939785e-03   2.6161161e-03   1.7647354e-03
   2.5436166e-02   6.4589007e-03  -1.2011536e-01   1.2085696e-03   1.3461329e-03   1.4774173e-03
   2.9989202e-02  -1.5499545e-01  -2.6981955e-01   4.2315828e-03   2.8059983e-03   2.4155297e-03
   5.4011337e-02  -9.9304869e-02  -4.8694921e-01   2.0735839e-03   3.0253096e-03   2.2443225e-03
   6.9901388e-02  -1.5870761e-01  -1.6474497e-01   3.4752264e-03   1.9473048e-03   2.3897801e-03
   8.6725047e-02  -9.5541216e-02  -5.2579262e-01   2.9414892e-03   2.3841192e-03   2.4270080e-03
   1.0166349e-01  -2.0185217e-01  -4.5114465e-01   5.0400771e-03   2.8150972e-03   2.7330829e-03
   9.9902622e-02  -2.0864116e-01  -1.2628024e-01   5.2601195e-03   2.0368165e-03   2.7379237e-03
   3.9031297e-02  -3.8871667e-02  -2.5332209e-01   3.0806008e-03   2.7112331e-03   1.3371456e-03
   6.4768496e-02  -1.2353475e-01  -8.6168498e-04   4.5377713e-03   1.2708981e-03   9.2314452e-04
   4.8904995e-02  -1.4005155e-01  -3.8242635e-01   4.7120866e-03   2.8483772e-03   9.7994459e-04
   5.4020591e-02  -1.4379765e-01  -3.3673687e-01   3.7408486e-03   2.5319523e-03   8.4730293e-04
   4.4755777e-02  -1.3744576e-01  -2.8762170e-02   3.4675108e-03   1.5302525e-03   6.9432134e-04
   2.9958802e-02  -2.0685768e-02  -1.9764455e-01   1.6175490e-03   2.2603812e-03   2.5063005e-05
  -2.0809049e-02  -5.8079835e-02   3.1111867e-01   2.1613383e-03   2.4572525e-03   7.9055017e-04
  -8.9094352e-02  -1.2631460e-01   2.0648910e-01   2.0770096e-03   2.0511011e-03   1.5675734e-03
  -1.1976955e-01   9.1310298e-03   3.4812206e-01   1.4741959e-03   3.1548371e-03   1.2954432e-03
  -1.4622290e-01   4.2689023e-02   4.6062083e-01   5.4644934e-04   3.5108606e-03   1.3073679e-03
  -1.2544430e-01  -3.5159191e-02   4.2097243e-01  -9.6980187e-05   2.9322926e-03   1.8157918e-03
  -2.3588078e-01   1.4562710e-02   3.1452633e-01  -2.1737416e-04   3.6686814e-03   2.2516055e-03
  -5.2468328e-02  -1.3383589e-01   2.2729677e-01   2.4909545e-03   8.2924285e-04   2.2293191e-03
  -7.4904949e-02  -1.7216028e-01   2.0755262e-01   5.7395879e-03   1.2581304e-03   2.0104849e-03
  -1.1304874e-01  -9.2727680e-02   3.5262587e-01   4.9524218e-03   2.4488309e-03   1.8330096e-03
  -5.4992639e-02  -2.1390744e-01  -3.4499418e-01   5.5048211e-03   3.6205527e-03   1.7507475e-03
  -7.0824778e-02  -8.9073811e-02  -2.0784096e-01   5.2253767e-03   3.3774527e-03   5.9824327e-04
  -4.4015182e-02  -1.6990014e-01  -3.0707100e-01   6.1738666e-03   3.3095046e-03   4.2595380e-04
  -4.4055682e-02  -1.7528267e-01  -5.5965057e-01   6.1790661e-03   4.3837168e-03   9.5783271e-04
  -4.2127532e-02  -2.6731510e-01  -3.3297674e-01   6.6903951e-03   3.7832600e-03   1.0471307e-03
  -7.7920648e-02  -1.9689998e-01  -1.0718333e-01   4.2640658e-03   3.6994667e-03  -2.2319738e-04
  -1.0395341e-01  -4.0722510e-02  -1.2297776e-01   2.9088565e-03   4.5003060e-03  -7.3453641e-04
  -7.7273713e-02  -2.2494753e-01  -1.7639099e-01   4.5676632e-03   5.5426587e-03   1.7337826e-04
  -7.4974378e-02  -2.2035236e-01  -3.8335593e-01   3.1402466e-03   5.2625780e-03  -2.4685422e-04
  -1.2217341e-01  -5.2596060e-02  -1.1121919e-01   9.4256250e-04   4.7960879e-03  -7.8424950e-04
  -7.4980596e-02  -7.4262273e-02   1.7286289e-01  -1.0770721e-04   3.9294431e-03  -2.8087745e-04
  -9.2500280e-02  -3.2674658e-02  -4.1341450e-01  -8.3226864e-04   5.7516115e-03  -1.4815308e-04
  -7.1123566e-02  -2.1861380e-01  -3.0350052e-01   2.5150564e-03   5.3328788e-03  -7.6616827e-04
  -1.2706175e-01  -1.9721161e-02   4.7235101e-02  -8.9691252e-04   5.2814626e-03  -7.4658284e-04
  -1.2456338e-01  -6.8271598e-02  -2.9751356e-01   2.9739936e-04   5.6259247e-03  -7.6315535e-04
  -2.2544578e-01   2.5695134e-02   4.4610225e-01  -2.2606040e-03   6.5341591e-03  -7.8608105e-04
  -1.5094335e-01   3.6394405e-02   6.3654133e-01  -4.0096012e-03   5.3140559e-03  -3.6614745e-04
  -2.1199117e-01   1.1558241e-01   6.5956915e-01  -5.3382510e-03   6.4087802e-03  -4.8349303e-04
  -2.2773058e-01   2.2427903e-01   8.7188320e-01  -8.2705079e-03   6.7085314e-03  -6.0936276e-04
  -2.2791737e-01   2.7550955e-01   1.0269474e+00  -1.2159319e-02   6.8741479e-03  -5.4718984e-04
  -2.5762247e-01   3.9317807e-01   1.1255969e+00  -1.3910828e-02   7.3337903e-03  -6.1066723e-04
  -3.1353814e-01   4.2457188e-01   1.1849766e+00  -1.6028754e-02   8.5256798e-03  -2.0353759e-04
  -2.9057096e-01   2.9307037e-01   1.1690036e+00  -1.3823192e-02   8.5442476e-03  -3.8959805e-04
  -2.6414273e-01   2.2056387e-01   6.2302593e-01  -1.1407971e-02   8.6324787e-03  -2.9137907e-04
  -2.4547772e-01   2.1882553e-01   3.1472576e-01  -1.0487357e-02   8.4773054e-03  -4.2226956e-04
  -1.6718926e-01  -7.4990490e-02   1.6013291e-01  -3.3023010e-03   8.1216686e-03  -1.8461981e-04
  -1.7100980e-01  -2.4426980e-02   4.7108317e-02  -4.4263437e-03   7.6460460e-03  -8.0216598e-07
  -2.4517254e-01  -1.6754812e-02  -2.2056172e-02  -2.9346531e-03   7.9897372e-03  -8.3670484e-04
  -1.7742848e-01  -1.1943010e-01   7.6664038e-02  -1.1786241e-03   6.5931984e-03  -8.1721617e-04
  -1.5368095e-01  -6.0688730e-02  -3.3911894e-01  -3.0880579e-03   7.3284823e-03  -8.2309377e-04
  -1.7428574e-01  -1.1502744e-01  -3.6986891e-01  -2.0768788e-03   7.8535001e-03  -7.7506497e-04
  -1.8558857e-01  -1.1938883e-01  -3.0552708e-02  -1.7216384e-03   6.8001434e-03  -8.4149051e-04
  -1.8502605e-01   4.6728262e-02   5.9214440e-02  -4.0634952e-03   6.4162725e-03  -9.8200474e-04
  -1.9011035e-01  -1.3591386e-01  -1.8952601e-01  -1.1134065e-03   8.3020423e-03  -1.9847492e-05
  -2.1266776e-01  -8.9703334e-02  -2.2619598e-01  -1.6105889e-03   7.8396269e-03  -5.5814536e-04
  -2.5568533e-01  -4.9449381e-02   2.1470860e-01  -1.4592501e-03   7.8571940e-03  -8.3061510e-04
  -2.4805689e-01  -3.0944870e-02   1.8394567e-02  -2.2645181e-03   8.0428216e-03  -8.8790552e-04
  -2.2800450e-01  -1.2354226e-01  -1.6670369e-02  -6.9549580e-04   8.6531898e-03  -1.7962448e-04
  -1.8747247e-01  -2.5381862e-01   7.4171943e-01   5.7603871e-04   5.9868716e-03  -1.9266818e-04
  -2.6085056e-01   4.1238294e-02   7.4026165e-01  -3.6498627e-03   7.9394437e-03   4.7338337e-04
  -2.8530014e-01   1.5023214e-01   8.1967725e-01  -3.4953736e-03   8.4169058e-03   4.4863214e-04
