   0.0000000e+00   0.0000000e+00   0.0000000e+00   0.0000000e+00  -2.1684043e-19   0.0000000e+00
   1.8557226e-02   2.8359885e-02  -1.3520357e-01   5.6348444e-05  -1.0075738e-04  -1.7544623e-04
  -3.6242659e-03  -6.5779869e-03  -2.8696325e-02  -3.8933008e-04  -8.0452943e-05  -4.6004702e-04
  -1.0322991e-02  -4.4504011e-04   5.5621343e-05   1.0650561e-04  -3.0536342e-05  -4.5538355e-04
  -1.1447468e-02  -1.1122916e-02  -3.1249362e-02   5.8525780e-04   1.4221754e-04  -4.9358602e-04
  -3.7066336e-02  -4.6059677e-02  -1.4934812e-02   4.7201340e-04   7.9506410e-04  -7.9361739e-04
  -3.4481338e-02  -5.7576196e-02  -2.6917014e-02   7.8193803e-04   1.1340970e-03  -1.0706705e-03
  -4.5087730e-02  -4.7284159e-02  -1.1315553e-02   5.0379392e-04   1.2064830e-03  -1.4303818e-03
  -5.3613664e-02  -5.4988210e-02  -1.6334080e-03   3.8080701e-04   1.1834278e-03  -1.6958103e-03
  -5.4353223e-02  -7.0017106e-02   1.3267573e-02   5.5827662e-04   1.4511305e-03  -1.8619844e-03
  -5.0131891e-02  -7.9217125e-02   2.7681231e-02   4.2776418e-04   1.5107671e-03  -1.9153673e-03
  -4.6555329e-02  -7.9772465e-02   1.0012888e-01  -5.9585921e-04   1.5693951e-03  -1.7792373e-03
  -3.8496620e-02  -6.7422739e-02   8.6451180e-02  -6.0895054e-04   1.4869087e-03  -1.7804793e-03
  -4.4496760e-02  -7.8606786e-02   1.0811724e-01  -3.8711921e-04   1.3057163e-03  -2.0480600e-03
  -6.4825367e-02  -6.9807310e-02   1.5391653e-01  -6.2540373e-04   1.6753565e-03  -2.1828641e-03
  -6.1212004e-02  -8.6659036e-02   1.6231265e-01  -4.6766404e-04   1.6140944e-03  -2.3397838e-03
  -7.7958425e-02  -8.7491070e-02   1.9936066e-01  -4.7152033e-04   2.1532002e-03  -2.2163803e-03
  -6.4061372e-02  -9.9844209e-02   1.5653806e-01  -2.4348589e-04   1.7340149e-03  -2.2598364e-03
  -7.1557613e-02  -1.0609564e-01   1.5474051e-01  -1.7653627e-04   1.7826719e-03  -2.1677864e-03
  -8.7685567e-02  -8.8817253e-02   1.5865292e-01  -8.4441049e-04   1.7747702e-03  -2.5639803e-03
  -6.9944225e-02  -7.3870041e-02   2.0935145e-01  -1.5485961e-03   2.0788013e-03  -2.4726029e-03
  -6.1260022e-02   2.4905194e-03   6.4008817e-02  -1.7200429e-03   2.1124661e-03  -2.1022588e-03
  -4.6519672e-02   1.0649159e-02  -4.6971502e-02  -1.8853583e-03   1.5302594e-03  -2.0144495e-03
  -4.3956409e-02  -7.2587864e-03  -8.9764912e-02  -1.4806739e-03   1.1899581e-03  -1.8232047e-03
  -3.6602655e-02  -1.8360115e-02  -1.4512072e-01  -1.2381332e-03   1.0666619e-03  -1.3173263e-03
  -3.9184788e-02  -6.1335842e-02  -1.1835474e-01  -1.0674904e-03   7.3797637e-04  -1.1771646e-03
  -5.1444631e-02  -4.7192608e-02  -1.7593861e-01  -6.6323698e-04   7.7746581e-04  -1.5560245e-03
  -4.4214661e-02  -7.1524669e-02  -1.1656262e-01  -3.1796242e-04   7.5574966e-04  -1.2124408e-03
  -3.0241423e-02  -9.9609719e-02  -1.5721853e-01  -9.8184349e-04   1.2672515e-03  -7.3478680e-04
   1.7324612e-02  -1.4085889e-01  -1.4191980e-01  -2.9512148e-03   1.8109187e-03  -1.7556046e-04
  -2.8891534e-02  -1.1286068e-01  -1.5151577e-01  -1.8671763e-03   1.4905799e-03  -8.1463328e-04
  -3.8047979e-02  -1.1169341e-01  -1.3820917e-01  -1.4403090e-03   1.3323838e-03  -7.9813341e-04
  -5.2828098e-02  -1.2162520e-01  -1.4194451e-01  -8.3196586e-04   1.4022488e-03  -1.1354699e-03
  -1.2629064e-02  -9.4847407e-02   9.3386596e-04  -2.8774793e-03   1.4436258e-03  -9.5777986e-05
  -3.5941610e-03  -1.0673801e-01  -7.1860685e-02  -1.4068542e-03   1.0797087e-03   3.0043518e-04
  -6.6053682e-03  -1.1052332e-01  -1.4269948e-01  -9.2375435e-04   1.2055675e-03  -4.2091874e-06
  -2.6162985e-02  -1.2965770e-01  -1.3536646e-01  -1.3449326e-04   1.5964816e-03  -1.7786582e-04
  -4.7986946e-02  -1.2504929e-01  -1.4845770e-01   1.6268566e-07   1.9999553e-03  -2.1151260e-04
  -6.5273950e-02  -1.5952928e-01  -1.3221682e-01   3.8799122e-05   2.0778811e-03  -5.3683519e-04
  -7.8019429e-02  -1.7444690e-01  -1.1947886e-01   2.2104932e-04   2.0170998e-03  -1.2678719e-03
  -7.6067907e-02  -1.5467338e-01  -1.2792750e-01  -1.1900606e-04   2.0845781e-03  -1.4985887e-03
  -6.7627217e-02  -1.9631651e-01  -1.0531258e-01   1.6950383e-04   2.1001703e-03  -1.7021129e-03
  -5.1553161e-02  -2.0045447e-01  -1.0857980e-01   1.9996275e-04   1.8299546e-03  -1.8301891e-03
  -5.1647710e-02  -2.1896192e-01  -5.8900402e-02  -3.1056952e-05   1.7710045e-03  -1.9927548e-03
  -5.1390973e-02  -2.1623468e-01  -3.2442527e-02  -7.1795085e-05   1.8130200e-03  -1.9109807e-03
  -5.1630465e-02  -2.3046560e-01  -2.8422740e-03   1.2016486e-04   1.8747266e-03  -2.1636136e-03
  -6.2020540e-02  -2.3551121e-01   3.6302608e-02   7.4197696e-05   1.7216519e-03  -2.2402986e-03
  -9.4546973e-02  -2.2807678e-01   4.1257100e-02   1.3702976e-04   1.8221795e-03  -2.8621985e-03
  -6.1899955e-02  -2.5242605e-01  -1.3434473e-02   7.8365014e-04   1.3512845e-03  -2.3816355e-03
  -5.3890634e-02  -2.4186817e-01   2.2750044e-03   4.3253693e-04   1.2892265e-03  -2.1514451e-03
  -2.5616664e-02  -2.1213466e-01   6.7423535e-02  -8.0293865e-06   8.4460157e-04  -1.8704026e-03
  -4.2012190e-02  -1.6021496e-01   3.5902091e-02  -1.1619851e-03   6.9022846e-04  -2.0376144e-03
  -4.2926161e-02  -1.3990288e-01  -2.8971277e-02  -1.6884610e-03   6.6211090e-05  -2.0130073e-03
  -5.0563445e-02  -1.6742151e-01   3.7981929e-03  -8.4495915e-04   3.7299943e-04  -1.9384050e-03
  -5.0395311e-02  -1.8459717e-01   6.0979813e-02  -7.0310992e-04   1.7950133e-04  -2.0342543e-03
  -3.1402385e-02  -1.8246923e-01   3.5255838e-02  -9.3532456e-04  -2.5934979e-04  -1.7344381e-03
  -2.7072811e-02  -1.8715889e-01   1.3239341e-02  -9.7281165e-04  -3.8791369e-04  -1.8738869e-03
  -1.9448274e-02  -2.2170535e-01  -2.2794195e-03  -1.1169160e-03  -1.5919244e-04  -1.6362472e-03
  -2.3440026e-02  -2.4048418e-01   6.7566370e-03  -2.0641621e-03   5.0044702e-04  -1.4010270e-03
  -2.9987060e-02  -2.1123758e-01  -4.4857394e-02  -1.8324515e-03   4.0386790e-04  -1.6301382e-03
  -4.4706806e-02  -2.4392904e-01  -4.5477245e-02  -1.2331781e-03   3.9767055e-04  -1.8382221e-03
  -6.4484492e-02  -2.3462918e-01  -1.3878623e-02  -1.5865032e-03   5.4324644e-04  -2.2628609e-03
  -7.1127999e-02  -2.1656611e-01  -3.8433404e-02  -1.4498598e-03   5.9005652e-04  -2.5316047e-03
  -6.4831586e-02  -2.3926828e-01  -4.8723206e-02  -8.6624874e-04   5.5037475e-04  -2.6050698e-03
  -6.6574096e-02  -2.4852643e-01  -1.2610418e-02  -1.1949375e-03   5.0312311e-04  -2.7962333e-03
  -7.7443530e-02  -2.8386620e-01   4.9134110e-02  -1.0409605e-03   6.4339706e-04  -2.9626759e-03
  -7.6884354e-02  -2.7915925e-01   5.2234812e-02  -1.3736752e-03   6.1382318e-04  -3.1800500e-03
  -8.1666296e-02  -2.8665396e-01   3.9132841e-02  -1.4027488e-03   6.0233430e-04  -3.5606157e-03
  -8.2568875e-02  -2.9326718e-01   6.1504606e-02  -1.2234144e-03   6.6085196e-04  -3.6080176e-03
  -7.0368855e-02  -3.1215314e-01   8.5401605e-02  -8.7797639e-04   5.3417651e-04  -3.5102432e-03
  -6.0958733e-02  -2.9659512e-01   6.6228829e-02  -7.6583836e-04   4.6602746e-04  -3.5220907e-03
  -5.5157376e-02  -3.1743236e-01   7.3661108e-02  -2.3893832e-04   4.4329553e-04  -3.3731287e-03
  -5.4860630e-02  -3.2972520e-01   5.5603165e-02  -2.7671021e-05   3.2831347e-04  -3.3159987e-03
  -6.8833859e-02  -3.2694784e-01   5.4560792e-02  -5.8727015e-04   2.8867153e-04  -3.5704996e-03
  -6.3666149e-02  -3.8743768e-01   1.1250802e-01  -3.9284304e-04   4.7736329e-04  -3.2201536e-03
  -4.9583915e-02  -3.5967019e-01   8.7323087e-02  -8.9308378e-04   8.4384044e-04  -2.8441557e-03
  -3.1846625e-02  -1.7633189e-01   1.0287726e-01  -3.2993258e-03   7.1569143e-05  -1.0037268e-03
  -3.2579867e-02  -2.0260468e-01  -6.2493097e-03  -1.5555003e-03  -3.9412855e-07  -1.1132842e-03
  -2.5155157e-02  -2.2621340e-01  -1.8886485e-03  -9.8968529e-04  -3.3814126e-05  -1.1948171e-03
  -2.8846321e-02  -2.5935619e-01  -3.2886435e-02  -2.9067401e-04   6.0936931e-05  -1.2464512e-03
  -1.4695975e-02  -2.8115810e-01   9.3485534e-03  -2.9649472e-04  -4.2571575e-04  -1.2322321e-03
  -6.9336888e-03  -2.8998590e-01  -2.2174406e-02  -4.2873901e-04  -5.2164315e-04  -9.8815457e-04
  -1.4197072e-02  -2.6650583e-01  -4.9472718e-02  -9.5280624e-04  -5.0199390e-04  -1.0628706e-03
  -1.4608115e-02  -3.0813799e-01  -6.5747266e-02   1.8922224e-04  -5.7356970e-04  -1.1525568e-03
  -1.3092617e-02  -3.0434330e-01  -1.2007978e-02   3.7534049e-05  -7.2051397e-04  -9.7619058e-04
  -2.1377170e-02  -2.8638771e-01  -4.3887719e-02  -4.8477095e-04  -5.3887930e-04  -1.0398267e-03
  -4.9589621e-02  -2.9434735e-01  -5.5712842e-02  -4.7131209e-04  -4.4718321e-05  -1.5639738e-03
  -5.2665319e-02  -3.1402048e-01  -7.9166857e-02  -1.3816851e-04  -2.1173347e-04  -2.1130306e-03
  -6.0400832e-02  -3.3939769e-01  -9.3182597e-02   3.5420954e-04  -5.8127594e-05  -2.5252935e-03
  -6.0430539e-02  -3.6413697e-01  -6.3243212e-02   7.8733915e-05   3.0564579e-05  -2.6016439e-03
  -5.7067494e-02  -3.6784951e-01  -5.3851570e-02  -1.1801725e-04  -1.0518655e-04  -2.6855799e-03
  -5.8424577e-02  -3.9016265e-01  -7.1815425e-02   6.0564838e-04  -1.2490098e-04  -2.8630235e-03
  -5.3778004e-02  -3.7511146e-01  -3.0120748e-02   4.8163562e-04  -3.2798470e-05  -2.8687621e-03
  -4.7505881e-02  -3.8949358e-01   4.6607542e-02   3.5153905e-04  -2.1804752e-04  -2.9304748e-03
  -4.2924543e-02  -3.9380385e-01   2.5268829e-02   8.4956173e-04  -8.2191876e-05  -2.9530894e-03
  -3.0959893e-02  -4.0428066e-01   1.4578335e-02   2.0615320e-04  -3.1955610e-04  -2.7671202e-03
  -2.5599738e-02  -4.2157557e-01   1.6429401e-02   1.1956932e-03  -3.0901645e-04  -2.5884619e-03
  -6.1462854e-03  -4.4487530e-01   3.1586215e-02   1.5933587e-03  -4.8092168e-04  -2.4387218e-03
  -9.8474346e-03  -4.3225525e-01   3.1550582e-02   1.1640552e-03  -5.3853326e-04  -2.5907893e-03
  -2.6244118e-02  -4.4371644e-01   2.5454046e-02   1.5499178e-03  -4.2216852e-04  -2.8044473e-03
  -3.5170223e-03  -4.6905727e-01   3.0140880e-02   2.0716089e-03  -4.7831293e-04  -2.3903584e-03
   6.0009182e-02  -5.1923552e-01  -7.8653323e-02  -1.3395089e-03   6.7716275e-04  -1.4319103e-03
   1.9965398e-02  -4.5640927e-01  -2.7156273e-02  -1.7055813e-03   3.7335936e-04  -2.1313138e-03
  -4.2304654e-03  -3.8825497e-01   1.5684409e-01  -3.0787871e-03  -5.2392196e-05  -2.8638900e-03
  -1.0123542e-02  -3.5691935e-01   1.0655689e-01  -2.8543011e-03  -1.3301749e-04  -3.0532500e-03
  -2.4397200e-02  -3.5008054e-01   8.4289718e-02  -2.9433010e-03  -8.0805550e-04  -3.1904314e-03
  -3.3465106e-02  -3.5822636e-01   6.0901240e-02  -2.8760800e-03  -9.1474446e-04  -3.2288833e-03
  -3.7938345e-02  -4.2218805e-01   1.1625183e-01  -2.1736318e-03  -9.3977662e-04  -3.2284193e-03
  -5.0499231e-02  -3.9190820e-01   9.5653462e-02  -2.2515859e-03  -6.0263133e-04  -3.3088675e-03
  -3.8679203e-02  -4.0407463e-01   4.5554518e-02  -2.0696905e-03  -3.8037791e-04  -3.3397438e-03
  -5.1123687e-02  -4.2731529e-01   1.0561619e-01  -1.9121500e-03  -2.5066711e-04  -3.3307344e-03
  -5.5184594e-02  -4.1931076e-01   6.7187401e-02  -1.9311069e-03  -2.9811510e-04  -3.6281524e-03
  -5.3518810e-02  -4.1522677e-01   4.2121178e-02  -1.8841729e-03  -5.0207210e-04  -3.6903086e-03
  -4.4913847e-02  -4.3411453e-01   8.4865019e-02  -1.9233981e-03  -5.8136481e-04  -3.4993087e-03
  -3.6632332e-02  -4.5928389e-01   9.4735866e-02  -1.2391165e-03  -6.8954986e-04  -3.2785233e-03
  -3.7727995e-02  -4.2839001e-01  -6.1716880e-03  -1.3869386e-03  -7.1699651e-04  -3.4493328e-03
  -1.5696043e-02  -4.2777051e-01   3.4286921e-02  -1.6027440e-03  -1.0833781e-03  -2.9692756e-03
  -2.0395230e-02  -3.9361328e-01  -7.2201925e-02  -2.2584657e-03  -9.1732294e-04  -2.9734924e-03
  -4.1763487e-02  -4.0717570e-01  -3.7527189e-02  -1.8109091e-03  -1.1452398e-03  -2.8871049e-03
  -4.2886710e-02  -4.3240523e-01  -2.9322597e-02  -1.2912184e-03  -1.0450182e-03  -3.0127351e-03
