   0.0000000e+00   0.0000000e+00   0.0000000e+00   0.0000000e+00   0.0000000e+00   0.0000000e+00
  -1.1946397e-02   4.0862589e-03   7.0379897e-02   1.3842865e-05  -3.3107877e-04  -2.5099168e-04
  -1.1265062e-02  -1.3774292e-02   1.0557035e-01  -7.6500595e-04  -2.7728833e-04  -2.8173223e-04
  -2.5619563e-03  -3.4926313e-02   1.2032058e-01  -5.6584230e-04  -3.0967492e-04  -1.3787276e-04
  -4.4636831e-03  -8.7087164e-03   1.0619113e-01  -1.0444889e-03  -2.4270418e-04   1.4141373e-04
   1.7260252e-02  -1.4576433e-02   1.5002649e-01  -1.2131305e-03  -7.6796103e-04   3.1023479e-04
   2.6677719e-02  -3.2920795e-02   2.2118721e-01  -9.3709477e-04  -6.7014825e-04   3.4600532e-04
   1.5939391e-02  -1.5958221e-02   1.9986989e-01   3.4613130e-05  -1.4105665e-03   4.7782973e-04
   1.1534319e-02   8.3493112e-03   1.4691432e-01   6.2428124e-05  -1.5607131e-03   6.6426731e-04
  -6.3603764e-03   2.5935261e-02   1.7084782e-01   1.4159169e-04  -1.2301100e-03   4.9359888e-04
  -6.2009835e-03   6.3184383e-03   1.8632686e-01   2.7625444e-04  -1.1324489e-03   3.6896625e-04
   5.2858209e-03  -1.0395598e-01   1.9604441e-01  -1.4341303e-03  -2.5427608e-05   8.5209238e-04
  -2.2951556e-02  -2.5214981e-01  -6.0679378e-02  -2.7675897e-03   1.1215165e-03   3.1550981e-04
   1.2100172e-01  -7.8705096e-02  -9.3833755e-01  -6.7783800e-03  -1.2575160e-04  -9.5417234e-04
   1.3389223e-01  -5.2450734e-02  -1.0173795e+00  -3.5557746e-03   1.8535725e-03   5.2762166e-04
   1.5468895e-01  -9.8369196e-02  -9.7388880e-01  -4.7917856e-03   3.3815353e-04   8.6268841e-04
   1.8073097e-01  -1.0372576e-01  -6.2737487e-01  -7.5434247e-03   5.4460667e-04   1.3130373e-03
   1.9770523e-01  -1.7556718e-01  -6.2512983e-01  -1.1082430e-02   9.6541045e-05   1.0749616e-03
   1.0364259e-01  -2.5766429e-01  -5.3842510e-02  -1.2979752e-02   4.5421313e-03   5.0305817e-04
   2.0555841e-01  -1.8471555e-01  -1.8394391e-01  -6.6643865e-03   2.1100532e-03   7.9933625e-04
   2.2618270e-01  -1.3375244e-01  -3.3354553e-01  -4.2242633e-03   3.1474160e-03   1.5877689e-03
   2.4814415e-01  -1.6383655e-01  -2.1704906e-01  -4.9350887e-03   2.8063432e-03   1.7013939e-03
   2.4030152e-01  -1.9012805e-01  -2.7375469e-02  -5.8326605e-03   2.9004704e-03   1.6038181e-03
   2.5398309e-01  -2.3044797e-01   2.6312159e-01  -6.3118839e-03   3.0841188e-03   1.6224343e-03
   2.6344806e-01  -2.8663029e-01   3.3042504e-01  -5.7198695e-03   3.3483872e-03   1.6614842e-03
   2.9196225e-01  -2.7969463e-01   3.4380764e-01  -3.3460639e-03   3.7256650e-03   2.5936802e-03
   2.7664164e-01  -3.2853838e-01   3.7949914e-01  -3.5331990e-03   3.3159710e-03   2.2978150e-03
   3.2078579e-01  -2.2057836e-01  -3.1184336e-01  -1.2088643e-02   5.2706537e-03   2.6681410e-03
   4.1937239e-01  -2.3158954e-01   2.5209723e-01  -1.4211052e-02   4.1996110e-03   2.2696944e-03
   3.8883385e-01  -1.8119334e-01   1.9054067e-01  -1.2737122e-02   4.1929352e-03   1.4928856e-03
   4.6984758e-01  -1.8186340e-01  -3.2101745e-01  -9.6557597e-03   3.7706880e-03   1.4529779e-03
   3.8668984e-01  -1.2634643e-01   4.7528867e-01  -1.1226282e-02   2.2187358e-03   1.2481494e-03
   3.5668627e-01  -2.6156069e-01   6.3794597e-01  -1.1903373e-02   2.2281953e-03  -2.7307659e-04
   3.7783991e-01  -2.2880118e-01   5.6841089e-01  -1.0517042e-02   3.0664428e-03   9.7076549e-04
   3.4146885e-01  -1.9586987e-01   2.3980007e-01  -9.5504539e-03   5.0030090e-03   2.1329777e-03
   4.4250724e-01  -3.1944649e-01   2.5064340e-01  -1.3031711e-02   4.1312566e-03   1.6719430e-03
   3.5189122e-01  -3.7496585e-01   8.3301834e-01  -1.1295679e-02   3.6662633e-03   1.1355886e-03
   2.7369382e-01  -3.7037502e-01   9.4348247e-01  -6.7144253e-03   5.0409524e-03   1.4249519e-03
   2.6028487e-01  -3.7651187e-01   1.2221682e+00  -6.1049577e-03   4.4171827e-03   1.7362853e-03
   2.8846484e-01  -4.5052381e-01   1.5600347e+00  -5.9253348e-03   3.2741540e-03   1.6216029e-03
   3.0152544e-01  -5.0521182e-01   1.8590250e+00  -6.1424438e-03   2.3879889e-03   1.3784067e-03
   3.0316384e-01  -5.0384348e-01   1.8573670e+00  -5.5363632e-03   3.4881489e-03   1.9948199e-03
   2.8561336e-01  -4.9855698e-01   1.7536522e+00  -5.4291962e-03   2.8549778e-03   1.8096318e-03
   2.8069251e-01  -4.8994454e-01   1.8216478e+00  -7.0583010e-03   1.9903126e-03   1.1105388e-03
   2.6746571e-01  -5.3710492e-01   1.8472854e+00  -7.6817447e-03   2.0740141e-03   6.9425381e-04
   2.8663479e-01  -5.6085427e-01   1.8232673e+00  -8.0618102e-03   1.9627196e-03   7.1718735e-04
   3.2371013e-01  -5.2343340e-01   1.8331207e+00  -8.7368858e-03   1.6517577e-03   8.7098414e-04
   3.2911330e-01  -5.2336389e-01   1.9463199e+00  -9.2304614e-03   1.6937139e-03   1.0489233e-03
   3.4331506e-01  -5.4031159e-01   1.9984227e+00  -9.6743567e-03   1.3499136e-03   1.4414011e-03
   3.4077812e-01  -5.5181343e-01   2.0327808e+00  -9.4553996e-03   1.1546542e-03   1.4523417e-03
   3.3196897e-01  -5.5385214e-01   2.0363205e+00  -9.7922817e-03   1.1491300e-03   1.2170805e-03
   3.1312152e-01  -5.4428034e-01   2.0291815e+00  -8.9660310e-03   1.1413333e-03   1.0879192e-03
   2.7113736e-01  -5.2374324e-01   2.0238674e+00  -7.2574417e-03   3.2345334e-04   1.1681199e-03
   2.9949191e-01  -6.5081731e-01   2.1348959e+00  -1.3259449e-02   2.2631929e-03   1.8939198e-03
   4.6268981e-01  -5.9828752e-01   1.8983162e+00  -1.5974117e-02   1.7128651e-03   1.0016973e-03
   4.7090031e-01  -4.6412802e-01   9.8674890e-01  -1.5393145e-02   7.3103961e-03   5.6582810e-05
   4.2926809e-01  -6.1586664e-01   1.9972647e+00  -1.9791913e-02   5.5182780e-03  -1.9146809e-04
   3.8955955e-01  -5.1946242e-01   1.9466944e+00  -1.7529562e-02   5.8404780e-03   4.0389343e-04
   3.9494156e-01  -5.7328808e-01   2.1192724e+00  -1.9537674e-02   4.5093119e-03  -2.5761776e-04
   3.2709656e-01  -5.5715480e-01   1.6026462e+00  -2.0130287e-02   6.7623555e-03   1.7690929e-05
   4.0688698e-01  -5.4109645e-01   1.5422573e+00  -2.0968450e-02   5.1762498e-03  -3.2206549e-04
   4.1858119e-01  -5.3001174e-01   1.5450770e+00  -1.9611490e-02   6.3755535e-03   4.8237985e-04
   3.7554831e-01  -5.4819703e-01   1.5512577e+00  -1.8478579e-02   8.5348828e-03   1.3963301e-03
   4.3375184e-01  -7.4468846e-01   1.7322870e+00  -2.1978961e-02   6.6031184e-03   1.7447240e-03
   4.4048445e-01  -6.2421862e-01   9.1948066e-01  -1.7335976e-02   7.9749672e-03   1.9441006e-03
   4.5649746e-01  -6.9183021e-01   9.8163590e-01  -2.1224946e-02   5.9191650e-03   1.4859615e-03
   4.2822408e-01  -8.7765993e-01   1.0235923e+00  -2.0051002e-02   7.1603836e-03   1.1833038e-03
   5.2483090e-01  -8.5592141e-01   5.8788500e-01  -2.5314374e-02   6.4367322e-03  -1.0649376e-03
   5.7977995e-01  -8.0663544e-01   2.2364169e-01  -2.1680923e-02   8.1701632e-03   4.3211732e-04
   5.3485443e-01  -6.7031553e-01   3.2861252e-01  -1.2923090e-02   8.6126575e-03  -1.4080229e-05
   5.3503388e-01  -6.8968199e-01   4.7132866e-01  -1.7272429e-02   1.1757806e-02   3.4861862e-03
   5.5850775e-01  -4.8361843e-01   1.8683237e-02  -6.2359507e-03   8.3773190e-03   2.1687332e-03
   4.4690576e-01  -3.1443171e-01  -3.1761947e-01  -2.0521282e-04   9.3442368e-03   2.7708392e-03
   4.4910178e-01  -2.9415499e-01  -6.9404022e-03   2.7728961e-04   8.1137263e-03   2.7870314e-03
   4.5670017e-01  -3.5531367e-01   2.6510129e-01  -9.0209357e-04   7.6808560e-03   2.8590766e-03
   4.4714619e-01  -3.8073697e-01   4.4026109e-01   1.7018742e-03   7.0194669e-03   2.8482902e-03
   3.8398368e-01  -4.2571460e-01   7.2056528e-01   1.5559283e-03   6.0340554e-03   2.1591086e-03
   3.2559922e-01  -3.6214648e-01   5.9854220e-01   1.6967288e-03   6.0386726e-03   2.5310350e-03
   3.0311821e-01  -3.2621618e-01   3.5991684e-01   2.1347004e-03   5.5802739e-03   2.6131852e-03
   3.4278698e-01  -8.4224849e-01   1.6853881e+00  -8.7787115e-03   5.1838188e-03   1.9620998e-03
   4.0001360e-01  -7.8731244e-01   1.1418106e+00  -6.0529331e-03   6.2941477e-03   1.1037725e-03
   3.6306897e-01  -6.4878959e-01   7.0937221e-01  -3.7649719e-03   9.1683041e-03  -3.2420870e-05
   4.5736446e-01  -7.8182422e-01   6.8826089e-01  -1.3866634e-02   9.2220783e-03  -2.6881431e-04
   4.8614291e-01  -9.7148363e-01   6.7364152e-01  -1.1287757e-02   7.4527264e-03   2.6191551e-04
   4.3295650e-01  -1.0003768e+00   6.4222185e-01  -9.3976136e-03   7.4828539e-03   3.2616544e-04
   4.3132413e-01  -1.1612189e+00   1.1102190e+00  -1.0303187e-02   5.4277921e-03   9.6617153e-05
   3.5050999e-01  -1.2205149e+00   1.5370473e+00  -8.8015187e-03   4.5266506e-03  -7.5174463e-04
   3.5621901e-01  -1.2683657e+00   1.4793313e+00  -1.1110469e-02   5.6522777e-03  -7.1943653e-04
   3.8398922e-01  -1.2918820e+00   1.3034968e+00  -6.6752788e-03   6.5371902e-03  -2.2934332e-03
   3.8928453e-01  -1.1096275e+00   4.6533836e-01  -3.6508035e-03   7.7992022e-03  -1.4420194e-03
   3.9639748e-01  -1.1093685e+00   1.6549843e-01  -1.8688313e-03   4.5917813e-03  -1.3708722e-03
   4.2571124e-01  -1.0925169e+00   5.9619491e-01  -1.5201896e-03   5.7959489e-03   4.8292653e-05
   4.2702511e-01  -1.1660791e+00   8.8095112e-01  -8.0823332e-03   4.8204387e-03  -3.3448167e-04
   3.4652508e-01  -9.0709688e-01   8.8408100e-02   7.7822552e-04   9.0115698e-03   7.0330655e-04
   4.9998755e-01  -5.4221947e-01  -5.0049312e-01   4.3365749e-03   7.8233170e-03   1.3822460e-03
   4.9351858e-01  -4.3314906e-01  -2.6824490e-01   6.6045550e-03   8.0740064e-03   2.3384340e-03
   5.0472758e-01  -4.6225946e-01  -2.3466217e-02   6.1627525e-03   7.9350766e-03   3.4876760e-03
   5.1632486e-01  -5.3139887e-01   2.0491039e-01   6.7596514e-03   7.8522355e-03   4.0152100e-03
   5.1752199e-01  -6.0398196e-01   3.3004200e-01   8.6364700e-03   7.1065909e-03   3.7135881e-03
   4.4178637e-01  -5.5327706e-01   4.9020608e-02   1.0078177e-02   6.7135407e-03   3.1125541e-03
   3.8903487e-01  -4.9367209e-01  -1.0677630e-01   1.0997242e-02   5.1432679e-03   3.0472199e-03
   4.0818546e-01  -5.2791343e-01  -8.3126875e-03   8.9585435e-03   4.9912222e-03   3.5764308e-03
   3.6049290e-01  -5.8590132e-01   9.6644846e-01   1.7229716e-03   6.1209990e-03   2.9048770e-03
   3.1513807e-01  -4.6303929e-01   6.0186560e-02  -8.3076039e-04   6.8597465e-03   1.7789084e-03
   2.3242558e-01  -4.9204320e-01   4.2246749e-01  -2.1280563e-05   8.4285759e-03   1.7418417e-03
   1.5875830e-01  -6.5462069e-01   1.3056602e+00  -5.0273920e-03   1.2502567e-02  -4.5123770e-04
   1.8075405e-01  -6.6076700e-01   1.2255466e+00  -4.7709836e-03   1.2917658e-02  -7.5464964e-05
   2.0630038e-01  -8.2932430e-01   1.5940619e+00  -7.8227180e-03   9.9900346e-03  -7.2049624e-04
   1.5314727e-01  -8.1977116e-01   1.5767589e+00  -7.0848551e-03   1.1066744e-02   5.1226236e-04
   1.8419114e-01  -8.9632202e-01   1.8923292e+00  -9.8913532e-03   8.8170994e-03  -3.6708541e-04
   1.7009142e-01  -8.6552364e-01   1.3096917e+00  -1.0556973e-02   1.0863069e-02  -3.5322231e-04
   1.3073683e-01  -7.7963610e-01   9.4867004e-01  -8.6343889e-03   1.2443363e-02  -5.3260250e-04
   1.7723922e-01  -7.5299391e-01   5.5908328e-01  -6.9343699e-03   1.1631816e-02  -8.1260894e-04
   1.6505797e-01  -8.1509810e-01   8.0361255e-01  -8.8186861e-03   1.1402579e-02  -1.1468925e-03
   1.2561081e-01  -8.4066371e-01   6.4783755e-01  -1.2779311e-02   1.3111949e-02  -1.9443586e-03
   1.3327249e-01  -8.4606968e-01   9.8605972e-01  -9.5322860e-03   1.0882866e-02  -2.0021343e-03
   7.6296781e-02  -8.9601603e-01   1.0544727e+00  -1.2637156e-02   1.3392606e-02  -2.5719716e-03
   1.9022354e-01  -7.4689535e-01   8.8138606e-01  -9.9204337e-03   1.1538300e-02  -2.5734824e-03
   2.4432166e-01  -6.8087701e-01   5.4548713e-01  -3.8737686e-03   8.9975897e-03  -4.3979684e-04
   2.3564125e-01  -6.9144536e-01   8.1852880e-01  -4.3471452e-03   8.2456028e-03  -3.9649086e-04
