   0.0000000e+00   0.0000000e+00   0.0000000e+00   4.3368087e-19  -2.1684043e-19   9.4039548e-38
   1.0904437e-01  -1.2092525e-01  -1.8975138e-01   1.9216648e-03   2.7454806e-04   8.9793976e-04
  -2.2886611e-02   8.3673936e-02  -2.9477140e-01  -1.6586790e-04   1.5529107e-03   7.7112925e-04
   2.9986219e-02   1.9901313e-02  -2.1846157e-01   5.7034138e-04   6.7508890e-04   9.6030182e-04
   4.6967569e-02   8.1473931e-02  -2.9724971e-01   3.1307975e-04  -1.3490012e-04   8.2623946e-04
   4.9979457e-02   6.9195035e-02  -2.4140155e-01   5.5048234e-04  -7.6708160e-04   9.5641523e-04
   3.3977437e-02   5.0847471e-02  -2.4003885e-01   7.5263044e-04  -7.5313814e-04   4.3516875e-04
   3.8007607e-03   1.0477597e-01  -2.8956062e-01   4.5554194e-04  -5.7638820e-04   1.3467244e-04
   1.3413048e-02   4.8379734e-02  -2.1344664e-01   3.9175648e-04  -9.3591874e-04   1.6567083e-04
   8.0763636e-03   8.3505421e-02  -2.6271232e-01   3.9122785e-04  -1.1020662e-03  -5.4506602e-05
   8.7641279e-03   4.2492307e-02  -2.1298726e-01   3.1360735e-04  -1.0239002e-03   6.5472057e-05
   1.0369234e-02   5.1942719e-02  -2.2791764e-01   3.2014951e-04  -1.1342807e-03  -2.2437170e-04
   1.2057417e-02   2.9534362e-02  -2.3890932e-01   4.0789667e-04  -1.1280375e-03  -1.3918223e-04
   5.6593876e-03   6.4854806e-02  -2.4412495e-01   2.0162477e-05  -1.0831595e-03  -3.0542457e-04
   1.1757058e-02   2.8085612e-02  -2.2633258e-01   1.4920457e-04  -1.0884264e-03  -3.4858633e-04
   2.9121871e-03   3.8170961e-02  -2.2822364e-01  -1.0402357e-04  -9.2105552e-04  -4.5983540e-04
  -7.3379484e-03   5.6552425e-02  -2.6349685e-01   3.3872178e-05  -9.5432820e-04  -5.4724463e-04
   7.2453382e-03   6.2053579e-03  -2.0078704e-01   6.9151883e-05  -1.1578812e-03  -5.8358671e-04
  -6.7790461e-03   3.5082831e-02  -2.3912150e-01   1.7064920e-04  -1.1867149e-03  -7.3450460e-04
   4.5364956e-03  -2.3969376e-02  -2.3113555e-01   7.7696173e-04  -1.2700587e-03  -7.4637758e-04
   4.7288969e-02  -1.5881766e-01  -2.7870570e-01   3.0450377e-03  -1.6059742e-03  -8.7495458e-04
  -3.9952062e-03  -5.4403148e-02  -2.3226548e-01   1.1744789e-03   3.4513096e-04  -1.5634603e-03
  -7.4871581e-03  -9.7529157e-02  -2.1788373e-01   2.5443548e-03   3.9371385e-04  -1.2672963e-03
  -7.0852390e-04  -1.3672081e-01  -2.5575570e-01   3.1692826e-03   7.0616093e-05  -1.3337258e-03
  -4.7610579e-02  -3.8234391e-02  -3.0828973e-01   2.0674354e-03   2.3866498e-04  -1.7530755e-03
  -1.4043603e-02  -9.8296945e-02  -2.2215191e-01   2.1026379e-03  -2.4805043e-04  -1.3778658e-03
  -4.9977046e-03  -4.9095561e-02  -2.7621131e-01   1.9768621e-03  -2.1303632e-04  -1.4143267e-03
  -1.6097073e-02  -7.6417592e-02  -2.7924680e-01   1.9023170e-03  -1.4033683e-04  -1.3938876e-03
   2.5697494e-02  -1.2027431e-01  -2.1809320e-01   2.1435956e-03  -4.5454570e-04  -1.1088812e-03
  -8.0499895e-03  -8.1209821e-03  -2.8322672e-01   1.5754560e-03  -1.7632007e-04  -1.2052651e-03
   8.5174564e-03  -8.8871158e-02  -2.4310300e-01   1.9010969e-03  -4.3335871e-04  -1.0759759e-03
  -2.4713030e-03  -3.6780771e-02  -2.6910204e-01   1.8860657e-03  -3.9482961e-04  -1.1189590e-03
   5.8407873e-03  -8.9624986e-02  -2.6055853e-01   1.8703487e-03  -5.2641716e-04  -1.1261911e-03
  -1.4255628e-02  -1.7246252e-02  -3.1291308e-01   1.6648124e-03  -6.4451943e-04  -1.4582515e-03
  -6.8606200e-03  -1.0902404e-01  -2.3630737e-01   1.8547501e-03  -7.9416177e-04  -1.1042676e-03
  -8.1291098e-03  -3.6544817e-02  -3.0630471e-01   1.6178243e-03  -7.2463642e-04  -1.2572455e-03
  -1.6212281e-02  -5.5322672e-02  -2.8874650e-01   1.8000117e-03  -6.5998623e-04  -1.2781319e-03
   7.2787587e-03  -1.1683270e-01  -2.9777928e-01   2.3996872e-03  -1.1842616e-03  -1.1027405e-03
  -8.8666303e-03  -9.8330076e-02  -3.0999337e-01   2.4998068e-03  -1.3588857e-03  -7.3529391e-04
  -2.2862320e-02  -3.6689941e-02  -3.8658943e-01   2.3213918e-03  -1.3997202e-03  -1.0581316e-03
  -2.2625926e-02  -1.0307868e-01  -3.4537508e-01   2.5405180e-03  -1.4222406e-03  -1.1424247e-03
  -3.0159504e-02  -9.8626921e-02  -3.4477220e-01   2.6284029e-03  -1.4828035e-03  -1.2074102e-03
  -1.8982612e-02  -8.3863649e-02  -3.6957403e-01   2.4741436e-03  -1.7130281e-03  -1.2605880e-03
  -2.9622452e-02  -1.1787443e-01  -3.2060545e-01   2.2789877e-03  -1.5928244e-03  -1.2263716e-03
  -2.6407695e-02  -9.6234072e-02  -3.3791742e-01   2.3094975e-03  -1.7048597e-03  -1.3527199e-03
  -1.4925889e-02  -1.0830592e-01  -3.2318456e-01   2.0196412e-03  -1.8451033e-03  -1.2455756e-03
  -2.3783568e-02  -1.0160072e-01  -3.1374220e-01   1.9408902e-03  -1.7074754e-03  -1.2022790e-03
  -2.2604860e-02  -7.8634916e-02  -3.4617357e-01   2.1368989e-03  -1.8634591e-03  -1.1963542e-03
  -1.8876260e-02  -1.2477646e-01  -3.0735410e-01   2.1879272e-03  -2.0511248e-03  -1.2303792e-03
  -3.2610450e-02  -8.3554815e-02  -3.3440998e-01   2.1682602e-03  -2.1389557e-03  -1.4493595e-03
  -2.7937520e-02  -1.1863413e-01  -2.6093840e-01   1.9008513e-03  -2.0782473e-03  -1.5750971e-03
  -6.6974286e-02  -9.7527798e-02  -2.9829703e-01   2.1131063e-03  -1.4236120e-03  -1.8613536e-03
  -5.2051074e-02  -9.4010289e-02  -3.2522956e-01   2.1660949e-03  -1.4259797e-03  -1.8126182e-03
  -5.8406130e-02  -7.7036952e-02  -3.2731620e-01   2.1798642e-03  -1.3401668e-03  -1.8574423e-03
  -5.2488207e-02  -1.3476332e-01  -2.8367457e-01   2.1613242e-03  -1.3332650e-03  -1.7150639e-03
  -5.8963020e-02  -7.9828153e-02  -3.2446363e-01   2.1629752e-03  -1.3283399e-03  -1.7760906e-03
  -5.1961021e-02  -1.6284265e-01  -2.4587299e-01   2.1505539e-03  -1.4040920e-03  -1.5981317e-03
  -5.1198106e-02  -6.1451553e-02  -3.4072633e-01   1.8601021e-03  -1.6069848e-03  -1.7132708e-03
  -6.1292158e-02  -9.1154634e-02  -3.2597023e-01   1.7387742e-03  -1.3945294e-03  -1.7423744e-03
  -4.1001237e-02  -1.2387153e-01  -3.5997805e-01   2.1425450e-03  -1.7062062e-03  -1.7040184e-03
  -2.1782070e-02  -1.2635418e-01  -2.9226211e-01   2.1996376e-03  -2.0508689e-03  -1.6484282e-03
  -4.9876352e-02  -7.6957546e-02  -3.3577939e-01   2.1095939e-03  -1.9755474e-03  -1.9582984e-03
  -6.2073065e-02  -1.1530350e-01  -3.3751537e-01   2.3367938e-03  -1.7671659e-03  -2.0674702e-03
  -6.8336340e-02  -1.2257644e-01  -2.9819957e-01   2.1159841e-03  -1.7980876e-03  -2.1973651e-03
  -7.0755610e-02  -9.1049040e-02  -3.3033391e-01   2.0256580e-03  -1.8148210e-03  -2.2648792e-03
  -7.1331095e-02  -1.2145259e-01  -3.1274999e-01   1.8987782e-03  -1.7475948e-03  -2.2920411e-03
  -8.8482853e-02  -1.2409045e-01  -3.0811069e-01   1.8721405e-03  -1.5653737e-03  -2.2912577e-03
  -6.9046556e-02  -1.0273277e-01  -3.3279738e-01   2.0165369e-03  -1.9092706e-03  -2.2867093e-03
  -7.0916253e-02  -1.2036006e-01  -3.2331834e-01   1.9700395e-03  -1.7069834e-03  -2.1961321e-03
  -6.9496899e-02  -1.2404066e-01  -2.9708275e-01   1.7795304e-03  -1.8057053e-03  -2.2486285e-03
  -6.6810387e-02  -1.0947626e-01  -3.2056500e-01   1.8034111e-03  -1.8208459e-03  -2.0939692e-03
  -5.9805620e-02  -1.4018573e-01  -2.8243162e-01   1.7400428e-03  -1.9442747e-03  -2.2101890e-03
  -5.4312288e-02  -1.3388153e-01  -2.8747598e-01   1.9069536e-03  -2.0875438e-03  -2.1775076e-03
  -5.4350643e-02  -1.2603412e-01  -3.1689400e-01   2.0807011e-03  -2.1610421e-03  -2.2356009e-03
  -4.1343730e-02  -1.8340614e-01  -2.2121081e-01   2.1107817e-03  -2.3122474e-03  -2.2421812e-03
  -5.1181434e-02  -1.9323761e-01  -2.6058591e-01   2.7437839e-03  -2.3123015e-03  -2.0198498e-03
  -4.7554662e-02  -2.3744963e-01  -3.4727001e-01   3.6810299e-03  -2.1502968e-03  -2.3045177e-03
  -8.0514096e-02  -6.4852744e-02  -4.4049956e-01   2.3892431e-03  -1.4773689e-03  -2.3444951e-03
  -7.2998123e-02  -1.8801126e-01  -3.1963569e-01   3.0216740e-03  -1.6281953e-03  -2.4157522e-03
  -7.4928994e-02  -1.2227799e-01  -3.5195521e-01   2.6442730e-03  -1.7921016e-03  -2.6411339e-03
  -6.9189372e-02  -1.9463376e-01  -2.9576036e-01   2.6911038e-03  -1.7931388e-03  -2.6835469e-03
  -7.3767946e-02  -8.2546456e-02  -3.9086044e-01   2.1649708e-03  -1.6710626e-03  -2.5773020e-03
  -6.9155866e-02  -1.4620753e-01  -3.4130820e-01   2.3895135e-03  -1.7337556e-03  -2.4818672e-03
  -7.0838552e-02  -1.2022893e-01  -3.6838309e-01   2.4376872e-03  -1.6810659e-03  -2.2665924e-03
  -7.3317005e-02  -1.2077990e-01  -3.7155016e-01   2.3319182e-03  -1.7587636e-03  -2.3276152e-03
  -5.7137260e-02  -1.7471625e-01  -3.4903953e-01   2.7151598e-03  -2.1053396e-03  -2.3098641e-03
  -7.9049364e-02  -1.5779806e-01  -3.4369136e-01   2.7861801e-03  -2.0652724e-03  -2.5693023e-03
  -8.6496110e-02  -1.2948410e-01  -3.7493723e-01   2.7724039e-03  -1.9569272e-03  -2.7969230e-03
  -7.9075110e-02  -1.4668492e-01  -3.6765261e-01   2.6782327e-03  -2.0420795e-03  -2.9362140e-03
  -8.3210361e-02  -1.6650825e-01  -3.4324380e-01   2.6419369e-03  -2.0622473e-03  -3.0319771e-03
  -9.4686471e-02  -1.2698395e-01  -3.8035808e-01   2.3875985e-03  -1.9159776e-03  -2.9444259e-03
  -9.3022073e-02  -1.4626666e-01  -3.6784071e-01   2.2461553e-03  -1.9339047e-03  -3.0045418e-03
  -9.0778936e-02  -1.5521107e-01  -3.4377253e-01   2.4555644e-03  -1.9888778e-03  -3.0849502e-03
  -8.3647420e-02  -1.2358500e-01  -3.9363953e-01   2.5308189e-03  -2.1387862e-03  -3.0547896e-03
  -8.5065627e-02  -1.6955129e-01  -3.3454046e-01   2.4904424e-03  -2.1287706e-03  -3.0222102e-03
  -9.6297808e-02  -1.1572798e-01  -3.8681508e-01   2.1484776e-03  -2.0533252e-03  -3.0709801e-03
  -8.7259831e-02  -1.8016989e-01  -3.2522282e-01   2.2385468e-03  -2.2029514e-03  -3.1053260e-03
  -9.9127836e-02  -1.2966958e-01  -3.6173373e-01   2.1737857e-03  -2.2439777e-03  -3.0823967e-03
  -8.9177607e-02  -1.5711312e-01  -3.6019896e-01   2.4483850e-03  -2.3003882e-03  -3.0429987e-03
  -8.8291796e-02  -1.5680605e-01  -3.3881383e-01   2.2158480e-03  -2.2288377e-03  -2.9134246e-03
  -9.9993018e-02  -1.1657558e-01  -3.8690987e-01   2.1071526e-03  -2.2276421e-03  -2.9583425e-03
  -8.1591432e-02  -1.8725089e-01  -3.0371170e-01   2.3635112e-03  -2.4248973e-03  -2.9851658e-03
  -8.4890608e-02  -1.5441846e-01  -3.4629043e-01   2.5410026e-03  -2.5095269e-03  -2.8539252e-03
  -7.6425750e-02  -2.8307396e-01  -2.1693012e-01   3.3766407e-03  -2.2954351e-03  -2.5844267e-03
  -8.3000752e-02  -2.1450498e-01  -3.3172956e-01   3.6475252e-03  -2.3871826e-03  -2.6477927e-03
  -7.0958629e-02  -3.2425485e-01  -3.1537274e-01   5.4440655e-03  -2.1572476e-03  -2.1195239e-03
  -9.7855324e-02  -1.3752107e-01  -3.6932696e-01   3.4812275e-03  -1.5853577e-03  -2.4069809e-03
  -7.6491637e-02  -2.3879604e-01  -2.7948173e-01   3.6504989e-03  -2.1951542e-03  -2.4082750e-03
  -5.7928029e-02  -2.0518933e-01  -3.1765040e-01   3.5391494e-03  -2.5298047e-03  -2.4018024e-03
  -4.0143642e-02  -2.8155138e-01  -2.4811404e-01   3.8531539e-03  -2.7429515e-03  -2.2748439e-03
  -5.8314641e-02  -2.2524942e-01  -2.8620343e-01   3.5507320e-03  -2.5607442e-03  -2.3092385e-03
  -7.2430984e-02  -2.3236120e-01  -3.1190047e-01   3.5737678e-03  -2.2163359e-03  -2.4679355e-03
  -6.8397781e-02  -2.3268932e-01  -2.9689143e-01   3.6348876e-03  -2.2261677e-03  -2.5941572e-03
  -8.2005962e-02  -2.0435300e-01  -3.3742284e-01   3.4038254e-03  -2.1442500e-03  -2.5893627e-03
  -7.6710119e-02  -2.3491564e-01  -2.8951522e-01   3.4562646e-03  -2.3993872e-03  -2.6630319e-03
  -7.6503769e-02  -2.2938002e-01  -3.1672263e-01   3.7231538e-03  -2.6687382e-03  -2.8114036e-03
  -6.8870603e-02  -2.5013460e-01  -2.8939240e-01   3.4848349e-03  -2.6132459e-03  -2.8147508e-03
  -8.0411457e-02  -2.1088511e-01  -3.4521974e-01   3.3664602e-03  -2.4714667e-03  -2.9143600e-03
  -5.4428171e-02  -5.8690838e-01  -3.0374071e-01   9.5154677e-03  -3.4481928e-03  -3.3472978e-03
  -8.2678153e-02  -4.8139796e-01  -4.8668276e-01   1.0156987e-02  -2.5966963e-03  -3.2577239e-03
