   0.0000000e+00   0.0000000e+00   0.0000000e+00   0.0000000e+00   0.0000000e+00   0.0000000e+00
  -2.2944621e-02   7.4826610e-02  -1.6307305e-02   2.7971576e-04   1.0133846e-03  -4.2407524e-04
   2.2612814e-03  -1.1066211e-03   8.4157407e-02   2.2828791e-04   1.0533351e-03   4.1583698e-04
   8.4236508e-04   1.9936473e-02  -5.8500537e-03  -3.6276894e-04   2.1095892e-04  -2.1899786e-04
  -1.3072026e-02  -1.3904075e-02  -4.5150420e-03   5.9518532e-05   2.3875206e-05   1.1844336e-04
  -1.0112043e-02   2.0094944e-02  -4.0664417e-02   1.5215332e-04  -1.6195989e-04  -1.0694357e-04
  -1.5128114e-02   5.6739638e-02  -1.0775352e-01  -4.7811868e-06   5.9483773e-04  -4.5534212e-04
  -1.0944645e-02  -7.3868444e-03  -7.3441137e-02   5.3844139e-04  -7.1660245e-05   2.9129022e-04
  -7.9604008e-03   5.4269929e-02  -1.5102199e-01   1.5246387e-04   9.1410802e-04   4.6289872e-04
   1.6182831e-02   3.8869957e-02  -1.9667922e-01   3.9810044e-04   5.0624241e-04   5.5888386e-04
   2.3068191e-02   2.0409083e-02  -1.8409026e-01   4.7370752e-04   4.6333031e-04   5.3301626e-04
   1.0203916e-02   4.5343466e-02  -2.2083494e-01  -1.3173312e-04   2.7387110e-04   7.6146926e-04
   2.0281483e-02   1.6713001e-02  -2.2229250e-01  -2.1426562e-04   4.0024321e-04   1.2292255e-03
   1.2742958e-02   3.4889465e-02  -2.2378193e-01   1.0239345e-04   7.2803454e-04   1.5796291e-03
   2.2664062e-02   6.4893085e-03  -1.7059975e-01   2.1346382e-04   1.0085288e-04   1.8892522e-03
   1.5801770e-02   5.6222097e-02  -2.2399237e-01  -3.3944842e-04  -2.5247304e-04   1.4620184e-03
   9.8633537e-03   9.2491959e-03  -2.3169504e-01   2.8770519e-04   2.4076753e-04   2.0949242e-03
  -2.0269688e-02   6.2552413e-02  -2.5447356e-01   5.7023804e-04   1.4652801e-04   1.2904170e-03
  -1.2395428e-02   7.1479124e-03  -1.5440534e-01   1.0753845e-03   3.2679314e-04   1.7508607e-03
  -3.3204277e-02   7.4936975e-02  -2.1600973e-01   1.2766498e-04   2.6746568e-04   7.0047686e-04
  -2.6058882e-02   1.8266125e-02  -1.5293804e-01   1.1850414e-03   5.6695724e-05   1.1615771e-03
  -4.1021382e-02   5.0497130e-02  -1.9777848e-01   9.8279274e-04   3.4544548e-04   3.7243977e-04
  -1.4426223e-02   2.4963762e-02  -1.3083457e-01   1.6054837e-03   2.0136864e-04   1.1542619e-03
  -2.0732598e-02   7.4364862e-02  -1.9187649e-01   8.5884162e-04  -8.3076102e-05   5.6624185e-04
  -1.3421358e-02   1.4276641e-02  -1.4272422e-01   1.8646270e-03  -2.1474282e-04   1.8545600e-03
  -2.4831932e-02   8.1092789e-02  -1.8980606e-01   6.3733153e-04   2.3565076e-04   1.4214517e-03
  -1.3461391e-02   5.7088928e-02  -1.7646753e-01   6.8675341e-04  -3.6929165e-04   2.1918219e-03
  -5.3632271e-03   9.5034474e-02  -1.9409143e-01   4.5068360e-04  -4.2558138e-05   2.4064057e-03
  -3.5422522e-03   4.0933839e-02  -1.8843161e-01   6.4676410e-04   1.3376102e-04   3.5826660e-03
  -1.7262072e-02   7.9134453e-02  -2.2787512e-01   3.5771712e-04   3.1416531e-04   3.2465434e-03
  -1.2005098e-02   1.2385609e-02  -1.2114924e-01   9.9619432e-04   5.6698669e-05   3.8765207e-03
  -1.6280072e-02   8.0729351e-02  -2.4100957e-01   1.6305648e-05   7.0558504e-04   3.6114215e-03
  -1.4170691e-02   3.9879086e-02  -1.8984344e-01   1.7315725e-04   4.8905271e-04   3.7302703e-03
  -1.3091983e-02   8.2037223e-02  -2.3273526e-01   1.1592655e-05   4.0688437e-04   3.7245707e-03
  -2.2148455e-02   2.3595286e-02  -1.6445350e-01   1.3700927e-03   8.6383073e-04   4.2935107e-03
   2.8513193e-02   3.6052401e-02  -1.7751422e-01  -2.4609600e-04   7.7699194e-04   5.8216749e-03
   2.3391415e-03   4.3610863e-02  -1.2703000e-01   8.3683751e-04  -3.3915066e-05   5.0138126e-03
  -8.7334468e-03   2.9953627e-02  -4.2661565e-02   1.2827315e-03   3.0676343e-04   5.6759666e-03
  -7.0155215e-03   1.0480491e-01  -6.9254895e-02   2.7535750e-04   4.8802143e-04   6.0377495e-03
  -4.2761290e-03   6.0677901e-02  -4.9191774e-02  -3.3410653e-04   5.2225478e-04   6.6603171e-03
  -1.3374032e-02   1.0191133e-01  -1.3600974e-01  -2.4406797e-03   4.5885209e-04   5.7534300e-03
  -3.5186983e-02   6.9700589e-02  -7.9607421e-02  -1.9215290e-03   7.7698242e-04   6.0403905e-03
  -2.0432041e-02   1.1461654e-01  -1.3814857e-01  -2.5940012e-03   5.9827694e-04   6.0495922e-03
  -2.9495174e-02   9.1160694e-02  -5.0839318e-02  -1.6957232e-03   4.0902744e-04   6.5438411e-03
  -5.1441215e-02   1.2299213e-01  -5.6035699e-02  -1.7568615e-03   3.4851028e-04   5.8399317e-03
  -3.6449843e-02   9.9207535e-02  -6.3724255e-02  -2.2813589e-03   1.7885539e-05   5.7995124e-03
  -3.6107275e-02   1.3126433e-01  -3.5482871e-02  -1.5088994e-03   8.8717658e-05   5.5937893e-03
  -4.0881957e-02   1.1070489e-01  -3.0276933e-02  -7.5896330e-04   2.5209998e-04   5.9472608e-03
  -4.7271708e-02   1.7780268e-01  -1.0486569e-01  -1.9893989e-03   4.9208877e-04   5.5564309e-03
  -4.1945451e-02   1.8368633e-01  -1.4336506e-01  -2.1887536e-03   4.3228623e-04   5.3334870e-03
  -4.0046759e-02   1.9891250e-01  -8.5971581e-02  -1.9905812e-03   9.1781461e-04   5.3383848e-03
  -4.3003536e-02   1.9967447e-01  -1.2813321e-01  -1.8755339e-03   1.6095369e-03   4.9606730e-03
  -4.2881527e-02   1.8915984e-01  -6.6249475e-02  -1.9370186e-03   1.8904125e-03   4.7570953e-03
  -2.3193157e-02   2.1522473e-01  -1.1094789e-01  -2.8567838e-03   1.8542084e-03   5.5484828e-03
  -3.3356570e-02   2.3892315e-01  -1.0229266e-01  -3.2957965e-03   1.9233431e-03   6.0734134e-03
  -3.0576799e-02   2.2196257e-01  -1.1718446e-01  -3.9107051e-03   1.4497512e-03   6.4349087e-03
  -2.6692974e-02   2.3944496e-01  -7.5399935e-02  -4.2381807e-03   1.2659255e-03   6.4544759e-03
  -3.2119515e-02   2.0768229e-01  -5.6474893e-02  -4.2275544e-03   1.8054833e-03   6.5502282e-03
  -3.5119498e-02   2.2709077e-01  -2.4202103e-02  -4.2336528e-03   1.9546739e-03   6.6568206e-03
  -2.9030511e-02   1.4630776e-01   2.1389432e-02  -3.8802578e-03   1.8725607e-03   7.0573696e-03
  -2.5484117e-02   2.1560579e-01  -1.0205179e-01  -5.0694109e-03   2.6018277e-03   6.9670110e-03
  -1.1426400e-02   1.9429626e-01  -1.0111586e-01  -4.8714304e-03   2.4940574e-03   7.3178787e-03
  -7.5914225e-03   2.4763418e-01  -1.2028517e-01  -5.2531088e-03   2.1667615e-03   7.1775041e-03
  -1.5298602e-02   2.0752237e-01  -3.7961022e-02  -4.7049113e-03   2.3913996e-03   7.6537963e-03
  -1.7242872e-02   2.2960572e-01  -7.2793198e-02  -5.1368930e-03   2.7192223e-03   7.3993599e-03
  -1.6336479e-02   1.8088560e-01   3.2103837e-02  -4.9966054e-03   2.7488359e-03   7.6785572e-03
  -2.4348666e-02   2.3667770e-01  -4.1613256e-03  -6.0051046e-03   3.4181046e-03   7.8482201e-03
  -2.1472079e-02   1.7834310e-01   8.6429249e-02  -6.7584456e-03   3.7815423e-03   8.1555136e-03
   1.4508457e-03   1.8354882e-01   4.3563021e-02  -6.9227512e-03   3.6366299e-03   8.8929977e-03
  -1.3713805e-02   2.2734564e-01   8.5182711e-04  -6.6436753e-03   3.8876355e-03   8.5408272e-03
  -1.5488161e-02   1.8125227e-01   4.6227452e-02  -6.3539947e-03   4.3201153e-03   8.9798256e-03
  -1.1459686e-02   2.2871247e-01  -1.5373724e-02  -7.7192663e-03   4.6411173e-03   8.8589307e-03
  -3.6287394e-02   1.6383030e-01   6.1472878e-02  -6.9679888e-03   4.9856244e-03   9.0356159e-03
  -1.8536159e-02   2.1216105e-01  -1.6618386e-02  -7.8837428e-03   4.8107427e-03   8.3463127e-03
  -2.4705666e-04   1.9821044e-01  -8.9156020e-03  -7.3671242e-03   5.2134850e-03   8.9639323e-03
   5.1122397e-03   1.3973507e-01   3.3061975e-02  -7.5210363e-03   5.0732974e-03   9.0425996e-03
   7.9415234e-03   2.0328678e-01  -1.0766212e-02  -8.5266720e-03   5.3890324e-03   8.4264945e-03
   1.2903311e-02   1.5314460e-01   2.4720611e-03  -7.6563858e-03   5.2884977e-03   8.8671363e-03
   2.0089049e-02   1.6686766e-01   2.9390509e-02  -7.8521587e-03   5.1226733e-03   8.8993851e-03
   2.1184706e-02   1.4946818e-01   5.9560827e-02  -7.7728715e-03   5.2575112e-03   9.4564382e-03
  -4.3640745e-03   1.4488479e-01   1.0429475e-01  -7.4698709e-03   5.6450060e-03   9.1746228e-03
   7.4496085e-03   1.5254327e-01   5.6814554e-02  -7.7532742e-03   5.8490752e-03   9.4887991e-03
  -2.3124865e-03   1.3901227e-01   9.3232458e-02  -6.9152620e-03   5.9395151e-03   9.8128208e-03
   1.0402568e-02   1.5118413e-01   7.5308259e-02  -7.4039620e-03   5.7346168e-03   9.7532773e-03
   1.6108244e-04   1.2842235e-01   1.6756069e-01  -7.0168575e-03   5.3221610e-03   9.7919827e-03
   1.8145622e-02   1.7276488e-01   1.0613753e-01  -7.5596957e-03   5.3855301e-03   1.0071910e-02
   2.5935174e-02   1.4768091e-01   7.8604186e-02  -7.1870947e-03   5.2911536e-03   1.0298080e-02
   2.1803779e-02   1.4132019e-01   4.5931293e-02  -7.2065218e-03   5.5730844e-03   1.0354909e-02
   3.1479136e-02   1.5603700e-01   4.8507930e-02  -6.9371493e-03   5.3318354e-03   1.0369521e-02
   3.2813282e-02   1.3564590e-01   6.5248279e-02  -6.6891676e-03   5.1795946e-03   1.0614097e-02
   3.9862429e-02   1.3755032e-01   5.4120378e-02  -6.5639135e-03   4.8156705e-03   1.0367975e-02
   4.2573265e-02   1.4261926e-01   3.4409200e-02  -6.5526721e-03   4.6854694e-03   1.0288784e-02
   4.0802551e-02   1.4131370e-01   3.7169480e-02  -6.4734521e-03   4.8463548e-03   1.0354907e-02
   4.9918784e-02   1.6893602e-01  -4.2115738e-03  -6.6396891e-03   4.9952497e-03   1.0356899e-02
   5.4040359e-02   1.5424894e-01   3.1962185e-03  -6.7127017e-03   4.6539381e-03   1.0375194e-02
   4.1261700e-02   2.0157777e-01  -6.7952731e-02  -6.8485854e-03   4.8234501e-03   1.0081727e-02
   3.8680322e-02   1.4908218e-01  -3.0789608e-02  -6.2199446e-03   4.3870997e-03   1.0180094e-02
   3.5750566e-02   1.9684604e-01  -1.0946823e-01  -6.2170407e-03   4.6047472e-03   1.0204652e-02
   3.6783537e-02   1.8995869e-01  -6.7322991e-02  -5.0752707e-03   4.3174770e-03   1.0608137e-02
   4.0809773e-02   1.8328720e-01  -4.6015572e-02  -4.5849188e-03   4.2073019e-03   1.0361662e-02
   4.1319178e-02   2.4018433e-01  -7.9923468e-02  -5.2431020e-03   3.9382185e-03   9.9167404e-03
   2.6459449e-02   1.6701590e-01  -2.2264364e-03  -4.3594128e-03   4.1436767e-03   1.0077459e-02
   2.7327040e-02   1.8660855e-01  -7.3014599e-02  -4.4480290e-03   4.3370429e-03   1.0193513e-02
   5.4201057e-02   1.5766983e-01  -5.9703712e-02  -4.5279265e-03   4.5441740e-03   1.0964471e-02
   5.6020285e-02   1.7713272e-01  -7.8676140e-02  -4.3168487e-03   4.6316570e-03   1.0862839e-02
   5.8219210e-02   1.4483202e-01  -9.5000958e-03  -4.7309952e-03   4.7647494e-03   1.0725160e-02
   5.5977219e-02   1.6734636e-01  -1.5120767e-03  -5.1285905e-03   5.1735357e-03   1.0728350e-02
   6.5404385e-02   2.0812359e-01   1.4702490e-02  -5.2019399e-03   4.7271243e-03   1.0775110e-02
   6.6047661e-02   1.4871470e-01   8.1538785e-02  -5.2294325e-03   4.5768064e-03   1.0976051e-02
   6.8116883e-02   1.9428545e-01   4.3708699e-02  -5.7465254e-03   4.4483365e-03   1.0813061e-02
   5.6644284e-02   1.4854318e-01   8.8649973e-02  -4.7071793e-03   4.9090739e-03   1.1009604e-02
   5.4958993e-02   1.9378715e-01   2.6921650e-02  -5.0556522e-03   5.0896594e-03   1.0741606e-02
   7.2053783e-02   2.0114605e-01  -1.4549092e-02  -4.6266380e-03   5.1287815e-03   1.1210258e-02
   6.8647010e-02   1.6266324e-01   6.9953352e-02  -4.4702859e-03   4.6297332e-03   1.1391206e-02
   6.8026020e-02   2.0935392e-01  -2.5512843e-02  -4.7746989e-03   5.0742063e-03   1.1099985e-02
   7.8179795e-02   1.4486638e-01   1.7266621e-02  -4.0117992e-03   5.0584312e-03   1.1814664e-02
   7.5088589e-02   1.8363708e-01  -6.4022421e-02  -4.5242525e-03   5.4544757e-03   1.1337796e-02
   8.1263276e-02   1.4927684e-01  -2.7029925e-02  -4.2354563e-03   5.8548691e-03   1.1881407e-02
   8.5424686e-02   1.8332891e-01  -8.6333105e-02  -5.3645131e-03   5.7656937e-03   1.1400916e-02
   9.3023928e-02   1.4075182e-01  -2.9033279e-02  -4.3824841e-03   5.9162964e-03   1.2179588e-02
