   0.0000000e+00   0.0000000e+00   7.1054274e-15  -6.9388939e-18   0.0000000e+00   0.0000000e+00
  -1.8141801e-03  -5.2770341e-03   6.7691580e-03  -4.4754767e-04   1.3653195e-04  -7.3741183e-05
  -2.2939808e-03   1.2802165e-01   3.5014804e-02  -2.1118508e-02   3.7917096e-03  -9.8005126e-04
   5.4774691e-02   2.6165493e-01  -9.6040023e-01  -2.7256860e-02   1.0429605e-02  -1.8345037e-03
   3.7870855e-02   3.7642331e-01  -6.8374061e-01  -2.8614303e-02   1.0174551e-02  -1.9755582e-03
   2.7887751e-02   3.8890260e-01  -6.6713138e-01  -2.8313822e-02   1.0287959e-02  -2.2276668e-03
   2.4898256e-02   3.6368294e-01  -6.4887962e-01  -2.7598228e-02   1.0333929e-02  -2.2548384e-03
   2.5053163e-02   3.5332259e-01  -6.1839938e-01  -2.7542908e-02   1.0376064e-02  -2.3255255e-03
   1.4524733e-02   3.4483521e-01  -5.9707027e-01  -2.7298987e-02   1.0631657e-02  -2.4067282e-03
   2.0721176e-02   3.4410985e-01  -6.1615407e-01  -2.7075392e-02   1.0376075e-02  -2.2109385e-03
   2.0644679e-03   3.5160142e-01  -5.8554881e-01  -2.7981702e-02   1.0400254e-02  -2.4799681e-03
   1.7533700e-02   3.5941571e-01  -5.6729559e-01  -2.8261468e-02   1.0529001e-02  -1.9931046e-03
   2.9420877e-02   3.6478805e-01  -6.1315874e-01  -2.8127645e-02   1.0334635e-02  -1.8958217e-03
   3.1386731e-02   3.6527785e-01  -6.0177459e-01  -2.8216288e-02   1.0412212e-02  -1.8603383e-03
   3.4501369e-02   3.7590561e-01  -5.9673004e-01  -2.8215334e-02   1.0350052e-02  -1.9618146e-03
   2.9630642e-02   3.6513678e-01  -6.0648302e-01  -2.8234071e-02   1.0477731e-02  -1.9044000e-03
   3.4676479e-02   3.8342461e-01  -5.9805476e-01  -2.8572514e-02   1.0273678e-02  -1.9287670e-03
   4.9796793e-02   3.2495962e-01  -5.2054312e-01  -2.8037957e-02   1.0123850e-02  -1.8817233e-03
   5.2652404e-02   3.3122289e-01  -5.3130543e-01  -2.8212270e-02   9.9848334e-03  -1.6968517e-03
   4.4706506e-02   3.5341730e-01  -5.5345786e-01  -2.9281288e-02   1.0143951e-02  -1.8346436e-03
   2.7007974e-02   3.3612846e-01  -6.3400432e-01  -2.7343780e-02   1.0330811e-02  -2.1572043e-03
   3.8633138e-02   3.6177938e-01  -5.4367769e-01  -2.8912437e-02   1.0745141e-02  -1.7622412e-03
  -1.1770037e-02   1.8386049e-01  -4.0339652e-01  -2.5787149e-02   1.2011832e-02  -2.9621191e-03
  -1.0414010e-02   1.2048598e-01  -6.9234873e-01  -2.5518136e-02   1.2317751e-02  -2.0657982e-03
   1.0591931e-02   3.0456853e-01  -6.4798780e-01  -2.6884457e-02   1.1568492e-02  -1.8731588e-03
   1.6618968e-02   3.2686082e-01  -5.5372299e-01  -2.6907992e-02   1.1261197e-02  -1.9065517e-03
   4.2690776e-02   3.5689771e-01  -5.3817382e-01  -2.6967455e-02   1.0378589e-02  -1.7286069e-03
   4.4608115e-02   3.4703951e-01  -4.8521193e-01  -2.7122587e-02   1.0050832e-02  -1.8566995e-03
   3.3798267e-02   3.1406736e-01  -4.6164066e-01  -2.7214142e-02   1.0471115e-02  -1.7374384e-03
   2.7091187e-02   3.0768455e-01  -5.0873428e-01  -2.6993148e-02   1.0645550e-02  -1.8458005e-03
   2.2549914e-02   3.4348454e-01  -5.4128751e-01  -2.7256668e-02   1.0790148e-02  -1.8626595e-03
   2.9396406e-02   3.2840727e-01  -5.3194366e-01  -2.7202848e-02   1.0723285e-02  -2.0231974e-03
   1.7806707e-02   3.1833019e-01  -5.2346310e-01  -2.6951477e-02   1.0852749e-02  -1.9643471e-03
   2.3860747e-03   3.1921354e-01  -5.4011654e-01  -2.6188832e-02   1.0627950e-02  -2.1864566e-03
  -1.3411624e-02   3.0182288e-01  -5.6367145e-01  -2.6084269e-02   1.0719913e-02  -2.3816284e-03
  -1.3951465e-02   3.2382377e-01  -5.5195848e-01  -2.7482683e-02   1.0848936e-02  -2.1764261e-03
  -3.0740547e-03   3.0436585e-01  -5.4130685e-01  -2.7383307e-02   1.1260573e-02  -2.0259839e-03
   1.1701537e-02   3.0788739e-01  -5.7951558e-01  -2.6318784e-02   1.1128383e-02  -1.6235126e-03
  -1.4570350e-02   2.6536107e-01  -6.3440366e-01  -2.5762002e-02   1.1575023e-02  -2.2570284e-03
   1.6209721e-02   3.0812820e-01  -4.7248874e-01  -2.6945598e-02   1.1451838e-02  -1.9549349e-03
   2.0074156e-02   2.8884645e-01  -4.8245879e-01  -2.7470886e-02   1.1193243e-02  -1.8455753e-03
   2.1485682e-02   2.7671937e-01  -4.7420887e-01  -2.7049254e-02   1.1134844e-02  -1.6937182e-03
   1.6226140e-02   2.9265343e-01  -4.5465229e-01  -2.6942699e-02   1.1216970e-02  -1.6125108e-03
   1.1208247e-02   3.0330442e-01  -4.6279265e-01  -2.6915315e-02   1.1092427e-02  -1.7261632e-03
   3.9763319e-04   2.7398189e-01  -4.6183071e-01  -2.6951722e-02   1.1308402e-02  -1.7813939e-03
  -4.2749944e-03   2.8186045e-01  -4.6771141e-01  -2.7198268e-02   1.1468434e-02  -1.7244269e-03
  -1.2488965e-03   2.8226649e-01  -4.7841485e-01  -2.6805175e-02   1.1331545e-02  -1.6541942e-03
  -3.0737352e-03   2.8017217e-01  -4.8672744e-01  -2.6603532e-02   1.1190337e-02  -1.6310330e-03
  -6.3320651e-03   2.7737837e-01  -4.9329651e-01  -2.6401397e-02   1.1186719e-02  -1.8054762e-03
  -1.8511814e-02   2.8275209e-01  -4.8097513e-01  -2.6881410e-02   1.1180234e-02  -1.8211241e-03
  -1.8270365e-02   2.7162743e-01  -4.8912256e-01  -2.6514765e-02   1.0802974e-02  -1.8935287e-03
  -1.3885000e-02   2.7585297e-01  -4.7151976e-01  -2.6598513e-02   1.0191604e-02  -1.9728185e-03
  -1.7312678e-02   2.6523978e-01  -4.8960282e-01  -2.6938873e-02   1.0306603e-02  -1.9876045e-03
  -1.2313959e-02   2.4331005e-01  -4.7646388e-01  -2.6795676e-02   1.0240280e-02  -1.9978566e-03
  -5.5864624e-03   2.5208934e-01  -4.8681016e-01  -2.6411502e-02   1.0001602e-02  -1.7282886e-03
  -1.0932798e-02   2.5615727e-01  -4.9362045e-01  -2.7001314e-02   1.0012444e-02  -1.8749977e-03
  -1.2158559e-02   2.4232766e-01  -4.8398718e-01  -2.6521647e-02   9.7043673e-03  -1.8836656e-03
  -1.7877098e-02   2.4586266e-01  -4.8313058e-01  -2.6598407e-02   9.8079318e-03  -1.7981709e-03
  -6.0299183e-03   2.7406054e-01  -4.9101255e-01  -2.7159794e-02   9.9195052e-03  -1.9482391e-03
   1.2993218e-02   2.5441628e-01  -4.8697645e-01  -2.7170788e-02   1.0266678e-02  -1.6242641e-03
   5.3964058e-03   2.5268168e-01  -4.9663575e-01  -2.6724757e-02   1.0438739e-02  -1.6111955e-03
  -7.0130622e-03   2.5144980e-01  -4.5247080e-01  -2.6982847e-02   1.0613130e-02  -1.7375515e-03
  -1.2622804e-02   2.5586367e-01  -4.2564034e-01  -2.7133695e-02   1.0336548e-02  -2.1176876e-03
  -1.0055338e-01  -6.6236070e-01   3.0758409e-01   9.4575748e-03   2.3424923e-03  -5.4758267e-03
  -5.0400972e-02  -1.6597328e-01  -5.7245103e-01  -1.3786368e-04   7.6236428e-03  -2.9206232e-03
  -3.3001450e-02   2.7213443e-03  -3.7433493e-01  -6.3782709e-03   7.4532782e-03  -3.0369714e-03
  -4.1706554e-02   9.4860074e-02  -2.7084928e-01  -7.7462394e-03   7.2883671e-03  -3.1355670e-03
  -2.8103474e-02   5.6627529e-02  -1.9539479e-01  -7.3702848e-03   6.5564355e-03  -3.1927056e-03
  -9.3011646e-03   6.4896313e-02  -1.3989284e-01  -8.3977394e-03   6.1652655e-03  -3.0202395e-03
  -2.8271680e-02   2.7542649e-02  -6.9417265e-02  -9.2075495e-03   6.4350575e-03  -2.9379872e-03
  -1.5686153e-02   6.8572232e-02  -1.2688051e-01  -9.2923440e-03   6.2012497e-03  -2.7938439e-03
  -1.9890868e-02   5.1375553e-02  -1.8105073e-01  -8.2973963e-03   6.3317617e-03  -2.8702933e-03
  -1.4804316e-02   7.7225269e-02  -1.9061184e-01  -8.5959684e-03   6.2777757e-03  -2.8715149e-03
  -2.9864945e-02   4.8639887e-02  -1.5640942e-01  -8.4173583e-03   6.6972048e-03  -2.8570943e-03
  -3.9953765e-02   5.4702990e-02  -1.8816217e-01  -8.3291867e-03   6.6506675e-03  -2.8646394e-03
  -3.7187920e-02   8.4139055e-02  -1.9510122e-01  -9.1460610e-03   6.8543576e-03  -2.8145672e-03
  -2.9281564e-02   8.1708507e-02  -2.1062111e-01  -8.1290012e-03   6.5563737e-03  -2.8910639e-03
  -6.9098274e-02  -3.5676744e-02  -7.8233689e-02  -6.2824583e-03   6.9396166e-03  -2.9357998e-03
  -4.7285028e-02   4.8338341e-02  -1.7446196e-01  -7.3568321e-03   5.9939483e-03  -2.7771923e-03
  -5.2362514e-02   5.1052411e-02  -1.6362490e-01  -8.0387651e-03   5.9820751e-03  -2.8890981e-03
  -4.3056409e-02   4.5782934e-02  -1.7443787e-01  -7.5221270e-03   5.7587603e-03  -2.8137978e-03
  -4.4879543e-02   5.5574038e-02  -1.5127907e-01  -8.1838818e-03   6.0539583e-03  -2.8795447e-03
  -3.5385136e-02   6.1214241e-02  -1.3234972e-01  -8.5372975e-03   5.9589835e-03  -2.7942077e-03
  -2.0887665e-01   3.5969712e-01  -3.1142631e-01  -4.0373288e-02   7.2720272e-03  -8.1373562e-03
  -8.5762569e-02   3.4508396e-01  -5.4218359e-01  -4.3030934e-02   9.0835501e-03  -6.7881132e-03
  -7.2542033e-02   3.6192218e-01  -5.8527754e-01  -3.8322305e-02   8.3066282e-03  -6.2585762e-03
  -1.0771572e-01   2.1513776e-01  -3.3510242e-01  -3.4209519e-02   8.7000801e-03  -6.8200168e-03
  -1.1822809e-01   2.7338726e-02  -4.0707304e-01  -3.0343841e-02   8.5608217e-03  -6.3775177e-03
  -1.7838073e-01   2.1323027e-01  -5.8579909e-01  -3.1142321e-02   7.8509203e-03  -6.9678881e-03
  -1.6105747e-01   2.8864902e-01  -5.2864434e-01  -3.2504307e-02   8.2635704e-03  -6.3761393e-03
  -1.3214359e-01   3.0727006e-01  -5.0410041e-01  -3.2591793e-02   7.7936053e-03  -6.2632227e-03
  -1.1188744e-01   2.8934710e-01  -4.2199212e-01  -3.2960734e-02   7.4887236e-03  -6.1512270e-03
  -1.2700369e-01   2.7271018e-01  -3.8586601e-01  -3.3198800e-02   7.8963747e-03  -6.3397717e-03
  -1.2718845e-01   2.6968666e-01  -4.0695922e-01  -3.3187958e-02   8.0795249e-03  -6.1669442e-03
  -1.2008641e-01   2.9318060e-01  -4.1386212e-01  -3.3618235e-02   8.0859587e-03  -6.1044847e-03
  -1.1687106e-01   2.9228310e-01  -4.5923215e-01  -3.3306007e-02   8.0905010e-03  -6.0276330e-03
  -1.1306522e-01   2.8541288e-01  -4.5003893e-01  -3.3367603e-02   8.2615387e-03  -5.9800643e-03
  -1.1783555e-01   2.7185465e-01  -4.6679904e-01  -3.3261809e-02   8.4292047e-03  -6.0365714e-03
  -1.2410772e-01   2.8232261e-01  -4.9152932e-01  -3.2812691e-02   8.4301604e-03  -5.8386788e-03
  -1.2925450e-01   3.0481644e-01  -4.8858432e-01  -3.2994227e-02   8.4906569e-03  -5.8668662e-03
  -1.2792552e-01   3.0725493e-01  -5.0092546e-01  -3.3093625e-02   8.6014432e-03  -5.9265196e-03
  -1.3037874e-01   3.0235826e-01  -5.0615521e-01  -3.3043654e-02   8.6019515e-03  -6.0992653e-03
  -1.3640084e-01   2.7579275e-01  -4.9446941e-01  -3.2457820e-02   8.9866619e-03  -5.8504326e-03
  -1.2442635e-01   2.6905368e-01  -5.1634499e-01  -3.2530607e-02   8.7430251e-03  -5.8071233e-03
  -1.2273974e-01   2.9096505e-01  -4.9270498e-01  -3.3071747e-02   8.6365411e-03  -5.7512220e-03
  -1.2162767e-01   2.9553119e-01  -4.8610324e-01  -3.3219807e-02   8.7644681e-03  -5.6910314e-03
  -1.2303384e-01   2.7242759e-01  -4.9427622e-01  -3.3085586e-02   8.7735513e-03  -5.7188793e-03
  -1.3408820e-01   2.6503586e-01  -5.1318296e-01  -3.2410807e-02   8.9361465e-03  -5.8136431e-03
  -1.3119400e-01   2.8318387e-01  -5.2056551e-01  -3.2518814e-02   8.7664635e-03  -5.8665070e-03
  -1.3081484e-01   2.9171289e-01  -4.9423430e-01  -3.2858434e-02   8.6150665e-03  -5.8191065e-03
  -1.3163691e-01   2.8087864e-01  -4.7292846e-01  -3.2674323e-02   8.5724890e-03  -5.7793593e-03
  -1.3535040e-01   2.6348877e-01  -4.8324668e-01  -3.2700046e-02   8.6955430e-03  -5.7332142e-03
  -1.3801510e-01   2.7999110e-01  -5.0591084e-01  -3.2635418e-02   8.5334742e-03  -5.7865858e-03
  -1.2477382e-01   2.6114568e-01  -4.8080836e-01  -3.3262804e-02   8.4710676e-03  -5.7795936e-03
  -1.3821337e-01   2.4280787e-01  -4.5715298e-01  -3.2719390e-02   8.7143940e-03  -5.9571228e-03
  -1.3769400e-01   2.5706987e-01  -4.9383613e-01  -3.2630662e-02   8.6333831e-03  -5.8388133e-03
  -1.2512077e-01   2.5682157e-01  -4.8599372e-01  -3.2857400e-02   8.5266202e-03  -5.8096494e-03
  -1.2432780e-01   2.5246627e-01  -4.6251168e-01  -3.3250970e-02   8.5236873e-03  -5.7878648e-03
  -1.1970083e-01   2.4476564e-01  -4.6688449e-01  -3.2870168e-02   8.4214210e-03  -5.7177914e-03
  -1.1993613e-01   2.4059655e-01  -4.5955388e-01  -3.2769486e-02   8.5420250e-03  -5.7031601e-03
