   0.0000000e+00   0.0000000e+00   0.0000000e+00   0.0000000e+00   0.0000000e+00   0.0000000e+00
  -5.3955670e-03   1.0780797e-01   4.6862670e-02  -1.5383338e-03   3.2177793e-04  -2.4559125e-04
   5.3872036e-04   1.0779697e-01   1.1816692e-01  -3.6373712e-03   3.0431910e-04  -4.2321830e-04
  -1.4410984e-02   1.3961963e-01   7.6106735e-02  -4.7643145e-03   6.4350266e-04  -7.2983171e-04
  -2.2507755e-02   1.1464772e-01  -1.3533142e-02  -3.2932327e-03   3.1767089e-04  -9.3928173e-04
  -1.9825265e-02   1.3031937e-01  -5.4237020e-02  -2.5889175e-03   3.2775458e-04  -9.0001513e-04
  -1.0008420e-02   1.7356185e-01  -7.0672717e-02  -2.6133662e-03   2.6606761e-04  -8.4952505e-04
  -9.7674253e-03   1.6249671e-01  -6.7041428e-02  -3.2082675e-03   2.2877215e-04  -7.4438702e-04
  -3.6104840e-03   1.8828257e-01  -7.7494638e-02  -3.4510806e-03   1.5306272e-04  -6.9927268e-04
  -5.9743386e-03   1.6747220e-01  -7.1400607e-02  -3.8326180e-03   1.0648409e-04  -5.3453845e-04
  -1.4678005e-02   1.7004233e-01  -6.5298802e-02  -3.5881168e-03   2.0912735e-04  -5.0972897e-04
  -2.4949088e-04   1.9131234e-01   5.2220928e-02  -4.7531297e-03   3.1444608e-04  -5.5614571e-04
  -6.4043533e-03   1.5243833e-01   3.8334618e-02  -4.3648738e-03   6.0805556e-04  -3.8118027e-04
  -1.9477780e-02   1.8445887e-01  -4.9105006e-03  -3.2941877e-03   6.6881175e-04  -2.3220274e-04
  -1.1238861e-02   1.0279190e-01  -1.7895247e-02  -1.9786663e-03   3.5988904e-04  -2.0788204e-04
  -2.9296496e-02   1.4871902e-01   1.9230211e-02  -3.5481299e-03   6.7334101e-04  -3.0883825e-04
  -1.8813443e-02   1.5762301e-01  -2.0403751e-02  -2.3732765e-03   4.1731543e-04  -2.4127168e-04
  -3.9512864e-02   1.6326992e-01   5.9301394e-02  -3.8809457e-03   4.7203488e-04  -5.1215575e-04
  -3.9647427e-02   1.8505894e-01   7.9030405e-02  -4.4273698e-03   3.4529852e-04  -5.3279422e-04
  -4.1429542e-02   1.8016992e-01   5.9807618e-02  -4.1310631e-03   2.0143435e-04  -6.4109021e-04
  -3.8257006e-02   1.7058335e-01   6.0028475e-02  -4.1168284e-03   1.7484918e-04  -9.3666120e-04
  -3.8202425e-02   1.3020344e-01   1.1543634e-01  -3.5619325e-03  -1.4670937e-04  -7.6535355e-04
  -2.6129105e-02   6.0008970e-02   4.9100562e-02  -1.9321394e-03  -5.6233828e-04  -5.8689130e-04
  -2.1113974e-02   1.7354676e-01   9.5921649e-02  -3.3380986e-03  -5.2768753e-04  -6.8363317e-04
  -1.9966032e-02   1.4804194e-01   1.0248009e-01  -3.0413475e-03  -6.6483810e-04  -6.4949612e-04
  -3.1506039e-02   1.7125519e-01   1.1035148e-01  -3.7803495e-03  -5.0615925e-04  -8.6497169e-04
  -3.7138352e-02   1.5533553e-01   1.2591374e-01  -3.6690982e-03  -4.1185073e-04  -7.2334138e-04
  -2.2963608e-02   1.6362033e-01   8.5460757e-02  -3.0934910e-03  -7.1325104e-04  -7.6319030e-04
  -3.3317138e-02   2.0797376e-01   8.1333951e-02  -4.0815997e-03  -7.1113733e-04  -8.8102981e-04
  -1.7583912e-02   2.3053726e-01   4.3546475e-02  -3.8425093e-03  -1.0368786e-03  -7.6674063e-04
  -2.3094576e-02   2.2997610e-01   3.1238995e-02  -4.6999817e-03  -8.8844112e-04  -5.1489906e-04
  -2.5241010e-02   2.3183687e-01   3.7912574e-02  -4.9971347e-03  -9.3375038e-04  -1.8048125e-04
  -1.4956184e-02   2.4756451e-01   5.0328990e-02  -4.8191452e-03  -1.1731368e-03   4.7344095e-04
  -1.0153108e-02   2.2473385e-01   2.6523119e-02  -4.4372586e-03  -1.3509045e-03   6.8891756e-04
  -1.6258629e-02   1.9139212e-01   3.0882585e-02  -3.8827913e-03  -1.4224570e-03   7.6366978e-04
  -2.9406886e-03   2.1552000e-01   1.4202985e-01  -5.8252228e-03  -1.1063153e-03   2.6326536e-04
  -8.8284649e-03   1.6932381e-01   8.1402220e-02  -3.8865402e-03  -9.6165666e-04   3.8692908e-04
  -3.6998076e-02   2.0683828e-01   1.2138141e-01  -5.2979142e-03  -8.9598152e-04   3.8701976e-05
  -2.4200111e-02   2.1975524e-01   1.1045072e-01  -4.6892847e-03  -1.4890741e-03  -4.2576683e-05
  -3.9270115e-02   2.1104165e-01   1.3135703e-01  -5.4016222e-03  -1.2686998e-03  -7.0976182e-05
  -4.1489178e-02   2.2305902e-01   1.3808726e-01  -5.5385408e-03  -1.6017313e-03   3.8358378e-05
  -3.6377069e-02   2.4478190e-01   1.0061113e-01  -5.9828377e-03  -1.8118905e-03  -1.6781966e-06
  -2.9893441e-02   2.4252494e-01   1.0215563e-01  -5.8757524e-03  -2.0801961e-03   2.7752345e-04
  -2.6742420e-02   2.4921940e-01   1.1121015e-01  -6.4119980e-03  -2.9322448e-03   6.0662042e-04
  -1.9571483e-02   2.5423055e-01   1.3115976e-01  -7.1897638e-03  -3.4108644e-03   8.4776530e-04
  -1.2570568e-02   2.6132775e-01   1.4397927e-01  -6.8711577e-03  -3.4175009e-03   8.6539625e-04
  -8.0341926e-03   2.5502000e-01   1.3958247e-01  -6.2399777e-03  -3.2605847e-03   6.9947855e-04
  -4.6211384e-03   2.5795388e-01   1.0761375e-01  -5.9573927e-03  -3.1842017e-03   5.6579541e-04
  -1.0116120e-04   2.6266279e-01   1.2681507e-01  -6.6119346e-03  -3.4504421e-03   4.5631638e-04
   7.2551081e-03   2.5156339e-01   1.3975819e-01  -6.5358644e-03  -3.7384884e-03   5.2532083e-04
   1.5479248e-02   2.6441983e-01   1.6406163e-01  -6.8687649e-03  -4.2519771e-03   7.6144037e-04
   1.7895552e-02   2.6764053e-01   1.4582603e-01  -6.2830028e-03  -4.3827918e-03   8.0810130e-04
   2.2737319e-02   2.6811771e-01   1.2366133e-01  -6.5495976e-03  -4.5769974e-03   8.4878919e-04
   2.1986928e-02   2.6981499e-01   1.1358553e-01  -6.5277501e-03  -4.7795644e-03   8.3726375e-04
   1.8100283e-02   2.8867549e-01   1.3162254e-01  -6.5188831e-03  -4.9939773e-03   7.8133929e-04
   1.6864364e-02   2.8756390e-01   1.3443613e-01  -6.0553274e-03  -5.2641987e-03   8.2853302e-04
   2.5885639e-02   2.9956449e-01   1.4897708e-01  -6.0489835e-03  -5.4406501e-03   8.1109024e-04
   3.5918880e-02   3.0832270e-01   1.7638840e-01  -6.6525837e-03  -5.6924783e-03   7.3372934e-04
   2.8145089e-02   2.6903916e-01   2.1881718e-01  -6.7727128e-03  -5.0381542e-03   4.0775876e-04
  -2.1017817e-02   2.3981672e-02   1.1955972e-01  -3.7943027e-03  -4.1799573e-03  -2.7009100e-04
  -1.9992751e-02   1.6202032e-01   1.0168432e-01  -5.2464498e-03  -3.2755763e-03  -7.7961357e-04
  -9.7891069e-03   2.4695232e-01   1.3625233e-01  -5.7748113e-03  -3.7776506e-03  -9.7187017e-04
  -3.1837986e-02   1.0150461e-01   1.7443928e-01  -5.1999252e-03  -4.1853698e-03  -1.0275176e-03
  -3.1362320e-03   1.9229874e-01   1.6673420e-01  -6.2992141e-03  -5.1140016e-03  -1.1186777e-03
  -3.8100936e-02   1.7129331e-01   1.7385206e-01  -5.0197981e-03  -4.5816082e-03  -1.0615687e-03
  -2.5856974e-02   1.2645244e-01   1.3000088e-01  -3.8165653e-03  -4.9984038e-03  -1.1643022e-03
  -2.5835751e-02   1.8268851e-01   1.4213892e-01  -3.4855376e-03  -4.9240529e-03  -1.0248073e-03
  -5.8112932e-02   1.0355024e-01   1.6376516e-01  -3.1515707e-03  -5.1639700e-03  -1.4971505e-03
  -2.9362592e-02   1.2377187e-01   1.6003585e-01  -1.9320076e-03  -5.6496854e-03  -1.7499360e-03
  -2.7892824e-02   1.3485609e-01   2.0933675e-01  -2.1206446e-03  -5.4303269e-03  -1.7655595e-03
  -1.1524357e-02   8.2223240e-02   1.7901222e-01  -1.0597008e-03  -5.6204064e-03  -1.6375186e-03
   1.0452777e-02   1.9194694e-01   2.2848200e-01  -2.4873207e-03  -5.9176178e-03  -1.7761248e-03
   1.1816341e-02   2.2677332e-01   2.5068056e-01  -3.2281660e-03  -6.0729862e-03  -1.6813308e-03
   1.9601902e-02   2.2460212e-01   2.7934394e-01  -4.0252806e-03  -5.2306493e-03  -1.2299955e-03
   1.3978809e-02   2.1339681e-01   2.5465592e-01  -2.5084430e-03  -5.0820493e-03  -1.0241171e-03
   1.1633129e-02   2.1601940e-01   2.6210564e-01  -2.7984629e-03  -5.2704938e-03  -9.9946100e-04
   1.1323807e-02   1.9383725e-01   2.4145254e-01  -1.7106242e-03  -5.0328738e-03  -8.1382250e-04
   8.5328288e-03   1.6978312e-01   2.6355976e-01  -1.5889752e-03  -4.9259125e-03  -7.1265994e-04
   6.0143887e-03   2.6221666e-01   2.7177556e-01  -3.0483076e-03  -4.9259541e-03  -8.1564696e-04
   2.0552545e-02   2.2866330e-01   2.6451722e-01  -2.5518808e-03  -5.0032059e-03  -4.1106225e-04
   6.0702126e-03   2.4994198e-01   2.6868993e-01  -2.9144360e-03  -4.9229782e-03  -6.1484762e-04
  -5.1093062e-03   2.1532653e-01   2.9613935e-01  -2.8531792e-03  -4.5112049e-03  -6.8601901e-04
  -8.4735864e-03   1.9745022e-01   2.5078198e-01  -9.3697731e-04  -4.2381292e-03  -9.2490502e-04
  -7.1900689e-03   1.8002572e-01   2.5350351e-01  -7.4472848e-04  -4.3281865e-03  -5.3498646e-04
  -1.6656937e-02   2.1306466e-01   2.5885770e-01  -1.1160879e-03  -4.3859921e-03  -5.9556922e-04
  -1.4914262e-02   2.0196649e-01   2.5998256e-01  -6.2784581e-04  -4.5370811e-03  -8.6026870e-04
  -3.3929888e-02   1.0375718e-01   2.9602718e-01  -1.3409436e-04  -4.6894066e-03  -1.1054298e-03
  -1.8320277e-02   2.1626055e-01   2.5407899e-01  -5.3937830e-04  -5.0437226e-03  -1.0129907e-03
  -2.5064175e-02   1.9476816e-01   3.0810821e-01  -7.8496401e-04  -5.0917204e-03  -1.2451055e-03
  -2.4618469e-02   2.1130301e-01   3.0747654e-01  -9.4609220e-04  -5.1282480e-03  -1.2390973e-03
  -7.6247334e-03   2.0025807e-01   2.8788067e-01  -3.5624856e-04  -5.4646231e-03  -1.1758290e-03
  -7.4035202e-05   2.1148404e-01   3.2205132e-01  -8.9366978e-04  -5.8978407e-03  -1.1179440e-03
  -2.4739997e-02   2.0567227e-01   3.1611433e-01  -1.3067822e-03  -5.8758829e-03  -1.7648929e-03
  -2.0567782e-02   2.1190118e-01   3.0441299e-01  -7.5147309e-04  -5.9862087e-03  -1.9677164e-03
  -2.6321192e-03   2.2725027e-01   2.8376984e-01  -8.1533934e-04  -6.4271541e-03  -1.8631565e-03
  -2.7184551e-03   2.3639469e-01   2.8566555e-01  -4.3517953e-04  -6.3870231e-03  -1.9697103e-03
  -1.6113884e-02   2.1915853e-01   2.9214108e-01   1.4475109e-04  -6.1339238e-03  -2.0707267e-03
  -5.3901087e-03   2.3634399e-01   2.9225357e-01   2.8313068e-04  -6.3118432e-03  -2.0563223e-03
   1.4992839e-02   2.4811790e-01   2.6448238e-01   3.6138409e-04  -6.6003930e-03  -1.9681246e-03
   1.4980119e-02   2.4997125e-01   2.5993374e-01  -3.1774771e-06  -6.6483614e-03  -2.0026782e-03
   2.1921394e-02   2.5231920e-01   2.6159321e-01  -1.3998114e-04  -7.0557514e-03  -2.1153281e-03
   1.9207318e-02   2.5482029e-01   2.8441426e-01   1.2607057e-04  -6.6605620e-03  -2.0156711e-03
   3.3305917e-02   2.6675682e-01   2.6777666e-01   4.0355103e-04  -7.2421613e-03  -2.0384660e-03
   4.0849545e-02   2.6849929e-01   2.8510780e-01   2.5195798e-05  -7.3362672e-03  -1.9680805e-03
   3.6578850e-02   2.4103740e-01   3.3552750e-01  -2.0427396e-04  -7.3464510e-03  -1.8947609e-03
   3.9703067e-02   2.7860341e-01   3.6921181e-01  -1.0669517e-03  -8.0255625e-03  -2.1894698e-03
   4.5461048e-02   2.8991452e-01   3.9183244e-01  -1.6317833e-03  -8.4409488e-03  -2.2482703e-03
   4.9188309e-02   2.8927339e-01   4.1316635e-01  -1.5141857e-03  -8.5717479e-03  -2.3089124e-03
   5.1274429e-02   2.8586390e-01   4.6801658e-01  -1.8407949e-03  -8.8766227e-03  -2.5092953e-03
   4.3048366e-02   3.1195276e-01   5.0231386e-01  -2.0633907e-03  -8.8258034e-03  -2.8735991e-03
   4.5809145e-02   3.2470649e-01   5.2452556e-01  -2.7438920e-03  -9.1171572e-03  -3.0220427e-03
   2.9801983e-02   3.3780175e-01   5.3477131e-01  -3.2770541e-03  -8.6482721e-03  -3.0272062e-03
   4.3428284e-02   3.1769297e-01   5.5138982e-01  -2.6826134e-03  -8.7507130e-03  -3.0595838e-03
  -1.2590715e-02   2.8282547e-01   5.6006606e-01  -4.2100375e-03  -6.4612250e-03  -3.4687645e-03
  -3.3649938e-02   2.0354150e-01   4.8841101e-01  -3.4450499e-03  -6.1331143e-03  -3.9484072e-03
  -4.1957996e-02   2.6904941e-01   4.9174022e-01  -3.1886783e-03  -6.1942643e-03  -4.0945254e-03
  -3.1636494e-02   2.5410631e-01   5.0886503e-01  -1.9544160e-03  -6.1159745e-03  -4.0900007e-03
  -2.8108512e-02   2.6610274e-01   4.9233857e-01  -1.4845247e-03  -5.9435593e-03  -4.2332485e-03
  -2.5630782e-02   2.8656857e-01   5.1265643e-01  -2.2957625e-03  -6.4787732e-03  -4.2483096e-03
  -3.2314875e-02   2.9673452e-01   5.3309988e-01  -2.9130140e-03  -6.3400491e-03  -4.6318011e-03
