   0.0000000e+00   0.0000000e+00   0.0000000e+00   0.0000000e+00   0.0000000e+00   0.0000000e+00
  -5.3567676e-03   4.1305291e-02   5.6168951e-02  -1.6228572e-04  -1.4506121e-04   1.0254439e-04
   1.3302519e-03  -1.0812219e-01   7.5618737e-02   1.1879657e-03  -1.1759770e-04  -5.5242335e-05
   3.1177705e-02   2.5435202e-02   2.4876126e-02  -1.2887893e-04  -6.1308814e-04   2.9597528e-04
   2.6177134e-02   4.1726265e-02   8.2589274e-02  -6.6756340e-04  -6.0767706e-04   4.3674409e-04
   2.4227768e-02  -1.2703351e-01   1.8074256e-01   6.8778047e-04  -4.4444683e-04   3.9708451e-04
   4.3345214e-02   7.1125887e-03   1.5638215e-01   3.0708561e-05  -9.0776807e-04   6.1915960e-04
   6.0328573e-02   6.7183215e-02   1.4235161e-01  -8.9847480e-04  -7.0986134e-04   9.2935833e-04
   4.0957616e-02  -9.7685289e-02   2.1162753e-01  -9.0852489e-04  -4.7486910e-04   7.5519231e-04
   5.4000326e-02  -3.4451482e-02   1.6374232e-01  -1.2111088e-03  -1.1761880e-03   8.0428592e-04
   5.0422954e-02   5.4158725e-02   1.7871019e-01  -2.1563186e-03  -1.2680692e-03   8.8241567e-04
   4.3110310e-02  -1.5841419e-01   2.0904118e-01  -1.4496597e-03  -1.1926766e-03   7.2884542e-04
   5.7884521e-02  -2.9903510e-03   1.5200304e-01  -2.3869450e-03  -1.7371208e-03   9.3860155e-04
   4.3976519e-02   6.3340269e-04   2.3051245e-01  -2.6690548e-03  -1.1961568e-03   1.0377945e-03
   5.6204052e-02  -8.9007081e-02   2.0498108e-01  -1.6372614e-03  -1.3884877e-03   1.1589724e-03
   4.8822169e-02   6.1827636e-02   1.8572051e-01  -2.5153237e-03  -1.0325998e-03   1.3531975e-03
   4.1456650e-02  -2.4485548e-02   2.5830671e-01  -3.1232266e-03  -8.5244961e-04   1.3859610e-03
   4.8129113e-02  -4.9581901e-02   2.2993949e-01  -2.8475066e-03  -1.2213361e-03   1.2729803e-03
   5.5253204e-02   7.0239642e-02   2.2844990e-01  -3.6178065e-03  -1.1401636e-03   1.5018034e-03
   4.2186752e-02  -6.8796598e-02   2.9733420e-01  -3.0092808e-03  -9.9920454e-04   1.1012043e-03
   5.6168738e-02  -1.2225141e-02   2.4164894e-01  -3.1214170e-03  -1.3642371e-03   9.6797679e-04
   5.3267949e-02   3.7768605e-02   2.6477497e-01  -3.5075964e-03  -9.2443404e-04   1.2882284e-03
   2.7811284e-02  -1.1947745e-01   3.1659839e-01  -2.9508590e-03  -6.0602648e-04   1.4395706e-03
   3.7493217e-02  -3.5578849e-03   2.5582926e-01  -3.3526515e-03  -9.0450786e-04   1.4274471e-03
   2.2985773e-02   3.0767184e-02   2.9386930e-01  -4.0698708e-03  -8.0947244e-04   1.3852999e-03
   7.0179475e-03  -1.3990035e-01   3.1793497e-01  -3.3395470e-03  -7.2982685e-04   1.2695341e-03
   9.9286650e-03  -9.1965154e-03   2.7876633e-01  -3.2500072e-03  -6.9921169e-04   1.5453133e-03
  -8.0648895e-03   1.3127310e-02   3.3401488e-01  -4.0944846e-03  -4.1100928e-04   1.5637360e-03
  -2.2948016e-02  -1.8887210e-01   4.2882492e-01  -2.5311644e-03  -4.6622113e-04   1.3535930e-03
  -3.9722681e-03  -6.8742977e-02   3.5796954e-01  -3.0957920e-03  -8.9694281e-04   1.5289400e-03
  -1.5826634e-02  -3.4282556e-02   4.1784349e-01  -3.4619194e-03  -5.2052831e-04   1.8979461e-03
  -2.1459576e-02  -1.8900219e-01   4.1597536e-01  -2.7339272e-03  -3.2876480e-04   1.9903649e-03
  -5.8983952e-03  -1.3853169e-01   3.5207443e-01  -2.9114580e-03  -4.2694559e-04   1.9738389e-03
  -8.2306142e-03  -2.0145181e-02   3.7874429e-01  -3.2154266e-03  -2.0507934e-04   2.1323877e-03
  -1.4003123e-02  -1.1968129e-01   4.2427951e-01  -3.2258181e-03  -8.6153202e-05   1.9453369e-03
  -5.8534235e-03  -1.8401151e-01   3.4494911e-01  -2.6679273e-03  -3.5246326e-04   1.6260674e-03
   6.2804468e-03  -1.5785979e-02   3.5972307e-01  -3.6269496e-03  -3.2606021e-04   1.9253187e-03
  -3.8625967e-03  -1.2936017e-01   4.2436487e-01  -3.6076933e-03   1.6921474e-06   1.7775083e-03
   1.4121535e-02  -4.0820740e-02   3.8850003e-01  -3.7958582e-03  -3.4048897e-04   1.6515514e-03
   1.3446921e-02  -1.3089204e-01   4.1570655e-01  -3.5172876e-03  -5.7286722e-05   1.9133361e-03
   1.8426085e-02  -9.4978784e-03   3.2857448e-01  -4.0944713e-03  -4.0287201e-04   1.8314906e-03
  -2.4918259e-03  -1.0294511e-01   4.1506573e-01  -4.1350378e-03   1.2666130e-04   1.9326070e-03
   4.5733872e-03  -5.4106906e-02   3.2262522e-01  -3.7968620e-03  -1.4609955e-04   1.9548521e-03
  -1.6016005e-03   5.4476525e-02   2.8987182e-01  -4.5622475e-03   4.8977601e-04   1.9618747e-03
   6.1051373e-03  -9.8032058e-03   3.5109666e-01  -4.3485326e-03   8.9046915e-04   1.7347877e-03
  -6.3997451e-03  -7.9440451e-02   3.6124307e-01  -3.7670078e-03   1.1097781e-03   1.6248179e-03
   1.2543711e-02   2.0716555e-02   3.2450054e-01  -4.2920909e-03   1.1021863e-03   1.9051512e-03
  -1.2771336e-02  -1.5414687e-01   4.2542536e-01  -4.0545509e-03   1.1327190e-03   1.6973415e-03
   5.5054571e-03  -3.2526509e-02   3.1738526e-01  -4.4436489e-03   8.1923462e-04   2.0548047e-03
  -1.2143784e-03  -1.5817212e-02   3.3685822e-01  -4.9834269e-03   1.0044659e-03   2.2105720e-03
  -6.0684807e-03  -2.5730116e-02   3.1600080e-01  -4.6911732e-03   6.9696588e-04   2.0090522e-03
  -1.9035064e-02  -7.3408325e-02   3.9835355e-01  -5.0883280e-03   1.0484820e-03   1.9549680e-03
  -1.7852126e-02  -9.5671052e-02   3.4347582e-01  -4.5088494e-03   8.0438259e-04   1.9031836e-03
  -5.2316930e-02  -7.3697607e-02   2.5786890e-01  -3.0494631e-03   1.0121076e-03   1.5160320e-03
  -6.2451761e-02  -2.5713762e-01   4.2626378e-01  -4.1210680e-03   1.0119778e-03   1.2774668e-03
  -4.6635424e-02  -1.6451996e-01   3.5561390e-01  -4.4173158e-03   6.6198038e-04   1.3155020e-03
  -5.3270164e-02  -5.2441806e-02   3.6078760e-01  -4.9251618e-03   1.0283669e-03   1.3292604e-03
  -6.4138363e-02  -1.3026400e-01   4.2690044e-01  -5.4669453e-03   1.1207845e-03   1.1404649e-03
  -5.5459071e-02  -2.2529874e-01   3.6809974e-01  -5.1009470e-03   7.8962414e-04   9.9562465e-04
  -4.8984250e-02  -1.2652528e-01   3.5555008e-01  -5.4092139e-03   5.1997655e-04   8.7909236e-04
  -5.8118612e-02  -6.1772014e-02   3.9036582e-01  -5.9427981e-03   6.4207597e-04   6.0467747e-04
  -7.1226566e-02  -2.7809802e-01   3.9852126e-01  -4.7646788e-03   6.3121552e-04   4.1340934e-04
  -4.4318273e-02  -1.6846510e-01   3.7169987e-01  -4.5238212e-03   2.5918192e-04   4.6113018e-04
  -4.6856430e-02  -9.3504255e-02   4.2667057e-01  -5.1426667e-03   2.5206641e-04   5.5379989e-04
  -4.8418517e-02  -2.2987548e-01   4.1766542e-01  -4.1848017e-03   3.1797174e-04   5.9016759e-04
  -3.8214844e-02  -9.0004314e-02   3.6853699e-01  -4.9345501e-03  -1.4500296e-05   5.7350660e-04
  -4.2256962e-02  -8.0001358e-02   3.9106509e-01  -4.8845711e-03   2.3892207e-04   7.8783061e-04
  -3.7469860e-02  -9.7377337e-02   4.0394767e-01  -4.7476437e-03   3.8730849e-04   9.6988012e-04
  -3.5838062e-02  -3.1078497e-02   4.1043267e-01  -5.1761737e-03   4.1922265e-04   8.5923698e-04
  -6.9346863e-02  -1.8928916e-01   4.8774986e-01  -4.7078522e-03   7.1911425e-04   7.1171790e-04
  -5.8270575e-02  -1.1968395e-01   3.8851073e-01  -4.7355995e-03   3.9302455e-04   1.0233939e-03
  -5.3161639e-02  -1.0224401e-01   4.0534939e-01  -4.9121022e-03   8.7064340e-04   1.4059190e-03
  -3.9548422e-02  -9.1234842e-02   3.0574103e-01  -3.2589202e-03   1.5178527e-03   1.6476383e-03
  -1.3723906e-02  -3.1010297e-02   2.8442158e-01  -2.8684924e-03   1.8208391e-03   1.4954170e-03
   8.2835442e-03  -1.0686029e-01   3.7077813e-01  -1.2965021e-03   1.5584703e-03   1.2598284e-03
   2.1994890e-02  -2.0278890e-01   4.5315351e-01   4.5239978e-04   1.1937619e-03   1.5453297e-03
   1.4322445e-02  -1.1057969e-01   4.3672513e-01  -1.0623408e-03   1.2813830e-03   1.2015349e-03
  -1.7322142e-02  -2.7023718e-01   5.0389038e-01  -1.6492167e-03   1.0413359e-03   8.2454357e-04
  -4.8645775e-03  -1.1708046e-01   4.0686027e-01  -3.2783703e-03   3.1053732e-04   7.4729267e-04
  -3.3403840e-02  -2.1876637e-01   4.9596746e-01  -3.0305931e-03   8.7364977e-04   6.4723188e-04
  -3.0892889e-02  -1.7391595e-01   4.3501378e-01  -2.7728244e-03   6.2044339e-04   8.2538033e-04
  -3.4750538e-02  -1.7068439e-01   4.6606321e-01  -2.9081179e-03   8.5068192e-04   6.6190746e-04
  -1.9125799e-02  -1.7777071e-01   3.8872555e-01  -1.6215630e-03   1.2378684e-03   8.2117599e-04
  -1.1685266e-02  -1.2178850e-01   3.9897002e-01  -9.6161508e-04   2.2080642e-03   1.7656418e-03
  -3.3081705e-02  -3.0668935e-01   5.1003326e-01  -6.3836252e-04   1.9052001e-03   9.7747027e-04
  -2.6942191e-02  -1.6745810e-01   3.7296568e-01  -1.6462209e-03   1.4014368e-03   9.8109030e-04
  -3.3260796e-02  -1.4067040e-01   3.9180811e-01  -1.3054711e-03   1.5475988e-03   1.0345051e-03
  -3.8631860e-02  -1.2983452e-01   3.1858723e-01  -5.2970377e-04   1.5552705e-03   1.0501880e-03
  -1.9301617e-02  -1.1753786e-01   2.9790244e-01  -1.2929298e-03   1.3635536e-03   9.1901346e-04
  -4.8005805e-02  -3.5221682e-01   5.0892494e-01  -1.9661907e-04   1.4860635e-03   4.5960738e-04
  -3.2231377e-02  -2.4423461e-01   3.8686995e-01  -5.9400522e-04   1.0177823e-03   4.7863423e-04
  -3.5948666e-02  -2.0369685e-01   4.4900600e-01  -1.2414144e-03   1.4650337e-03   8.2407597e-04
  -5.3078984e-02  -2.6241080e-01   4.2592279e-01  -4.3197784e-04   1.3402827e-03   2.1964327e-04
  -5.5468999e-02  -1.6861014e-01   4.3482999e-01  -1.5173346e-03   1.7131150e-03   5.0929871e-04
  -5.8081891e-02  -1.7809339e-01   3.5034315e-01  -2.0409510e-03   1.7589802e-03   3.7521981e-04
  -5.9379001e-02  -3.3872699e-01   5.0864685e-01   2.9204033e-04   1.9357409e-03   4.0353138e-06
  -3.6104569e-02  -1.9683419e-01   4.1780398e-01  -7.8845266e-04   1.1895049e-03  -1.1083218e-04
  -6.1084240e-02  -3.3827137e-01   5.7080051e-01  -3.4500092e-04   1.3934019e-03  -2.4772121e-04
  -4.3294115e-02  -2.7092210e-01   4.3229654e-01  -2.7311320e-04   1.1159315e-03   3.0649358e-05
  -4.2048410e-02  -2.5946749e-01   5.0271296e-01  -4.7492852e-04   1.3675515e-03  -5.7356613e-05
  -3.6881467e-02  -4.3093999e-01   5.8243727e-01   1.2882900e-03   1.0301814e-03  -8.0570379e-05
  -3.1147426e-02  -2.4682066e-01   5.2035412e-01  -3.9465097e-05   7.8082328e-04  -3.4879353e-05
  -3.9286605e-02  -3.4599821e-01   5.9465542e-01   3.1334540e-05   1.0602252e-03  -2.5593435e-04
  -2.6719371e-02  -3.2760842e-01   5.3309021e-01  -8.9949965e-05   5.2946585e-04  -4.1549522e-04
  -3.2860677e-02  -2.7470226e-01   5.4883606e-01  -8.5633920e-04   5.4799612e-04  -6.0608967e-04
  -3.2788488e-02  -3.9072216e-01   5.6011374e-01   2.7814215e-04   5.3622915e-04  -6.0692340e-04
   2.3827839e-03  -2.2369372e-01   4.3176272e-01  -9.8594000e-04   4.4744615e-04  -3.3635681e-04
   4.3907722e-02  -2.3001163e-01   3.7196939e-01  -1.2174838e-03  -3.5657935e-05  -5.2356692e-04
  -1.4262029e-02  -4.2331857e-01   5.6168829e-01   4.2033218e-04   6.4813630e-04  -5.1955123e-04
  -1.8413082e-02  -2.3876167e-01   4.3426826e-01  -1.1702662e-03   2.5983917e-04  -7.5510368e-04
   8.8500378e-04  -2.0173326e-01   3.8114685e-01  -1.9882746e-03   4.2716215e-04  -5.2742139e-04
   1.4246945e-02  -2.3553560e-01   4.9187797e-01  -6.6327034e-05   8.6238190e-04   4.4238416e-04
   3.0771077e-02  -2.7046650e-01   4.5233775e-01   4.0214813e-03   1.9553018e-04   7.7259859e-04
   9.8378798e-04  -3.5150078e-01   6.0455472e-01   3.1213943e-03   6.0708105e-04   2.2368952e-04
   2.5100627e-02  -3.4358031e-01   4.1033567e-01   6.1187464e-03  -7.7588322e-04  -2.1240330e-04
  -3.1590621e-02  -3.8853968e-01   3.9889895e-01   1.1185781e-02  -5.7548983e-04  -1.4748422e-03
   3.2643381e-03  -3.3923487e-01   5.1636862e-01   7.6433667e-03  -1.0131058e-03  -5.9746831e-04
  -1.2896663e-02  -4.4200867e-01   6.0686119e-01   9.7699648e-03  -8.0766039e-04   4.0170137e-05
  -9.9983549e-03  -3.7788823e-01   4.6501783e-01   1.0172627e-02  -1.4385833e-03   4.2614291e-04
  -4.9580869e-03  -3.9926638e-01   6.3716299e-01   9.5413723e-03  -1.0752897e-03   3.4565819e-04
