   0.0000000e+00   0.0000000e+00   0.0000000e+00   0.0000000e+00   0.0000000e+00   0.0000000e+00
  -8.0500033e-03   2.2986611e-02  -3.2823356e-02   6.7952528e-04   2.2511816e-04  -1.0240358e-04
  -4.5289270e-03   2.5331427e-02  -6.9322789e-02  -9.1863324e-06   2.5004177e-04   2.6583258e-05
  -5.1411882e-03  -7.6338150e-03   4.6109180e-02   6.3930472e-04   6.3443567e-05  -9.8915658e-05
  -1.2217346e-02   1.5715372e-02  -3.9678767e-02   9.6913854e-04   2.2212543e-04  -5.4777465e-05
  -1.0119453e-03   1.7931128e-02  -3.5796465e-02   2.0638063e-04   2.6251598e-05   7.4862887e-05
   1.5328460e-03   2.7412903e-03  -1.1290697e-02   7.4727884e-04   3.1326426e-04   2.1363382e-04
  -1.9161124e-03   3.8151425e-02  -1.2660054e-01   7.9014017e-04   1.7548923e-04   5.0757063e-04
   4.7756089e-04   2.7383874e-03  -3.3094643e-02   3.2551449e-04   4.3288533e-04   3.3358539e-04
   9.2389866e-04   1.4466509e-02  -1.0722639e-01   9.9172274e-04   3.4971111e-04   6.0334128e-04
   1.0543332e-02   1.1737047e-02  -1.4955026e-01  -2.2306775e-03  -1.2965622e-04   1.2837694e-03
   1.6857893e-02  -2.7293430e-02  -7.7183198e-02  -1.4937456e-03   2.3175303e-04   1.2648055e-03
   7.0296947e-03   2.6599429e-02  -2.8024593e-01  -3.2466477e-03   1.5133314e-04   1.2940850e-03
   1.9275402e-02  -1.0194479e-02  -1.6614864e-01  -3.3339458e-03   2.0918160e-04   1.1273410e-03
   2.7782111e-02  -3.7617740e-02  -7.4672900e-02  -1.5856704e-03   5.2967774e-04   1.1299912e-03
   1.5929235e-02   2.3394804e-02  -2.4447774e-01  -3.0112042e-03   4.7416221e-04   1.2942507e-03
   4.5580377e-02   1.7027528e-02  -3.3231479e-01  -4.6638171e-03  -2.2171965e-04   1.6230694e-03
   5.6268246e-02  -7.4828783e-02   9.4973210e-03  -1.7979158e-03  -9.5822291e-05   1.2691142e-03
   7.4086427e-02  -1.2033399e-01  -7.2233558e-02  -3.7526727e-04   8.5835479e-04   1.9440048e-03
   6.4041448e-02  -4.0684550e-02  -4.0313637e-02  -3.1808427e-03   1.4826430e-03   2.3667566e-03
   6.4850001e-02  -5.0072098e-02  -2.6115197e-01  -7.0034238e-03   1.6693325e-03   2.3618495e-03
   5.5545190e-02  -7.9438850e-02  -1.5558662e-01  -6.6200004e-03   1.4812178e-03   2.2058087e-03
   5.7233621e-02  -8.9400588e-02  -1.0264765e-02  -4.4714408e-03   1.6689992e-03   2.2382319e-03
   5.7479722e-02  -6.9637824e-02  -9.9446085e-02  -5.4217874e-03   1.9293297e-03   2.6284047e-03
   5.9858891e-02  -8.1288314e-02  -8.5352082e-02  -6.0432909e-03   1.5503218e-03   2.6064145e-03
   5.5262431e-02  -1.1231629e-01  -2.4892502e-03  -4.6831986e-03   1.5807448e-03   2.3339389e-03
   5.6387716e-02  -7.4673448e-02  -9.1132344e-02  -5.2225401e-03   2.0221770e-03   2.4410493e-03
   6.0602595e-02  -7.8557224e-02  -4.8838768e-02  -5.4727618e-03   1.8347519e-03   2.6451657e-03
   6.5070491e-02  -9.8406890e-02   1.3657731e-02  -4.9292624e-03   1.8639840e-03   2.3849831e-03
   6.9510002e-02  -7.6128910e-02  -7.2384218e-02  -5.4961355e-03   2.1216770e-03   2.6757536e-03
   7.1422344e-02  -9.3426185e-02   3.1989952e-02  -5.6299174e-03   2.0924524e-03   2.3598382e-03
   6.9466447e-02  -8.4144092e-02  -1.2182695e-02  -5.1394530e-03   2.1329610e-03   2.5251374e-03
   6.9867854e-02  -7.8762674e-02   6.0000982e-03  -5.8102548e-03   2.1604918e-03   2.5749425e-03
   6.1442444e-02  -9.1302883e-02  -7.8044982e-03  -5.0647959e-03   2.1579919e-03   2.2222649e-03
   6.1090839e-02  -8.9313602e-02   5.5445672e-02  -6.0727060e-03   2.4493443e-03   2.4019573e-03
   6.5252023e-02  -8.3779712e-02  -9.5587682e-02  -6.4597416e-03   2.3351559e-03   2.5935927e-03
   5.8079083e-02  -1.2400981e-01   2.5744320e-02  -7.3491174e-03   2.6589950e-03   2.3824239e-03
   5.3452895e-02  -1.0410477e-01  -1.0740117e-01  -6.6325703e-03   2.5876185e-03   2.4504694e-03
   5.1960428e-02  -1.3176191e-01  -1.1492193e-01  -8.6874485e-03   2.8102212e-03   2.5593665e-03
   6.1123233e-02  -1.7641254e-01  -3.9701299e-02  -7.1964635e-03   2.7834667e-03   2.4656628e-03
   5.3953546e-02  -1.3449270e-01  -1.9024582e-01  -8.2728481e-03   2.9897753e-03   2.6095981e-03
   6.3266201e-02  -1.8506210e-01   1.6507121e-02  -7.6481307e-03   2.7485495e-03   2.5224376e-03
   6.4023046e-02  -1.8180830e-01  -1.6738205e-02  -6.5990479e-03   2.9832544e-03   2.5394556e-03
   5.8143152e-02  -1.4482733e-01  -1.7697776e-01  -8.3531972e-03   2.7844353e-03   2.7764016e-03
   6.2211941e-02  -1.8839459e-01  -2.8760517e-02  -8.3183816e-03   2.9358287e-03   2.7033361e-03
   7.4543591e-02  -2.3006575e-01   3.3708244e-02  -6.4837309e-03   2.5445442e-03   2.6131682e-03
   7.0583336e-02  -1.5889059e-01  -8.3807120e-02  -7.3959739e-03   3.0368158e-03   3.0083021e-03
   6.6345632e-02  -1.6689125e-01  -4.0982028e-03  -7.6738682e-03   2.9862106e-03   2.9777983e-03
   4.9436897e-02  -2.2777196e-01   3.3686984e-02  -6.7591688e-03   3.1114254e-03   2.1870945e-03
   5.6549643e-02  -1.8125690e-01  -6.6497175e-02  -6.5595338e-03   3.1019861e-03   2.7757773e-03
   5.4574549e-02  -1.7984502e-01  -8.5646732e-02  -7.4363928e-03   3.0644529e-03   2.5261149e-03
   4.9133699e-02  -2.3566362e-01   3.9663111e-02  -6.8340824e-03   3.1644665e-03   2.3581036e-03
   5.3503633e-02  -2.0427240e-01  -6.4280684e-02  -6.7192144e-03   3.6179921e-03   2.7628261e-03
   5.9037171e-02  -1.9997274e-01  -8.6781206e-02  -7.5963082e-03   3.2273360e-03   2.7633441e-03
   6.0740230e-02  -2.5827867e-01   2.3012762e-02  -7.3168114e-03   3.3617883e-03   2.4136761e-03
   5.7470383e-02  -2.1833677e-01  -8.4495553e-02  -7.5792009e-03   3.6018892e-03   2.4177491e-03
   5.9236313e-02  -2.1289975e-01  -1.6094350e-01  -9.2541171e-03   3.2695164e-03   2.4828691e-03
   5.0581647e-02  -2.6832785e-01  -1.1058837e-02  -7.8498909e-03   3.6205989e-03   2.4557682e-03
   5.2829045e-02  -2.3974188e-01  -6.1011164e-02  -6.9420522e-03   3.7238179e-03   2.5631640e-03
   4.9642487e-02  -2.7613917e-01  -2.6926111e-03  -7.6139334e-03   3.8965718e-03   2.5095863e-03
   5.2177701e-02  -2.4867300e-01  -7.7128630e-02  -6.9063957e-03   3.7858512e-03   2.6664351e-03
   5.1500711e-02  -2.7683094e-01  -9.8109028e-04  -7.6080333e-03   3.8059914e-03   2.6271468e-03
   4.5039139e-02  -2.2247462e-01  -2.2466430e-01  -8.3534899e-03   3.4633171e-03   2.6181039e-03
   4.9244959e-02  -2.5345966e-01  -1.1065195e-01  -8.9267637e-03   3.6259478e-03   2.6992931e-03
   4.2008257e-02  -2.7111670e-01  -4.5012219e-02  -6.8335703e-03   4.2709706e-03   2.9091064e-03
   4.2723559e-02  -2.6988807e-01  -5.1298036e-02  -8.4187019e-03   4.2852730e-03   2.5027335e-03
   4.5603323e-02  -2.8502794e-01  -4.8290312e-02  -7.8406159e-03   4.2675689e-03   2.4494339e-03
   4.0898638e-02  -2.8809333e-01  -4.7605539e-02  -8.6664767e-03   4.4379529e-03   2.6262330e-03
   4.9980618e-02  -2.9648339e-01  -8.7936473e-02  -7.3351923e-03   3.9568156e-03   2.6391246e-03
   5.2373300e-02  -3.0392525e-01  -7.1113649e-02  -7.8055725e-03   4.1509043e-03   2.7784831e-03
   5.1493397e-02  -3.1822043e-01  -7.7669358e-02  -7.2714257e-03   4.2442822e-03   2.6382202e-03
   4.8457022e-02  -2.9029055e-01  -7.8035883e-02  -7.9488434e-03   4.3318313e-03   2.6624452e-03
   3.8179145e-02  -3.3429815e-01  -5.5628415e-03  -7.3698640e-03   4.4186656e-03   2.5836014e-03
   5.0281455e-02  -3.0741811e-01  -9.3769116e-02  -7.4769791e-03   4.1978873e-03   2.7734163e-03
   4.5545662e-02  -3.3966975e-01  -3.7685292e-02  -7.5310265e-03   4.3522498e-03   2.5632960e-03
   4.2998126e-02  -3.0099931e-01  -1.0689576e-01  -6.7855097e-03   4.2878165e-03   2.7976565e-03
   4.5576813e-02  -3.2954379e-01  -4.9603429e-02  -6.9246396e-03   4.2723691e-03   2.6344714e-03
   4.7520457e-02  -3.1557647e-01  -1.3752806e-01  -7.0730198e-03   4.1880215e-03   2.8213973e-03
   4.3260087e-02  -3.4809972e-01  -6.1363125e-02  -7.1621010e-03   4.4896055e-03   2.5699348e-03
   4.6689525e-02  -3.2395159e-01  -1.2410050e-01  -7.3018126e-03   4.1742700e-03   2.7223618e-03
   4.2749241e-02  -3.4201119e-01  -9.7173498e-02  -6.9811231e-03   4.4118113e-03   2.7645399e-03
   4.3790893e-02  -3.4677152e-01  -9.0659635e-02  -7.4498771e-03   4.4331042e-03   2.6800486e-03
   4.9291084e-02  -3.6509967e-01  -5.5702314e-02  -6.8234587e-03   4.5891762e-03   2.5416858e-03
   4.8144718e-02  -3.8718599e-01  -3.5079609e-04  -7.8035852e-03   4.6813379e-03   2.5769368e-03
   4.7120585e-02  -3.7885697e-01  -3.7779943e-02  -7.2927244e-03   4.5157410e-03   2.3641140e-03
   4.5960357e-02  -3.9530560e-01  -4.4971629e-02  -7.3939858e-03   4.6594785e-03   2.4939962e-03
   4.7469492e-02  -3.8624187e-01  -2.2190132e-02  -7.5096017e-03   4.5705960e-03   2.4632279e-03
   4.7945186e-02  -3.8112699e-01  -9.5047665e-02  -7.2393136e-03   4.5782988e-03   2.5383154e-03
   4.2336601e-02  -4.0019323e-01  -3.8267474e-02  -7.3941696e-03   4.5239729e-03   2.5290642e-03
   4.1505940e-02  -3.9156433e-01  -7.8010866e-02  -7.8993295e-03   4.5746467e-03   2.6209661e-03
   4.1260430e-02  -3.9764688e-01  -1.0000582e-01  -7.2685898e-03   4.5848299e-03   2.6540828e-03
   3.6575649e-02  -3.7859825e-01  -1.6768946e-01  -6.9389790e-03   4.0058035e-03   2.7336899e-03
   4.4582102e-02  -4.2374812e-01  -8.8256046e-02  -6.6830445e-03   4.2247909e-03   2.8330852e-03
   4.8816169e-02  -3.8755038e-01  -1.6803897e-01  -6.6756160e-03   3.9445194e-03   3.2495311e-03
   4.9271479e-02  -4.2905930e-01   1.4317335e-02  -5.8427434e-03   3.9829932e-03   3.4456419e-03
   9.0807152e-02  -5.2765298e-01   3.6301201e-02  -2.0995047e-03   4.1411905e-03   2.9653376e-03
   8.4100051e-02  -4.2172796e-01  -1.5070938e-01  -4.6103896e-03   4.9573862e-03   4.2635230e-03
   5.3700754e-02  -3.9728423e-01  -1.8741792e-01  -8.5010997e-03   4.6106827e-03   3.5552393e-03
   4.7841687e-02  -3.9980144e-01  -2.3837139e-01  -8.3535136e-03   4.1299025e-03   3.3999222e-03
   4.4101290e-02  -4.5107577e-01  -5.0198182e-02  -8.2216866e-03   4.4266779e-03   3.3296697e-03
   3.5956619e-02  -4.4742380e-01  -5.4777886e-02  -7.0680069e-03   4.6625197e-03   3.4391106e-03
   3.7444173e-02  -4.3038331e-01  -1.0698582e-01  -7.7385463e-03   4.5649111e-03   3.6668852e-03
   2.8616426e-02  -4.6611744e-01  -1.7775659e-03  -7.9863133e-03   4.6105761e-03   3.4720417e-03
   3.6923835e-02  -4.6091776e-01  -5.2914222e-02  -7.2991716e-03   4.5250235e-03   3.6814385e-03
   4.6483047e-02  -4.6525477e-01  -3.5973221e-02  -8.0385898e-03   4.7152592e-03   3.5456051e-03
   5.1146785e-02  -4.5761372e-01  -7.3703324e-02  -7.4329855e-03   4.5462426e-03   3.7701189e-03
   5.9633536e-02  -4.7093667e-01  -4.0884565e-02  -7.7879579e-03   4.5248574e-03   3.6271829e-03
   5.9447552e-02  -4.7384451e-01  -9.2403311e-02  -7.4019471e-03   4.5499703e-03   3.5354751e-03
   5.4932025e-02  -4.8674184e-01  -7.1799925e-02  -7.9602142e-03   4.5907482e-03   3.5908127e-03
   5.2164937e-02  -4.7187325e-01  -9.5897457e-02  -7.8750947e-03   4.4132122e-03   3.5346350e-03
   4.4282817e-02  -4.9348750e-01  -1.0472917e-01  -6.5076103e-03   4.4820116e-03   3.3119026e-03
   4.4089856e-02  -4.8865265e-01  -1.0637115e-01  -7.2119547e-03   4.4512110e-03   3.4213791e-03
   5.3901894e-02  -4.9292095e-01  -1.3863701e-01  -6.7250462e-03   4.2577604e-03   3.6018826e-03
   5.4933866e-02  -5.0060049e-01  -1.0344323e-01  -7.0217396e-03   4.3479309e-03   3.3345978e-03
   4.5789289e-02  -5.0364810e-01  -7.1163891e-02  -7.5072240e-03   4.8150996e-03   3.3455093e-03
   4.3430499e-02  -5.0934610e-01  -1.5093233e-01  -7.2668987e-03   4.6658834e-03   3.3164742e-03
   4.4366463e-02  -5.2521072e-01  -9.3717532e-02  -7.5978422e-03   4.6382513e-03   3.2384253e-03
   3.9398928e-02  -5.1407198e-01  -1.3203425e-01  -7.6676167e-03   4.5455577e-03   3.2658263e-03
   3.5551100e-02  -4.9170672e-01  -1.9518627e-01  -7.3937618e-03   4.5966407e-03   3.3810828e-03
   3.3612613e-02  -5.2647171e-01  -1.4562089e-01  -7.6410444e-03   4.5838956e-03   3.3109861e-03
