   0.0000000e+00   0.0000000e+00   0.0000000e+00   0.0000000e+00   0.0000000e+00   0.0000000e+00
   5.7746228e-03  -2.5671701e-02   8.7154095e-02   2.7787175e-04   1.5873263e-04  -2.2943888e-04
   5.9798102e-03  -2.2417797e-02   3.4169628e-02   2.3149575e-04   4.9885473e-05  -3.9433494e-04
   2.5248332e-02  -6.5639307e-02   9.4685654e-02   1.5061846e-04   1.4229075e-04  -1.8397612e-04
   6.3618642e-02  -6.2809628e-02  -4.7964242e-02   1.0573319e-03  -4.7111026e-04  -2.2199978e-04
   6.4279644e-02   1.9976763e-02  -4.5431763e-01  -2.9705800e-05  -8.8484037e-04  -9.8606525e-04
   5.7917960e-02   4.6786255e-02  -5.2771008e-01   8.3479296e-05  -1.8195691e-03  -2.0649042e-03
   1.0648577e-01   1.3291938e-02  -1.0158656e+00   1.8402533e-03  -5.1702601e-04  -8.8314241e-04
   1.1658134e-01   5.2174407e-02  -1.1083284e+00   1.0165758e-03  -1.7242282e-03  -9.6213499e-04
   1.2226325e-01   8.6277421e-02  -1.0280116e+00  -4.4877490e-04  -1.4237585e-03  -4.4955306e-04
   1.2565710e-01   8.1413355e-02  -9.4768880e-01  -1.1083613e-03  -1.7441688e-03   1.2924022e-04
   1.4360977e-01   6.1641174e-02  -9.0019332e-01  -1.8071242e-03  -1.8880319e-03   1.0704905e-03
   1.7511043e-01   7.2282497e-02  -9.3466683e-01  -1.9430075e-03  -1.9052422e-03   1.4168439e-03
   1.9108102e-01   7.8154148e-02  -9.5750062e-01  -2.2673360e-03  -1.9408763e-03   1.6926433e-03
   1.7142930e-01   5.6211031e-02  -9.4700846e-01  -2.0748365e-03  -1.3481658e-03   1.4888534e-03
   2.0992858e-01   1.6152202e-01  -1.1242179e+00   2.8209032e-04  -6.4988930e-05   2.0160508e-03
   2.3414087e-01   5.1695591e-02  -1.4860937e+00   3.2608928e-03  -8.6689222e-04   2.9930741e-03
   2.1579752e-01   7.8628146e-02  -1.3469381e+00   2.1008183e-03  -1.0260838e-03   3.0739411e-03
   2.1339203e-01   7.9015168e-02  -1.4245423e+00   3.1830825e-03  -1.3490089e-03   2.7940274e-03
   1.8194103e-01   7.7068186e-02  -1.4052512e+00   3.3276766e-03  -8.7425699e-04   2.4355525e-03
   1.9938178e-01   7.2929784e-02  -1.4711881e+00   3.1585640e-03  -2.5067677e-04   2.3861782e-03
   2.0011600e-01   8.2349856e-02  -1.5303463e+00   2.4514462e-03  -4.6098711e-04   2.5906945e-03
   1.4826783e-01   1.0059971e-01  -1.5536702e+00   1.9318750e-03   6.1343891e-04   3.8511580e-03
   1.3142869e-01   6.1194328e-02  -1.5814849e+00   2.0536571e-03   5.6010107e-04   3.1264476e-03
   1.3170871e-01   9.4091245e-02  -1.6254367e+00   2.2340595e-03   1.4599021e-04   3.3427187e-03
   1.5458841e-02   1.2400605e-01  -1.6701996e+00   5.1202008e-03  -1.3142072e-03   1.3102037e-03
   4.4863459e-03   1.4341157e-01  -1.5802511e+00   5.2760128e-03  -2.1128838e-03   1.2964522e-03
   8.7521803e-03   1.0192122e-01  -1.3859419e+00   3.7810205e-03  -2.0938825e-03   1.1994448e-03
   9.0973425e-03   8.4157817e-02  -1.2967350e+00   3.3493574e-03  -2.0148981e-03   1.1118313e-03
   7.4530893e-03   6.7664503e-02  -1.1811479e+00   2.2700766e-03  -1.8103116e-03   9.7720858e-04
   8.1842034e-03   4.7435542e-02  -1.0571801e+00   1.4922729e-03  -1.5700904e-03   5.6969833e-04
   2.7357112e-02   3.1503800e-02  -9.1942181e-01   1.3361080e-03  -1.1587655e-03   8.5696625e-04
   7.2794791e-02  -6.5184911e-03  -8.2661744e-01   8.8110671e-04  -1.1501638e-03   1.3626496e-03
   6.4375670e-02  -1.5930133e-02  -7.5896767e-01   1.1757516e-03  -1.2595341e-03   1.5498887e-03
   5.2232181e-02   1.3190346e-02  -7.5880720e-01   7.9316139e-04  -1.1909225e-03   1.5863691e-03
   5.1364137e-02   6.0178004e-03  -7.7266876e-01   4.3614390e-04  -1.2121893e-03   1.7294347e-03
   5.5105727e-02  -2.8963405e-02  -7.6728212e-01   2.7130909e-04  -5.4597471e-04   1.5400820e-03
   8.4633813e-02  -6.4966875e-02  -7.3836415e-01  -3.8502097e-03   2.2596079e-05   1.7081612e-03
   9.0607168e-02  -5.5397346e-02  -8.2365697e-01  -4.8308924e-03   5.8026411e-05   2.1648858e-03
   1.0818555e-01  -3.0958750e-02  -8.8493139e-01  -4.9001011e-03  -1.0924853e-04   2.1699165e-03
   1.2222970e-01  -3.6351632e-02  -8.8662837e-01  -4.3362793e-03   1.5903652e-04   2.2345019e-03
   1.1907432e-01  -2.4828899e-02  -8.6770940e-01  -4.6155887e-03   6.7787014e-04   2.7729090e-03
   1.2177180e-01  -4.0284353e-02  -9.2200302e-01  -4.2347190e-03   9.0497401e-04   2.9534749e-03
   1.2614323e-01  -3.4430004e-02  -9.3398224e-01  -4.6537702e-03   9.0185510e-04   3.1345105e-03
   2.0731689e-02   2.9469231e-02  -1.0864832e+00  -1.1920845e-03  -5.7686289e-04   2.9328271e-03
  -2.8427968e-02  -6.3359536e-03  -1.1362278e+00   7.7320300e-04  -2.1164952e-03   2.1241339e-03
  -5.0018790e-02  -2.0575209e-02  -9.8344645e-01  -5.3674326e-04  -2.6022531e-03   1.8052381e-03
  -5.9262957e-02  -5.3620732e-02  -8.6958439e-01  -1.1571077e-03  -2.5500317e-03   1.7000176e-03
  -2.8920792e-02  -8.6347304e-02  -7.2764190e-01  -2.4309347e-03  -2.4550478e-03   2.0692115e-03
  -3.6314886e-02  -8.1632841e-02  -7.0830777e-01  -2.5757220e-03  -2.5970366e-03   2.0972124e-03
   4.3394746e-04  -9.9233681e-02  -7.0075436e-01  -2.4914362e-03  -2.1316569e-03   2.3973167e-03
   8.0454378e-02  -1.3318595e-01  -8.2995531e-01  -3.7733377e-03  -2.1379574e-03   3.3456556e-03
   9.6117741e-02  -8.8222029e-02  -7.8850702e-01  -5.2140289e-03  -3.0448977e-03   3.6348951e-03
   1.0148571e-01  -7.9125167e-02  -8.3819916e-01  -4.1108027e-03  -1.4582887e-03   3.5706635e-03
   1.0657806e-01  -1.0376478e-01  -8.3527744e-01  -4.1792083e-03  -1.1525131e-03   3.4418206e-03
   9.7757088e-02  -1.1863780e-01  -8.0530389e-01  -3.9779549e-03  -1.1906844e-03   4.0222199e-03
   1.0455459e-01  -1.2628295e-01  -9.1925580e-01  -3.6089263e-03  -1.3829544e-03   3.9979897e-03
   1.1832022e-01  -1.1780254e-01  -9.2913154e-01  -3.6825793e-03  -1.2695088e-03   3.8723295e-03
   1.6341539e-02  -9.9551986e-02  -1.0065276e+00  -6.1087134e-04  -2.3424198e-03   3.7488905e-03
  -1.9252987e-02  -3.7036303e-02  -1.0377756e+00   9.9960627e-04  -3.6225148e-03   4.0944274e-03
  -2.1029793e-02  -5.2897292e-02  -9.4926363e-01   1.7945324e-04  -3.9538695e-03   3.9584255e-03
  -1.7874164e-02  -6.9570967e-02  -8.9943942e-01  -3.1892717e-04  -3.7847808e-03   3.6838023e-03
  -1.5622497e-02  -9.0383014e-02  -8.6323387e-01  -2.2804451e-04  -3.7353482e-03   3.8050389e-03
  -1.5399387e-02  -9.2412778e-02  -8.3628052e-01   4.3700406e-04  -3.9320921e-03   3.8440656e-03
  -2.1065126e-02  -1.0372014e-01  -7.7950325e-01   1.3296310e-04  -4.1375207e-03   3.8225135e-03
  -2.2701724e-02  -1.1098342e-01  -7.4763371e-01   7.6004832e-04  -4.2739509e-03   3.7531605e-03
  -1.6723208e-02  -1.2148072e-01  -7.2816126e-01   7.9957873e-04  -4.0652683e-03   4.0421795e-03
  -2.2731046e-02  -1.1977435e-01  -7.5423549e-01   7.9765147e-04  -4.0033816e-03   4.0279573e-03
  -1.2981195e-02  -1.4831500e-01  -7.1657646e-01   7.0169899e-04  -4.0305544e-03   4.0754565e-03
  -2.5536829e-02  -1.6264330e-01  -6.6041492e-01   1.4077015e-03  -3.7761063e-03   3.8305977e-03
  -3.5564825e-02  -1.5423881e-01  -6.4549966e-01   1.2656228e-03  -3.4754511e-03   3.6836126e-03
  -2.5916979e-02  -1.5740667e-01  -6.3882155e-01   1.5081136e-03  -3.6127969e-03   3.9073654e-03
  -2.7702942e-02  -1.8537858e-01  -6.1389473e-01   1.5161169e-03  -3.7210019e-03   3.5626528e-03
  -1.5316801e-02  -1.8901874e-01  -6.3490395e-01   1.7340460e-03  -4.0741502e-03   3.7777318e-03
   2.1423419e-03  -1.9900242e-01  -7.9740472e-01   1.4996705e-03  -2.5939522e-03   3.4913809e-03
   5.0484753e-02  -1.8158406e-01  -9.0537346e-01  -1.1706341e-03  -2.7772393e-03   3.4685419e-03
   4.5126496e-02  -1.6685461e-01  -8.9404763e-01  -2.8896076e-03  -2.5899012e-03   3.3203080e-03
   4.6936634e-02  -1.7067256e-01  -8.2850589e-01  -3.4023411e-03  -2.4622649e-03   3.3929580e-03
   4.0027503e-02  -2.0119774e-01  -8.5027804e-01  -3.9632458e-03  -2.4058470e-03   3.2532099e-03
   2.9332944e-02  -1.8855102e-01  -9.2565137e-01  -3.3741588e-03  -2.4201113e-03   3.1850138e-03
   3.2683194e-02  -1.8408314e-01  -1.0036422e+00  -2.9545616e-03  -2.0229621e-03   3.0894167e-03
   3.0681450e-02  -1.3070548e-01  -1.5058623e+00   3.6081179e-03  -2.9114480e-03   3.9188684e-03
  -3.2317062e-03  -1.0483041e-01  -1.3621445e+00   9.8256039e-04  -2.7361656e-03   3.0511752e-03
  -2.5930888e-02  -1.6026961e-01  -1.2652886e+00   1.8589880e-03  -2.9864194e-03   3.1103111e-03
  -5.3784939e-02  -1.9194386e-01  -1.2567068e+00   1.5554352e-03  -2.4949864e-03   2.9187811e-03
  -4.8394205e-02  -2.0776386e-01  -1.2639417e+00   7.7389903e-04  -2.8776567e-03   2.8633065e-03
  -2.1753662e-02  -1.9808905e-01  -1.2874744e+00  -6.6832531e-04  -1.6991518e-03   3.2845737e-03
  -1.5574038e-02  -2.0687981e-01  -1.2581650e+00  -8.4137086e-04  -1.4809591e-03   3.3436836e-03
  -4.9671382e-02  -1.8258216e-01  -1.3074724e+00  -8.5702537e-04  -8.5521313e-04   3.6845759e-03
  -6.0488674e-02  -1.5014979e-01  -1.4475080e+00  -1.6270469e-03  -6.9338967e-04   3.6285987e-03
  -7.6154849e-02  -1.4745652e-01  -1.4484175e+00  -9.8469442e-04  -6.7080415e-04   3.8668358e-03
  -1.2086679e-01  -1.3724429e-01  -1.3638104e+00  -9.1507224e-04  -1.2501437e-03   3.2381442e-03
  -1.4929516e-01  -1.7822834e-01  -1.1314925e+00  -1.8546231e-04  -2.9051706e-03   2.6780648e-03
  -1.8179461e-01  -1.9373946e-01  -1.0041255e+00  -8.4593848e-04  -2.8539754e-03   2.4859417e-03
  -1.8344257e-01  -1.8033939e-01  -9.3174346e-01  -9.1034638e-04  -3.1578541e-03   2.4519594e-03
  -1.9220878e-01  -2.0329259e-01  -8.3884471e-01  -1.5409365e-03  -3.1396659e-03   2.4640997e-03
  -1.8459032e-01  -2.4074704e-01  -7.5638354e-01  -1.7342690e-03  -3.3692054e-03   2.5941964e-03
  -1.8474900e-01  -2.4917264e-01  -7.2410661e-01  -1.7879658e-03  -3.4315008e-03   2.5671158e-03
  -1.6224729e-01  -2.6239331e-01  -6.9633633e-01  -1.7064821e-03  -3.7911779e-03   2.5876705e-03
  -1.7096593e-01  -2.6435515e-01  -7.5772461e-01  -1.6671188e-03  -3.2015915e-03   2.7917967e-03
  -2.6201243e-01  -2.3431159e-01  -9.7734456e-01   1.0453600e-03  -3.1701851e-03   1.6300072e-03
  -2.3845878e-01  -2.0895587e-01  -8.6505120e-01  -2.7800971e-05  -3.3202722e-03   1.7208373e-03
  -2.4803410e-01  -2.4196999e-01  -7.0182204e-01  -8.0375634e-05  -3.1692487e-03   1.7060531e-03
  -2.4319467e-01  -2.8051825e-01  -5.9701923e-01  -2.4038407e-04  -3.2468514e-03   1.7367063e-03
  -2.2964571e-01  -2.8125948e-01  -5.4911013e-01  -2.4037861e-04  -3.1347650e-03   1.7504666e-03
  -2.2907653e-01  -2.6067605e-01  -5.2242169e-01  -9.3717962e-04  -2.8930182e-03   1.9265021e-03
  -2.4154582e-01  -2.7272590e-01  -4.4788040e-01  -8.9921162e-04  -2.8598621e-03   1.8790887e-03
  -2.1762901e-01  -3.0326052e-01  -4.1236537e-01  -1.3718647e-03  -2.4173736e-03   2.1270335e-03
  -1.7487979e-01  -3.4178020e-01  -5.3167776e-01  -5.7856183e-03  -2.7671838e-03   1.7638036e-03
  -1.5709143e-01  -3.0660384e-01  -5.2132995e-01  -7.4146067e-03  -2.1560993e-03   1.7447339e-03
  -1.4751683e-01  -3.3936862e-01  -5.1040392e-01  -7.1582058e-03  -1.9694310e-03   1.8345060e-03
  -1.5514283e-01  -3.1265194e-01  -5.5611165e-01  -6.3280139e-03  -1.3219262e-03   1.8739691e-03
  -1.8162411e-01  -3.1259084e-01  -5.9822298e-01  -5.6543860e-03  -1.4136208e-03   1.7353405e-03
  -1.8630733e-01  -3.2037436e-01  -6.2987509e-01  -6.0172183e-03  -1.4747063e-03   1.8873626e-03
  -1.7161986e-01  -3.4615961e-01  -6.7022536e-01  -5.6945074e-03  -9.3111075e-04   2.1623180e-03
  -1.7075432e-01  -3.4407353e-01  -6.4651022e-01  -6.1913592e-03  -9.3866349e-04   1.9033867e-03
  -1.8285901e-01  -3.6340183e-01  -7.3471632e-01  -6.3997385e-03  -9.2645769e-04   2.0300505e-03
  -1.7711365e-01  -3.6064402e-01  -8.2091759e-01  -4.8894524e-03  -1.0311958e-03   2.0074430e-03
  -1.8958398e-01  -2.9969835e-01  -1.0229639e+00  -2.8135424e-03  -7.2359083e-04   2.3029113e-03
  -2.3709381e-01  -3.2421602e-01  -1.2892601e+00  -1.0544919e-03  -2.4140668e-03   2.4061829e-03
