   0.0000000e+00   0.0000000e+00   0.0000000e+00   0.0000000e+00   0.0000000e+00   0.0000000e+00
   5.5962942e-03   1.2322716e-01  -4.6014369e-02  -2.9520862e-04  -7.5675800e-05   2.6602868e-04
  -1.3386379e-02   9.1390170e-02   1.6122954e-02  -1.5085361e-04   2.2257773e-06   6.5660570e-05
  -1.0492313e-02   1.6582851e-02  -1.9578999e-02   8.6144977e-04   3.9577909e-04  -3.5726778e-04
   4.2690638e-03   7.2681499e-02  -8.3642450e-02   7.2629467e-04   7.1758822e-04  -1.3514037e-03
   7.7199616e-03   6.1558475e-02  -6.7502777e-02   8.8474436e-04   7.6513649e-04  -1.8233314e-03
   1.1920281e-02   3.1793211e-03  -6.1033828e-02   1.3524387e-03   5.5064036e-04  -1.9368424e-03
   7.6534211e-03   6.0519859e-02  -8.1271214e-02   7.1915972e-04   2.9486338e-04  -1.9429657e-03
   1.9595377e-02  -7.7657981e-02  -3.4582005e-02   1.5611475e-03  -2.6289247e-04  -2.2323276e-03
   2.0490302e-02   4.1137488e-02  -1.3170604e-01   7.3937134e-04  -6.8191878e-04  -2.2089052e-03
   1.0262912e-02  -2.0555850e-02  -2.4642019e-02   9.2753138e-04  -2.6050959e-04  -2.7547412e-03
   2.5678801e-02   5.3710025e-02  -1.8797187e-01   4.2836861e-04  -5.5891566e-04  -2.0553499e-03
   4.2201005e-02  -1.5434984e-02  -5.8566658e-01   5.0400461e-03  -1.3920264e-03  -1.4820350e-03
  -2.8045724e-04  -3.8002910e-02  -3.3688449e-01   3.6220369e-03  -1.1090197e-03  -1.1642973e-03
  -8.0699513e-05  -1.0634321e-02  -3.2497310e-01   3.9823079e-03  -6.3345550e-04  -1.5706784e-03
  -2.9093630e-02   8.2086306e-02  -2.8536315e-01   3.8729187e-03   2.4214158e-04  -1.6754205e-03
   1.2467346e-03  -2.4299086e-02  -2.2270295e-01   3.8599519e-03  -1.9537382e-04  -1.3714869e-03
   2.7084851e-03   5.6560194e-02  -2.6901681e-01   3.3955571e-03  -1.0806794e-04  -1.4009645e-03
   1.3319174e-03   8.6191019e-02  -2.4046656e-01   2.6083460e-03   1.2311602e-04  -8.8673453e-04
   9.7537455e-03   7.4306829e-03  -2.1346370e-01   3.3643953e-03   1.3711348e-04  -1.1966850e-03
   3.1594546e-04   1.3118354e-01  -2.2446818e-01   2.7867299e-03   4.8277672e-04  -1.0833041e-03
   3.2306977e-03   4.4401054e-02  -1.4507447e-01   2.6394013e-03   8.4857339e-04  -1.1099161e-03
  -2.4766486e-02   1.1073874e-01  -1.6768786e-01   1.6772227e-03   1.0637351e-03  -9.1564648e-04
  -4.2779779e-02   1.4850802e-01  -1.0896419e-01   4.3486858e-05   1.4133012e-03  -5.9585488e-04
  -2.7652468e-02   7.7627388e-02  -1.1039329e-01   7.8594300e-04   1.2131134e-03  -8.4686111e-04
  -4.1740862e-02   1.8690854e-01  -1.4347790e-01   3.2917722e-04   1.5318231e-03  -8.1380641e-04
  -5.0806045e-02   1.1117094e-01  -5.1288652e-02   1.5971194e-04   1.4573574e-03  -6.3408342e-04
  -5.0452640e-02   1.3124837e-01  -6.2870352e-02  -8.7872174e-05   1.9667079e-03  -1.2096758e-03
  -3.9592866e-02   1.6908555e-01  -8.9551769e-04  -3.3877283e-04   2.3667612e-03  -2.3342021e-03
  -2.2815203e-02   9.2570939e-02   9.1939151e-02  -2.2882919e-04   2.1798706e-03  -2.4378535e-03
   6.9829540e-03   1.0867626e-01   1.0169046e-01  -9.3159991e-04   1.7610467e-03  -2.5000065e-03
   8.8072050e-03   1.7523137e-01   1.5126449e-01  -1.6644200e-03   1.2955887e-03  -2.3980897e-03
   2.4613054e-02   3.3671191e-02   2.7267285e-01  -1.0508269e-03   1.0466734e-03  -2.6392801e-03
   1.6267877e-02   1.3160762e-01   2.0476335e-01  -1.4588047e-03   1.2969058e-03  -3.0889851e-03
   1.4761793e-02   9.5892545e-02   2.6914609e-01  -1.2356935e-03   1.3022054e-03  -3.1398979e-03
   7.2437858e-03   1.2747046e-01   1.7959404e-01  -1.9773738e-03   1.7409701e-03  -2.5215079e-03
   3.5686216e-02   9.1421763e-02   1.0794211e-02  -2.5328588e-03   8.2946848e-04  -1.6196897e-03
   1.9297077e-02   1.3627022e-01  -2.3710420e-02  -1.4872902e-03   7.2658483e-04  -1.9148417e-03
   2.5386478e-03   2.3403127e-01   4.0432203e-02  -2.0318332e-03   1.0873804e-03  -1.9653176e-03
   3.3341440e-03   1.3046918e-01   1.1634396e-01  -2.1786974e-03   8.7075231e-04  -1.5394209e-03
  -4.3365711e-03   2.0998409e-01   7.7253435e-02  -2.1287181e-03   1.0043958e-03  -1.6569838e-03
  -2.5233574e-02   1.7237655e-01   1.1033769e-01  -1.2586086e-03   1.9942568e-03  -2.6354745e-03
   2.5575010e-03   3.0793378e-02   2.0544931e-01  -1.0900470e-03   1.7777773e-03  -3.0084461e-03
  -7.7327400e-03   1.1382685e-01   1.3774761e-01  -1.7938414e-03   1.9878956e-03  -3.2686452e-03
  -1.0575950e-03   6.9185562e-02   2.4410352e-01  -1.5549207e-03   1.4807827e-03  -3.4336735e-03
  -5.4451270e-03   1.1154383e-02   2.2763115e-01  -1.0526970e-03   1.7115329e-03  -3.3111358e-03
  -1.9046456e-02   1.3845611e-01   2.1953814e-01  -2.0066237e-03   1.7346805e-03  -3.0997808e-03
  -2.3293867e-02   4.3047687e-02   3.0902315e-01  -1.7583295e-03   1.8406651e-03  -3.2889817e-03
  -3.3446215e-02   8.7790891e-02   2.5525992e-01  -1.9450152e-03   2.1116147e-03  -3.4122434e-03
  -4.3365042e-02   1.2129464e-01   2.6853991e-01  -2.4175793e-03   2.3125735e-03  -3.4779764e-03
  -1.7372378e-02  -9.5134486e-04   3.5070523e-01  -1.7319830e-03   1.8952858e-03  -3.1944115e-03
  -4.2051237e-02   1.0267764e-01   2.6803545e-01  -2.7191814e-03   2.4146791e-03  -3.3992615e-03
  -3.2196593e-02   1.0494270e-01   3.2149833e-01  -2.8722877e-03   2.3127123e-03  -3.3698370e-03
  -5.4161361e-03  -1.0557425e-02   3.8458912e-01  -2.1437472e-03   1.7753914e-03  -3.1904570e-03
  -2.2046725e-02   1.0859128e-01   3.2180776e-01  -2.8966429e-03   2.2651946e-03  -3.4055084e-03
  -3.7652578e-02   1.3551486e-01   3.2737692e-01  -3.3213605e-03   2.5693090e-03  -3.4843653e-03
  -2.6027784e-02   2.7577699e-02   4.0070660e-01  -3.0016052e-03   2.1919127e-03  -3.3392098e-03
  -3.1327799e-02   1.3567494e-01   4.5294212e-01  -3.9277281e-03   2.3214707e-03  -3.3634636e-03
  -5.3292064e-03   1.1073024e-01   6.4867289e-01  -4.8009516e-03   1.7559030e-03  -3.1379903e-03
   6.4474954e-02  -1.2520084e-01   5.0114489e-01  -1.9785973e-03   3.2547663e-04  -2.3908441e-03
   5.0052845e-02  -3.9055589e-02   4.7875600e-01  -2.0925792e-03   4.8285601e-04  -2.4506030e-03
   2.3812678e-02   1.0217572e-01   4.8103738e-01  -2.5408663e-03   1.5439611e-03  -2.8761658e-03
   1.9246012e-02   1.5491972e-01   5.6086758e-01  -2.6341638e-03   1.2784876e-03  -2.9123386e-03
   3.1219508e-02   7.2548590e-03   6.3459918e-01  -1.9752702e-03   9.5269217e-04  -2.9926735e-03
   4.7284754e-03   1.1408801e-01   5.7154196e-01  -2.5007662e-03   1.2384897e-03  -2.7363288e-03
  -1.0977535e-02   1.6381070e-01   6.6375268e-01  -2.8250248e-03   1.4593829e-03  -2.5747863e-03
   2.1061576e-03   2.8467751e-02   7.3766070e-01  -2.5064243e-03   9.7328233e-04  -2.5278640e-03
  -3.7137722e-02   1.4710900e-01   6.6908507e-01  -3.6781060e-03   1.7939803e-03  -2.5635654e-03
  -4.7936868e-02   1.2541934e-01   7.4853850e-01  -3.8206137e-03   1.8359535e-03  -2.4797684e-03
  -7.4091181e-02   1.9046632e-01   7.6271008e-01  -6.6202709e-03   1.9801843e-03  -2.0879513e-03
  -8.6102918e-02   2.5148897e-01   8.7685593e-01  -1.0060726e-02   2.6483945e-03  -2.1643786e-03
  -7.5267561e-02   1.7933620e-01   8.6753760e-01  -8.9349409e-03   2.5407805e-03  -1.7582447e-03
  -9.6392097e-02   3.3718099e-01   8.8002141e-01  -1.1946219e-02   2.8804167e-03  -2.0706799e-03
  -9.3061697e-02   2.1244308e-01   1.0106543e+00  -1.0253440e-02   3.5087798e-03  -2.9090369e-03
  -7.8995125e-02   2.5035928e-01   9.6326833e-01  -9.9736138e-03   3.6403128e-03  -3.4330969e-03
  -6.3125120e-02   1.7147440e-01   9.8323666e-01  -8.7719666e-03   3.4029873e-03  -3.4424809e-03
  -6.6993900e-02   1.0448551e-01   9.9859522e-01  -7.6608151e-03   3.1902835e-03  -3.3549602e-03
  -6.9580651e-02   2.0414613e-01   9.8869440e-01  -8.2525573e-03   3.3741258e-03  -3.3779426e-03
  -6.3747293e-02   1.1867831e-01   1.0710413e+00  -7.9786575e-03   3.5188676e-03  -3.6037546e-03
  -6.6437236e-02   3.7983593e-02   1.0553190e+00  -7.1264778e-03   3.4166811e-03  -3.3914148e-03
  -6.7259830e-02   1.6152438e-01   9.6847796e-01  -7.7263506e-03   3.4658322e-03  -3.5733964e-03
  -4.7750425e-02   1.2132218e-01   8.8258681e-01  -8.0991483e-03   3.2225419e-03  -3.0788188e-03
  -4.1223613e-03   7.5156254e-02   7.6517016e-01  -7.3894881e-03   2.1914566e-03  -2.7009944e-03
  -3.8736368e-02   2.3715985e-01   8.2210652e-01  -8.6762994e-03   2.6486051e-03  -2.5051582e-03
  -2.2513652e-02   1.5714286e-01   9.3542032e-01  -7.4377517e-03   2.4192917e-03  -2.6651589e-03
  -4.1563802e-02   1.3749327e-01   9.0838740e-01  -7.5182406e-03   2.7761677e-03  -2.4727621e-03
  -5.2860307e-02   2.7094837e-01   9.0398916e-01  -9.3390617e-03   2.9597579e-03  -2.4763881e-03
  -4.7859692e-02   1.9211596e-01   9.6068511e-01  -9.2311203e-03   2.9832100e-03  -2.2909641e-03
  -3.4442176e-02   2.4747393e-01   9.6234111e-01  -9.3232681e-03   2.9551508e-03  -2.2849410e-03
  -2.1100081e-02   1.2745058e-01   1.0260006e+00  -8.5737173e-03   2.6369346e-03  -2.1678067e-03
  -4.9316646e-02   2.4278904e-01   9.4514694e-01  -1.0119034e-02   2.9266811e-03  -1.8663800e-03
  -6.3723342e-02   3.8428085e-01   1.0282388e+00  -1.6615909e-02   3.1384640e-03  -1.7367455e-03
  -3.8120005e-02   2.4739648e-01   1.1725723e+00  -1.5439258e-02   2.9570730e-03  -2.0134654e-03
  -2.8031417e-02   2.6063003e-01   1.0893648e+00  -1.3800119e-02   2.9171147e-03  -2.0544174e-03
  -4.8462323e-02   3.4019095e-01   1.0583187e+00  -1.3338435e-02   3.2256275e-03  -2.0725500e-03
  -4.9170125e-02   2.3051861e-01   1.1435930e+00  -1.2355101e-02   3.3164106e-03  -2.0558676e-03
  -4.3033485e-02   2.1860164e-01   1.1057881e+00  -1.1472320e-02   2.9496633e-03  -2.0367339e-03
  -5.9493512e-02   2.6378733e-01   1.1173653e+00  -1.1268896e-02   3.5904061e-03  -2.5819556e-03
  -4.1041844e-02   8.1643111e-02   1.2199405e+00  -9.4362292e-03   3.9091047e-03  -3.4658670e-03
  -3.5398864e-02   1.4808150e-01   1.1483105e+00  -9.5814117e-03   3.8464455e-03  -3.5391499e-03
  -2.4604148e-02   1.0983160e-01   1.2045199e+00  -9.7420442e-03   3.6030972e-03  -3.5709063e-03
  -3.5777320e-02   4.7831081e-02   1.2100749e+00  -8.8724314e-03   3.4950331e-03  -3.5172400e-03
  -4.1559873e-02   1.8652860e-01   1.1973250e+00  -9.9247628e-03   3.3916862e-03  -3.7751299e-03
  -5.4571771e-02   1.4157303e-01   1.2850703e+00  -1.0366537e-02   3.5743161e-03  -3.9804381e-03
  -6.4551488e-02   7.3777185e-02   1.2614202e+00  -9.5980012e-03   3.5377958e-03  -3.6553023e-03
  -8.7684425e-02   1.9138753e-01   1.2141476e+00  -1.0850501e-02   3.9530717e-03  -3.9102319e-03
  -6.2119229e-02   5.8380188e-02   1.3323459e+00  -1.0314677e-02   3.6755608e-03  -3.8544479e-03
  -6.8605579e-02   9.8006396e-02   1.2874408e+00  -1.0341303e-02   3.7898633e-03  -3.6643571e-03
  -8.0315295e-02   1.9244455e-01   1.2763491e+00  -1.1005263e-02   4.1072734e-03  -3.9598274e-03
  -7.0920344e-02   8.2874834e-02   1.3464571e+00  -1.0355442e-02   4.1722023e-03  -3.7638677e-03
  -7.0097650e-02   1.4182175e-01   1.2891457e+00  -1.0493860e-02   4.2889466e-03  -3.9487490e-03
  -7.2160188e-02   8.5804186e-02   1.2979248e+00  -9.9176371e-03   4.2010092e-03  -3.8888595e-03
  -6.1373105e-02   3.0314688e-02   1.2931572e+00  -9.5901827e-03   3.8015397e-03  -3.6580512e-03
  -7.7302264e-02   1.5400882e-01   1.2356213e+00  -1.0519393e-02   4.1664774e-03  -3.7765678e-03
  -5.1127527e-02   8.4924753e-02   1.0649484e+00  -1.0295009e-02   3.4458483e-03  -2.4548314e-03
  -5.6328676e-02   9.7991776e-02   1.0520703e+00  -1.0111999e-02   3.4805974e-03  -2.5690170e-03
  -3.5086829e-02   2.7949591e-01   1.2776628e+00  -1.3490209e-02   3.0177486e-03  -2.5804761e-03
   5.2917936e-02   2.1972459e-01   1.3770311e+00  -1.4553685e-02   1.8928826e-03  -2.2929918e-03
  -9.8583087e-03   3.3521684e-01   1.2068513e+00  -1.6397374e-02   2.9355268e-03  -1.9944819e-03
  -1.9575552e-02   3.4250279e-01   1.2749003e+00  -1.8858677e-02   3.0314180e-03  -1.8608767e-03
