   0.0000000e+00   0.0000000e+00   0.0000000e+00   0.0000000e+00   0.0000000e+00   8.6736174e-19
  -2.9304713e-04  -2.0318185e-02   1.5796122e-02   4.3101313e-04  -2.0678169e-04  -2.0844097e-04
   4.6238579e-03  -4.3960757e-02   2.9505042e-02   5.6404876e-04  -2.6437814e-04  -1.7635944e-04
   3.1635270e-02  -7.2737632e-02   3.5713534e-02   8.0245575e-04  -6.9928025e-04   9.3569598e-05
   2.7996224e-03  -1.2695455e-01  -6.7450473e-02   3.0177365e-03  -4.5331968e-03  -3.5836045e-04
   7.3679696e-02  -1.9607636e-01   4.9582132e-02   3.0181431e-03  -1.1773923e-02   5.0892715e-04
   9.5056697e-02  -2.1239356e-01   1.7897827e-01   2.5037694e-03  -1.5610918e-02  -1.2088539e-04
   8.5736598e-02  -2.8086623e-01   2.2469899e-01   4.9757267e-03  -1.6435928e-02  -1.2178825e-03
   9.1785649e-02  -3.3814887e-01   2.0429782e-01   7.2718831e-03  -1.7539201e-02  -7.0293305e-04
   1.0171032e-01  -3.5699544e-01   2.7905000e-01   6.9269660e-03  -1.8082302e-02   3.0222231e-04
   1.3009416e-01  -4.0899494e-01   2.4483916e-01   9.2884412e-03  -1.8817719e-02   1.1611524e-03
  -3.5633941e-03  -4.7558475e-01   4.9741330e-01   4.9425602e-03  -2.0465470e-02   8.4315252e-06
  -1.9380183e-01  -5.2354716e-01   3.9333734e-01   1.0607388e-03  -2.0378834e-02  -8.4486554e-04
   3.3592416e-02  -3.0430853e-01   4.3630206e-01  -3.3699791e-04  -2.1592859e-02   2.8498752e-03
   3.0515524e-02  -1.6625233e-01   3.4472641e-01  -3.3633993e-03  -1.8265731e-02   3.5283963e-03
   3.0008099e-02  -2.2380773e-01   4.6085228e-01  -2.5504524e-03  -1.8441259e-02   3.2869280e-03
   4.5880389e-02  -2.1686934e-01   3.9270113e-01  -2.3856125e-03  -1.7737457e-02   3.3981415e-03
   5.9428710e-02  -1.8683564e-01   3.8670529e-01  -3.1059298e-03  -1.7926182e-02   4.0520749e-03
   5.3881633e-02  -1.9530846e-01   4.1635404e-01  -3.7132484e-03  -1.7459022e-02   4.0842159e-03
   6.6523257e-02  -2.0894795e-01   4.5953916e-01  -3.7304684e-03  -1.7868467e-02   4.4084353e-03
   6.1719227e-02  -2.4686697e-01   4.7923196e-01  -3.1521815e-03  -1.7585907e-02   4.7732597e-03
   3.8287626e-02  -2.3786967e-01   5.3214265e-01  -3.1327166e-03  -1.6318508e-02   4.5548110e-03
   6.0851756e-02  -2.5061690e-01   5.0708502e-01  -3.4655513e-03  -1.6595933e-02   4.8553495e-03
   5.9202338e-02  -2.3200803e-01   5.1688194e-01  -3.7334236e-03  -1.6550310e-02   4.9314381e-03
   5.9713279e-02  -2.1804170e-01   5.0927971e-01  -3.5708121e-03  -1.6714440e-02   4.9839140e-03
   4.8037022e-02  -2.4444467e-01   4.9145555e-01  -3.4962495e-03  -1.6539685e-02   4.8089590e-03
   4.1476805e-02  -1.9119711e-01   4.5197057e-01  -4.7969403e-03  -1.6179926e-02   4.9622458e-03
   2.8203404e-02  -1.7550308e-01   4.4014444e-01  -4.5842727e-03  -1.6233592e-02   4.9496551e-03
   6.7977283e-02  -2.8543765e-01   2.3191776e-01  -5.3879690e-04  -2.1523130e-02   6.0180553e-03
   4.9220724e-02  -2.5484229e-01   3.4015128e-01  -2.5903951e-03  -2.1582226e-02   6.7937567e-03
   8.4692150e-03  -3.2634125e-01   4.6692483e-01  -1.0077786e-03  -2.0653543e-02   5.5779347e-03
   1.6332925e-02  -3.7369508e-01   5.2482274e-01  -2.6535137e-04  -2.1035444e-02   5.2957874e-03
   2.7297634e-02  -3.8500305e-01   5.7594424e-01   3.7505577e-05  -2.1349841e-02   5.0871250e-03
   1.6900153e-02  -4.6649363e-01   5.8675781e-01   2.5661490e-03  -2.2350375e-02   5.3755584e-03
   1.6975359e-02  -4.9253218e-01   5.6193638e-01   3.6005565e-03  -2.2778887e-02   5.5508929e-03
  -9.8971732e-03  -4.1145308e-01   6.1593310e-01  -1.0841165e-03  -2.1528916e-02   5.0663721e-03
  -4.4672068e-03  -3.1537667e-01   5.6828917e-01  -3.1134475e-03  -1.9544368e-02   5.7417075e-03
   1.2317728e-02  -3.3981705e-01   5.9730847e-01  -3.3297270e-03  -1.8480188e-02   6.4981790e-03
   4.6544626e-02  -2.7720509e-01   5.1665873e-01  -6.3752252e-03  -1.7247271e-02   7.4147774e-03
   8.1256005e-02  -2.1191110e-01   5.3533320e-01  -9.2881149e-03  -1.6964520e-02   8.3982197e-03
   6.2903478e-02  -2.4138432e-01   4.9647641e-01  -8.1084764e-03  -1.6142545e-02   8.0729230e-03
   5.8904163e-02  -3.2264073e-01   5.4185052e-01  -5.6538207e-03  -1.9448366e-02   7.0793730e-03
   2.9551423e-02  -4.7136694e-01   6.2146710e-01  -2.0293346e-03  -2.2112169e-02   6.4445987e-03
  -7.4502432e-03  -4.2586188e-01   6.1598498e-01  -3.5336114e-03  -2.1684883e-02   5.8968324e-03
  -2.4919221e-02  -4.6639560e-01   6.6506954e-01  -2.4091874e-03  -2.2032555e-02   5.4084604e-03
  -1.9411273e-02  -4.8656395e-01   6.7067442e-01  -1.7085994e-03  -2.2944279e-02   4.8541358e-03
  -9.3876860e-03  -5.1178172e-01   6.9476906e-01  -1.4148131e-03  -2.2929070e-02   5.3247726e-03
  -4.6955798e-03  -5.2052977e-01   6.8930021e-01  -8.2381506e-04  -2.3120922e-02   5.5767302e-03
   1.0277878e-02  -5.7354955e-01   6.8479935e-01   6.8553988e-04  -2.4205122e-02   5.4493533e-03
   2.6222831e-02  -6.1115215e-01   7.2674907e-01   1.3873397e-03  -2.5270124e-02   5.8547262e-03
   3.3274297e-02  -6.3532659e-01   7.5356726e-01   1.3119053e-03  -2.6611460e-02   6.5619202e-03
   1.9343792e-02  -6.3386823e-01   6.5256735e-01   1.7606421e-03  -2.7106108e-02   6.9480890e-03
   3.4211267e-02  -6.4009956e-01   6.0893206e-01   3.2184549e-03  -2.8173749e-02   6.9802017e-03
   2.2681767e-02  -6.4558388e-01   5.6644722e-01   3.2458517e-03  -2.8992936e-02   6.5792303e-03
   1.0158175e-01  -6.4554880e-01   5.1438873e-01   4.0193814e-03  -2.9720171e-02   7.0751405e-03
   7.9644744e-02  -6.5920117e-01   4.9903274e-01   4.8890198e-03  -3.0277795e-02   7.0319700e-03
   1.1255935e-01  -6.8157209e-01   4.7016785e-01   5.7250696e-03  -3.1267123e-02   7.4370602e-03
   1.5680244e-01  -7.4080124e-01   4.6589744e-01   7.8847140e-03  -3.2809096e-02   7.8346230e-03
   4.0605127e-02  -6.7868104e-01   4.7344826e-01   1.1201012e-03  -3.0462445e-02   5.8424120e-03
  -1.6047173e-02  -4.3624475e-01   2.8794537e-01  -5.3244265e-03  -2.7171869e-02   6.5416141e-03
   5.4511627e-02  -5.2316618e-01   3.3851471e-01  -2.9630114e-03  -3.0040269e-02   7.5146556e-03
   6.8306551e-02  -4.9481150e-01   3.1998116e-01  -3.5877058e-03  -2.8600120e-02   8.1081078e-03
   1.1382838e-01  -4.9065084e-01   3.2766954e-01  -3.6285337e-03  -2.8308958e-02   8.8672495e-03
   1.0885779e-01  -4.9212595e-01   3.2167856e-01  -3.7130390e-03  -2.8195365e-02   9.1411304e-03
   8.6801650e-02  -5.0424608e-01   3.3972011e-01  -3.5866017e-03  -2.8812925e-02   8.7459380e-03
   5.9753786e-02  -4.9964216e-01   3.6272426e-01  -5.2874518e-03  -2.7653059e-02   8.3442203e-03
  -6.8268530e-03  -3.3385651e-01   3.1301497e-01  -1.2489174e-02  -2.2544859e-02   8.4216372e-03
   2.0242978e-02  -4.1516120e-01   3.4144214e-01  -9.3812728e-03  -2.3756085e-02   8.9261964e-03
   2.4201341e-02  -4.5437295e-01   3.1637036e-01  -8.0983030e-03  -2.5847599e-02   8.8573843e-03
   7.9201713e-03  -4.7519823e-01   3.5469580e-01  -8.0689313e-03  -2.6893125e-02   8.8778622e-03
   5.7467768e-03  -4.9866686e-01   3.5048709e-01  -7.5606973e-03  -2.6214669e-02   9.3149485e-03
   3.1017577e-03  -4.7787209e-01   3.5326584e-01  -7.9510936e-03  -2.6133191e-02   9.4167018e-03
  -1.6128862e-02  -4.9211341e-01   3.7413972e-01  -7.7792006e-03  -2.6394870e-02   9.0777371e-03
  -9.4363005e-03  -6.8892639e-01   5.5516876e-01  -5.8488474e-03  -3.1474660e-02   8.5389307e-03
  -2.0135965e-02  -7.6714771e-01   5.3276845e-01  -6.2028409e-03  -3.5452499e-02   7.6388532e-03
  -6.0749404e-02  -7.6681908e-01   4.5487528e-01  -6.1409942e-03  -3.6949773e-02   7.8577863e-03
  -1.3427655e-01  -7.4315450e-01   4.3838272e-01  -6.9097531e-03  -3.5543960e-02   7.3175724e-03
  -1.3177667e-01  -7.7613867e-01   4.2091348e-01  -5.3639570e-03  -3.6680427e-02   7.7938668e-03
  -8.1734517e-02  -8.3099606e-01   4.5019082e-01  -3.3477470e-03  -3.8274870e-02   9.0041806e-03
  -8.7013407e-02  -8.6831387e-01   4.5721697e-01  -2.8353190e-03  -3.8760691e-02   9.0636271e-03
  -1.1044992e-01  -8.8038027e-01   4.4741337e-01  -2.1083001e-03  -3.8980723e-02   8.7271059e-03
  -1.3334045e-01  -7.6111554e-01   4.4914426e-01  -8.4052702e-03  -3.3397517e-02   7.3077921e-03
  -1.3244685e-01  -4.7791135e-01   3.4317594e-01  -1.7059543e-02  -2.2844930e-02   6.5558817e-03
  -1.2245628e-01  -4.7659936e-01   4.5671253e-01  -1.8703933e-02  -1.8070575e-02   7.4135745e-03
  -5.1797736e-02  -5.1337011e-01   4.9847218e-01  -1.4821499e-02  -1.9984758e-02   8.6242712e-03
   6.7260949e-03  -4.6326762e-01   3.1098468e-01  -1.6798256e-02  -2.0407377e-02   8.8315500e-03
  -4.8928420e-03  -4.0375959e-01   3.6065719e-01  -1.7605726e-02  -1.8555243e-02   1.0217885e-02
   2.0851427e-02  -4.0225564e-01   3.3476193e-01  -1.6334865e-02  -1.8529173e-02   1.0818553e-02
   6.2105842e-02  -4.4033388e-01   3.7472349e-01  -1.5675823e-02  -1.9286169e-02   1.1326007e-02
   6.7014091e-02  -4.3219744e-01   3.8561300e-01  -1.5654059e-02  -1.9528345e-02   1.1742764e-02
   4.4257102e-02  -4.1507144e-01   3.8847494e-01  -1.5691621e-02  -1.9101701e-02   1.1985369e-02
   7.6621068e-02  -4.3248144e-01   3.9593601e-01  -1.5092200e-02  -1.9722858e-02   1.2365035e-02
   7.2148953e-02  -4.4924918e-01   4.1587056e-01  -1.4716241e-02  -1.9795096e-02   1.2489953e-02
   5.0153204e-02  -4.3251589e-01   4.0753512e-01  -1.5470204e-02  -1.8431046e-02   1.2239782e-02
   9.2335186e-03  -4.1855434e-01   3.9016884e-01  -1.5556766e-02  -1.8726941e-02   1.1855763e-02
   8.7167728e-03  -4.1440086e-01   3.8049350e-01  -1.5429553e-02  -1.9183718e-02   1.2036588e-02
   1.9055742e-02  -4.1486235e-01   3.6120245e-01  -1.5201788e-02  -1.9273537e-02   1.2212512e-02
  -1.7709800e-02  -4.6167454e-01   4.1321928e-01  -1.5093144e-02  -1.9520341e-02   1.2181315e-02
  -6.9556352e-02  -5.8262846e-01   4.6164925e-01  -2.0117513e-02  -2.8174454e-02   1.2218569e-02
  -6.4078676e-02  -6.9097261e-01   5.8270959e-01  -1.7128144e-02  -2.8642556e-02   1.3197302e-02
  -8.8397625e-02  -7.5626327e-01   5.6585614e-01  -1.4614624e-02  -2.8660084e-02   1.2836688e-02
  -7.3139089e-02  -7.5692613e-01   5.5225012e-01  -1.3816469e-02  -2.8022617e-02   1.2851100e-02
  -4.7866420e-02  -7.8041615e-01   5.5761408e-01  -1.2784685e-02  -2.8895527e-02   1.3567281e-02
  -9.1612791e-02  -8.6016091e-01   5.8917890e-01  -1.0631892e-02  -3.1010211e-02   1.2688029e-02
  -1.0141907e-01  -9.2510540e-01   6.0883496e-01  -8.9574344e-03  -3.3297891e-02   1.2027442e-02
  -1.2900840e-01  -9.3669618e-01   6.1562082e-01  -8.2208934e-03  -3.3439907e-02   1.1849027e-02
  -1.4757403e-01  -9.4431678e-01   5.9997993e-01  -7.5120585e-03  -3.4039366e-02   1.2152962e-02
  -1.1413150e-01  -9.7304625e-01   6.4412806e-01  -6.8719389e-03  -3.4746485e-02   1.2485324e-02
  -1.4814638e-01  -9.8813505e-01   6.0074668e-01  -5.7671070e-03  -3.4579544e-02   1.1532500e-02
  -1.4110684e-01  -9.9312168e-01   6.1487654e-01  -5.6675349e-03  -3.4550562e-02   1.1761374e-02
  -1.3365471e-01  -1.0404565e+00   6.3438040e-01  -4.1713938e-03  -3.5604945e-02   1.1452491e-02
  -1.3463818e-01  -1.1147908e+00   7.7910124e-01  -2.6562457e-03  -3.5548830e-02   1.0952524e-02
  -1.1534455e-01  -1.1219971e+00   7.5028137e-01  -2.2295702e-03  -3.5820588e-02   1.1510190e-02
  -1.3257772e-01  -1.0541545e+00   6.7856834e-01  -4.8208254e-03  -3.5556971e-02   1.1611421e-02
  -9.4427690e-02  -8.8446822e-01   6.4288026e-01  -8.4481257e-03  -3.2562150e-02   1.2962537e-02
  -2.2793838e-01  -7.2883487e-01   4.8499825e-01  -1.1806571e-02  -2.3156058e-02   9.5729361e-03
  -1.8985923e-01  -6.9256594e-01   3.5292512e-01  -1.3382225e-02  -2.4100949e-02   7.6020415e-03
  -2.1028663e-01  -6.0861349e-01   2.0324881e-01  -1.2705767e-02  -1.9441206e-02   9.1524091e-03
  -2.0118492e-01  -5.6363858e-01   8.1438203e-02  -1.6450768e-02  -1.9245385e-02   7.2719782e-03
  -2.4507104e-01  -5.3914066e-01  -2.8513020e-03  -1.5880656e-02  -1.5029856e-02   7.1835676e-03
