   0.0000000e+00   0.0000000e+00   0.0000000e+00  -8.6736174e-19  -3.7615819e-37   4.3368087e-19
  -1.6586673e-02  -1.4513841e-02  -3.1127008e-02   2.3898439e-04   2.2243431e-05  -2.8377717e-04
  -4.8450592e-03  -1.1203457e-02   2.8849901e-02  -1.4891653e-04  -4.5950532e-04  -1.6008389e-04
  -3.6464046e-03   4.3635547e-03  -2.1395869e-02  -2.4900725e-05  -7.9260357e-04  -2.2408473e-04
  -2.0992031e-02  -9.8336820e-03  -1.4365736e-02   7.9240852e-04  -9.3597419e-04  -9.6769602e-04
  -1.3333285e-01  -5.9346656e-02   2.4180203e-01   4.8265984e-04  -4.3653372e-04  -2.7276018e-03
  -5.9084219e-02  -5.8644134e-02   9.7036982e-02   1.0071803e-03  -1.3427272e-04  -1.3614636e-03
  -4.0027171e-02  -7.1208019e-02   1.2392244e-01   1.4318275e-03  -5.4402625e-05  -6.4534140e-04
  -3.1277246e-02  -8.8409006e-02   1.8590196e-01   1.4402298e-03  -6.9100149e-05  -5.0052919e-04
  -3.5049186e-02  -5.8159245e-02   1.7184443e-01   9.3928272e-04   3.3106403e-04  -3.6708048e-04
  -1.9857656e-02  -6.5651348e-02   1.4652027e-01   1.4458207e-03   3.8015753e-04  -1.4343431e-04
  -2.4189797e-02  -8.2479840e-02   2.1989643e-01   1.3422417e-03   4.1432648e-04   8.0994094e-05
  -1.0059582e-02  -1.2121074e-01   2.9051129e-01   8.9279231e-04   5.3115409e-05   3.6643762e-04
   8.4648867e-03  -1.5153151e-01   4.1383268e-01   2.9047105e-04  -4.9912045e-04   3.8709209e-04
   2.5551917e-03  -1.3105822e-01   4.0279067e-01  -2.5384928e-04  -4.5720247e-04   4.0690448e-04
  -2.2710525e-03  -1.3219040e-01   3.7786341e-01  -2.3114837e-04  -3.4241133e-04   3.3318200e-04
   9.7293202e-03  -1.3274110e-01   3.9823499e-01  -3.5500796e-04  -4.9527068e-04   7.0832822e-04
  -9.3181641e-04  -1.1532294e-01   3.4765488e-01  -7.4421581e-04  -5.1020001e-04   6.6638930e-04
   1.3289180e-03  -1.1448256e-01   3.2025453e-01  -5.6518399e-04  -4.4198180e-04   7.2081745e-04
  -1.0618443e-02  -1.2042440e-01   3.1039076e-01  -7.5918405e-05  -3.4945187e-04   2.3678518e-04
  -6.5189120e-02  -1.4640127e-01  -3.7898825e-02   2.4584133e-03   3.2849976e-04  -8.8509202e-04
  -1.1262338e-01  -3.1288286e-01  -2.7433873e-02   8.7040068e-03   2.3131507e-03  -2.5558390e-03
  -1.3998217e-01  -9.0536107e-02  -3.4084007e-01   4.3000755e-03   8.0749959e-04  -2.4566881e-03
  -1.2637611e-01  -9.4281145e-02  -2.1062055e-01   3.7434416e-03  -8.1724942e-05  -2.2600625e-03
  -1.2832541e-01  -1.1118910e-01  -1.8845292e-01   3.1683399e-03  -9.9378049e-05  -2.2929457e-03
  -1.3038818e-01  -1.0447885e-01  -1.6614197e-01   2.8921976e-03  -7.1711459e-04  -2.1297791e-03
  -1.3566042e-01  -1.6233713e-01   3.5077149e-02   2.1682479e-03  -9.6046110e-04  -2.1854519e-03
  -8.8607015e-02  -1.9028113e-01   1.3387076e-01   1.8969290e-03  -1.2636494e-03  -1.5336615e-03
  -6.3496978e-02  -1.8565231e-01   1.1211521e-01   1.5706175e-03  -1.8611924e-03  -1.5558186e-03
  -8.5206974e-02  -2.0218064e-01   1.2547016e-01   1.3037108e-03  -1.5352968e-03  -1.7412675e-03
  -7.6580725e-02  -1.8198847e-01   7.1701507e-02   1.0807548e-03  -1.6954416e-03  -1.7546046e-03
  -8.3924170e-02  -1.7464034e-01   7.6282550e-02   1.4117694e-03  -1.7411570e-03  -2.0446139e-03
  -8.2771609e-02  -1.5015295e-01   1.5641627e-02   1.8394040e-03  -1.6167538e-03  -1.6543802e-03
  -7.7842023e-02  -1.6466150e-01   6.4513286e-02   1.5956679e-03  -1.7634937e-03  -1.6186092e-03
  -7.3051602e-02  -1.6359844e-01   2.3343005e-02   1.6417011e-03  -1.8499578e-03  -1.5266414e-03
  -8.6546786e-02  -1.5795168e-01   4.2436909e-02   1.5129448e-03  -1.6833753e-03  -1.7153673e-03
  -8.3141662e-02  -1.5882691e-01   2.6325313e-02   1.8650327e-03  -1.9040061e-03  -1.5798611e-03
  -8.6295190e-02  -1.6586981e-01   3.0369800e-02   2.3529997e-03  -1.7885248e-03  -2.1019210e-03
  -1.0243176e-01  -1.9279225e-01   5.9441179e-02   3.7965053e-03  -1.1357316e-03  -2.3294197e-03
  -7.6144258e-02  -1.8167640e-01   1.9209506e-01   3.2272532e-03  -1.0235290e-03  -1.6961136e-03
  -6.4554218e-02  -2.0591806e-01   1.7680871e-01   3.3030918e-03  -1.3957950e-03  -1.2448245e-03
  -6.5345696e-02  -2.0065644e-01   1.3802697e-01   3.1504432e-03  -1.3293364e-03  -1.2008706e-03
  -6.0347105e-02  -1.9885805e-01   1.6624951e-01   2.8495904e-03  -1.5191062e-03  -1.0529747e-03
  -5.1744497e-02  -2.1379015e-01   5.4022576e-02   3.4429111e-03  -9.6533688e-04  -9.0261826e-04
  -4.5629713e-02  -2.3362136e-01   1.3915372e-01   2.6275539e-03  -1.4358068e-03  -6.2932245e-04
  -3.7182489e-02  -2.3932602e-01   1.8515740e-01   2.6073167e-03  -1.2851342e-03  -4.3462782e-04
  -2.6487216e-02  -2.5588210e-01   2.5568507e-01   2.2559058e-03  -1.6251700e-03  -4.3025556e-04
  -2.6908773e-02  -2.4568031e-01   1.9766333e-01   1.8174654e-03  -1.2491096e-03  -6.7954742e-05
  -2.5644627e-02  -2.6034188e-01   1.9609195e-01   1.8948044e-03  -1.5510725e-03  -2.9276156e-04
  -3.3163071e-02  -2.3226425e-01   1.9219921e-01   1.7344189e-03  -1.8866081e-03  -5.6569951e-04
  -9.3696537e-02  -2.6686902e-01   1.9308782e-02   2.3810915e-03  -1.5681875e-03  -1.9305159e-03
  -1.1458917e-01  -2.6801705e-01  -2.0645130e-01   5.5598425e-03   5.9326360e-04  -2.4959972e-03
  -1.7462506e-01  -2.9817927e-01  -3.2151514e-01   7.1625446e-03  -4.2967975e-04  -3.3030084e-03
  -1.8321700e-01  -1.9784277e-01  -2.9129031e-01   4.6570404e-03  -1.6299472e-03  -3.4912359e-03
  -1.8727750e-01  -2.5954898e-01  -1.6948783e-01   5.0883681e-03  -2.2378841e-03  -3.5530667e-03
  -1.7961722e-01  -2.6183281e-01  -1.4623342e-01   4.5780896e-03  -2.7677509e-03  -3.2991129e-03
  -1.7857379e-01  -3.0625078e-01  -8.2214491e-02   5.0178882e-03  -3.1801701e-03  -3.3405615e-03
  -1.5814369e-01  -3.1086606e-01  -1.4258624e-01   4.9187145e-03  -3.7389793e-03  -3.1786435e-03
  -1.4767772e-01  -3.0448037e-01  -1.5385283e-01   4.7532277e-03  -3.8621378e-03  -3.2610871e-03
  -1.4396236e-01  -3.2572658e-01  -8.3639616e-02   4.3150675e-03  -3.7391715e-03  -3.2915639e-03
  -1.4758566e-01  -3.2277824e-01  -9.0024650e-02   4.4716200e-03  -2.7997277e-03  -3.3706730e-03
  -1.3762706e-01  -2.9208829e-01  -7.7077325e-02   4.4715011e-03  -2.6550206e-03  -3.1412750e-03
  -1.1914627e-01  -2.7484530e-01  -8.5296469e-02   4.3296479e-03  -3.1099985e-03  -2.7049603e-03
  -1.1918227e-01  -2.7642104e-01  -6.6963461e-02   4.2910138e-03  -3.0997062e-03  -2.5370812e-03
  -1.2462304e-01  -2.8014096e-01  -1.0318974e-01   4.3073096e-03  -2.9843700e-03  -2.3971335e-03
  -1.3506785e-01  -2.9070513e-01  -3.6242502e-02   4.3020424e-03  -2.6833973e-03  -2.6027574e-03
  -1.1889903e-01  -2.9131019e-01  -2.3987882e-02   3.6634842e-03  -2.9774509e-03  -2.3188494e-03
  -1.1971719e-01  -2.9939006e-01  -6.4511884e-02   3.7112938e-03  -2.8690118e-03  -2.2785042e-03
  -1.2416427e-01  -3.1116218e-01   1.1304364e-02   3.4297832e-03  -3.1775239e-03  -2.4454349e-03
  -1.1562852e-01  -3.2565595e-01  -1.7538566e-02   3.8449190e-03  -3.2787455e-03  -2.2747990e-03
  -1.0511118e-01  -3.4554898e-01  -4.7646639e-03   4.0467312e-03  -3.4444417e-03  -2.1358951e-03
  -1.0493496e-01  -3.3248909e-01   4.0140445e-02   3.4990262e-03  -3.3254075e-03  -2.0031045e-03
  -9.9131471e-02  -3.1256906e-01   1.6593012e-02   3.0566156e-03  -3.2349156e-03  -1.8893206e-03
  -1.1235981e-01  -3.0086213e-01  -5.1057317e-03   2.6452962e-03  -2.6706820e-03  -1.9495125e-03
  -1.6107268e-01  -3.2726866e-01  -7.5865322e-02   2.9730770e-03  -2.7481417e-03  -3.2216563e-03
  -1.7411160e-01  -3.3074358e-01  -1.9952262e-01   3.8199115e-03  -3.1836730e-03  -3.6786094e-03
  -1.7778785e-01  -3.0483485e-01  -1.5392978e-01   2.8854647e-03  -3.1725242e-03  -3.5512125e-03
  -1.5414282e-01  -3.3563138e-01  -1.2142427e-01   3.5456109e-03  -3.0662199e-03  -3.4034594e-03
  -1.3663547e-01  -3.6996711e-01  -1.4328353e-02   3.7647796e-03  -3.6788545e-03  -3.3951802e-03
  -1.4473056e-01  -3.5624266e-01  -4.3559269e-02   3.8341872e-03  -3.3391046e-03  -3.1078986e-03
  -1.3235646e-01  -3.6125934e-01  -6.2132784e-02   3.6752309e-03  -3.7033047e-03  -3.1692747e-03
  -1.3117896e-01  -3.7617276e-01  -1.7300089e-02   3.6282032e-03  -3.7960423e-03  -3.2778050e-03
  -1.2784661e-01  -3.8183621e-01  -6.0749926e-02   3.7912649e-03  -3.8892144e-03  -3.1947148e-03
  -1.2673625e-01  -3.7473592e-01  -4.9500572e-02   3.4400924e-03  -3.9596119e-03  -3.2004026e-03
  -1.4028933e-01  -3.7999192e-01  -1.0197071e-01   3.2509836e-03  -3.9457439e-03  -3.3240575e-03
  -1.2882242e-01  -3.9484365e-01  -6.6510539e-02   4.1714740e-03  -3.9892826e-03  -3.5911875e-03
  -1.2238042e-01  -4.0970832e-01  -3.5537625e-02   4.9535926e-03  -3.8793171e-03  -3.2818347e-03
  -1.0800927e-01  -3.8790572e-01   2.6825654e-02   4.3297899e-03  -3.7920294e-03  -2.8005680e-03
  -1.0512769e-01  -4.0763146e-01   3.6759717e-02   4.5060102e-03  -4.0407591e-03  -2.6030117e-03
  -1.1397315e-01  -4.0029533e-01   1.7702652e-02   4.3715529e-03  -3.5429018e-03  -2.4015475e-03
  -1.0250298e-01  -4.0631982e-01   5.1470374e-02   4.3204831e-03  -3.9072858e-03  -2.4022825e-03
  -1.0347160e-01  -3.9588932e-01   7.8572208e-02   4.1919461e-03  -3.7809326e-03  -2.2621380e-03
  -9.2680880e-02  -4.5930348e-01   1.3337455e-01   4.3120308e-03  -4.0928886e-03  -2.3353824e-03
  -9.2740519e-02  -4.7023205e-01   1.0638022e-01   4.1875259e-03  -4.1098749e-03  -2.2754171e-03
  -7.9846703e-02  -4.8465053e-01   1.6217421e-01   4.1242512e-03  -4.4257113e-03  -2.2252828e-03
  -7.8645776e-02  -4.6626758e-01   1.1327937e-01   3.7799417e-03  -4.5461853e-03  -1.9810744e-03
  -8.6042419e-02  -4.6918064e-01   1.0570323e-01   4.2330160e-03  -4.4639953e-03  -2.1046378e-03
  -7.7440366e-02  -4.7379009e-01   1.6707948e-01   4.0872345e-03  -4.6726586e-03  -2.0421638e-03
  -6.5779885e-02  -4.7048721e-01   1.2697113e-01   4.1757573e-03  -4.6410073e-03  -1.7017181e-03
  -6.4618823e-02  -4.6492048e-01   1.0384448e-01   3.9740296e-03  -4.5979550e-03  -1.7980280e-03
  -5.7986634e-02  -4.6082817e-01   7.7338009e-02   4.2222866e-03  -4.6242921e-03  -1.7574946e-03
  -5.1091418e-02  -4.6522656e-01   8.1847446e-02   4.2311875e-03  -4.9414438e-03  -1.5781512e-03
  -6.3073499e-02  -4.6957005e-01   5.3474831e-02   4.6917484e-03  -4.7225799e-03  -1.3924902e-03
  -1.2777362e-01  -4.8757358e-01  -1.9844975e-01   5.8255524e-03  -3.7273939e-03  -3.3076868e-03
  -1.6058550e-01  -4.6695625e-01  -2.8807643e-01   6.5465732e-03  -4.0022254e-03  -3.6992892e-03
  -1.6616180e-01  -4.3986703e-01  -2.1852703e-01   5.8984034e-03  -3.9898892e-03  -3.6001723e-03
  -1.4209013e-01  -4.7890094e-01  -1.2783687e-01   6.3745731e-03  -4.1151807e-03  -3.6018405e-03
  -1.2489415e-01  -4.8776287e-01  -6.8539329e-02   5.9646084e-03  -4.5277155e-03  -3.5353356e-03
  -1.1463428e-01  -4.8626849e-01  -1.1172617e-01   6.0031515e-03  -4.7049218e-03  -3.2995000e-03
  -1.2935225e-01  -4.9027473e-01  -1.7150260e-01   7.5556649e-03  -4.0850121e-03  -3.5801397e-03
  -1.6609426e-01  -5.6330873e-01  -1.6313191e-01   9.6280855e-03  -2.7429105e-03  -3.8103372e-03
  -1.0500100e-01  -4.9035209e-01  -1.1669843e-01   6.7948243e-03  -3.2805936e-03  -2.7964158e-03
  -8.9004468e-02  -5.0825561e-01  -9.2733834e-02   6.6877330e-03  -3.4887658e-03  -2.3235453e-03
  -7.5938470e-02  -5.3152507e-01   7.2794828e-03   6.0830046e-03  -4.0479883e-03  -2.3927897e-03
  -7.6499858e-02  -5.3484971e-01   2.0568281e-02   6.0162821e-03  -4.4027958e-03  -2.2837918e-03
  -1.1091732e-01  -5.6827911e-01   7.7213568e-03   6.4422601e-03  -4.0277708e-03  -2.6596880e-03
  -1.7079295e-01  -5.8138921e-01  -1.4700885e-01   5.4502575e-03  -4.3113120e-03  -3.8767421e-03
  -2.0010159e-01  -5.2106761e-01  -2.6865322e-01   5.6390761e-03  -4.6121584e-03  -4.2395640e-03
  -1.5918995e-01  -5.5466795e-01  -1.2366415e-01   6.1128052e-03  -5.3963618e-03  -3.9114199e-03
  -1.4484455e-01  -5.4837929e-01  -8.7501986e-02   6.0751933e-03  -5.6204274e-03  -3.6886838e-03
