   0.0000000e+00   0.0000000e+00   0.0000000e+00   0.0000000e+00   0.0000000e+00   0.0000000e+00
   9.9089209e-03  -2.4338654e-03  -1.7813718e-02   3.3431394e-04   2.3369754e-04   2.1479404e-04
   2.0385541e-02  -1.1205224e-02   3.3210771e-02  -2.7943992e-04  -1.5866306e-04   4.8673848e-05
   4.1058391e-02  -2.4598800e-02   2.1075772e-02   2.0082447e-04  -1.9058667e-04   4.8100630e-04
   4.9494058e-02  -4.3483175e-02  -1.5522469e-03   7.2547351e-04  -1.7190625e-04   6.1595033e-04
   6.2830961e-02  -4.6164620e-02   3.5065661e-02   5.5598720e-04  -3.8275277e-04   5.7443077e-04
   5.7479744e-02  -2.9369619e-02   4.4288750e-02   1.5039932e-04  -3.0291903e-04   5.2655347e-04
   6.4701401e-02  -6.9190520e-02  -3.3586205e-01   4.5615780e-03   5.8049533e-04   1.4638725e-04
   1.0201722e-01  -1.4402829e-01  -3.7131688e-01   7.8966568e-03   2.1296156e-03  -3.6664450e-05
   1.6523341e-01  -1.2903790e-01  -4.3482604e-01   7.6259214e-03   1.5122162e-03   4.4350576e-04
   2.0421848e-01  -1.0351139e-01  -4.5731898e-01   7.2412693e-03   1.4528340e-03   1.0474133e-03
   2.1772708e-01  -1.3192839e-01  -4.4486423e-01   6.8850980e-03   1.5940619e-03   1.2932313e-03
   2.2794843e-01  -1.5536646e-01  -4.4158602e-01   6.2398290e-03   1.4322751e-03   1.6800102e-03
   2.3408311e-01  -1.4306924e-01  -4.5098008e-01   5.9801140e-03   1.4531396e-03   1.7294487e-03
   2.5180449e-01  -1.5467081e-01  -4.9449986e-01   5.7217024e-03   1.2256172e-03   1.8779466e-03
   2.5691975e-01  -1.1945230e-01  -5.4228258e-01   4.8498182e-03   1.6614258e-03   1.6037160e-03
   2.4720837e-01  -1.1963361e-01  -5.6900015e-01   4.8927215e-03   2.6934139e-03   1.5409504e-03
   2.8466284e-01  -1.2614924e-01  -5.9917809e-01   4.7858069e-03   2.2951351e-03   1.6831888e-03
   2.6400126e-01  -1.1770439e-01  -6.9086213e-01   4.6393280e-03   2.6882511e-03   1.1390615e-03
   3.0305766e-01  -1.0130813e-01  -6.8851574e-01   4.0886738e-03   1.9262367e-03   2.5014379e-03
   2.9995382e-01  -9.1555248e-02  -6.3294531e-01   3.8476159e-03   1.7230336e-03   3.0351154e-03
   2.8686492e-01  -7.1699909e-02  -6.7748011e-01   3.3487782e-03   2.1650093e-03   2.9457153e-03
   3.1284637e-01  -4.3217362e-02  -7.3384080e-01   3.2177981e-03   2.3391389e-03   3.1654229e-03
   2.5550572e-01  -4.5404879e-02  -7.7720505e-01   3.8289710e-03   3.5229770e-03   2.5476986e-03
   2.9378637e-01  -2.1144314e-02  -7.6255549e-01   3.3563393e-03   3.3149688e-03   3.4856798e-03
   2.3350750e-01  -1.0520606e-01  -8.1454554e-01   5.8961782e-03   3.5633456e-03   2.1784658e-03
   2.0190949e-01  -1.1644794e-01  -4.1615091e-01   2.6866862e-03   1.9971192e-03   2.3979735e-03
   2.8110677e-01  -6.2338087e-02  -3.7268645e-01   1.0164414e-03   1.6120244e-03   3.5933269e-03
   2.9384774e-01  -7.0176758e-02  -3.2355057e-01   8.5851010e-04   1.9798792e-03   3.9730760e-03
   3.3059836e-01  -8.1281503e-02  -2.8899072e-01   6.5203933e-04   1.4221934e-03   4.1732836e-03
   3.5227661e-01  -6.8528019e-02  -2.3320899e-01   3.2201938e-04   1.3207175e-03   4.6572897e-03
   3.6861672e-01  -6.8011883e-02  -2.2512661e-01   4.9832463e-04   1.0959677e-03   4.8321622e-03
   3.8048678e-01  -6.6110781e-02  -1.9535079e-01  -1.7766315e-04   5.5598579e-04   4.8008995e-03
   3.7428558e-01  -8.1519967e-02  -1.6399569e-01   1.6366837e-04   6.1225737e-04   5.0765520e-03
   3.6839245e-01  -9.4923957e-02  -1.6406767e-01   7.3063577e-05   2.3706406e-04   4.7317791e-03
   3.6682043e-01  -8.9745578e-02  -1.1310741e-01  -5.8428342e-04   5.3158541e-05   4.6601081e-03
   3.7262743e-01  -1.0999337e-01  -1.6464973e-01  -4.3032507e-04  -3.1493171e-04   4.7740374e-03
   3.8548365e-01  -1.5302494e-01  -2.1475539e-01   8.4829864e-05   1.8062896e-04   4.9954234e-03
   3.6444801e-01  -1.8753672e-01  -2.2723942e-01   8.8936971e-04   4.6022236e-04   4.5421726e-03
   3.4494718e-01  -1.6439424e-01  -2.1475781e-01   7.5677472e-04   1.1881456e-03   4.5196275e-03
   3.6272745e-01  -1.7346435e-01  -2.3343109e-01   6.7177579e-04   1.3294123e-03   5.2569326e-03
   3.3390087e-01  -2.0506136e-01  -2.2394080e-01   1.2122777e-03   1.4671386e-03   4.6919599e-03
   3.6750695e-01  -1.9306811e-01  -2.4404527e-01   5.7685660e-04   1.1368338e-03   5.3812203e-03
   3.6888075e-01  -1.9849207e-01  -2.3145220e-01   3.9795848e-04   1.2463934e-03   5.5279062e-03
   3.8270243e-01  -1.9100974e-01  -2.0495837e-01   1.3011649e-04   7.1928649e-04   5.4399433e-03
   3.8505913e-01  -1.9080540e-01  -2.6818103e-01   4.5444079e-04   7.2291069e-04   5.5366200e-03
   3.1742124e-01  -2.1559213e-01  -2.0835943e-01  -3.7902216e-05   8.0624256e-04   4.7493133e-03
   2.5147073e-01  -1.5077697e-01   5.5086413e-02  -4.0391859e-03   4.7105440e-04   4.2503322e-03
   2.1650568e-01  -1.7762564e-01   1.5222846e-01  -4.3102135e-03   1.1428012e-03   3.7991657e-03
   2.4769796e-01  -1.7426826e-01   1.7177986e-01  -4.2443887e-03   1.5705146e-03   4.3918071e-03
   3.0608645e-01  -2.0857364e-01   2.5709895e-01  -5.0345686e-03   1.1160105e-03   5.0209867e-03
   3.2290493e-01  -2.1310568e-01   1.1595857e-01  -3.6892197e-03   1.4844387e-03   5.6434218e-03
   4.0343390e-01  -1.9759955e-01   6.4324157e-03  -3.0240197e-03   1.0285782e-03   7.1665285e-03
   3.9307961e-01  -1.9129694e-01  -8.7569609e-02  -3.0511922e-03   1.3160243e-03   7.2781153e-03
   4.3957748e-01  -2.1786652e-01  -1.7324413e-01  -2.0977475e-03   3.1294520e-04   8.0051880e-03
   4.1350047e-01  -2.3737549e-01  -1.2961113e-01  -2.1117386e-03   1.2045637e-03   7.7031219e-03
   3.7370927e-01  -2.6179729e-01  -1.1622679e-01  -1.8261954e-03   1.9091309e-03   7.0821375e-03
   4.6792976e-01  -2.5843002e-01  -1.2812709e-01  -2.1775344e-03   2.6692474e-04   8.4379819e-03
   4.1332468e-01  -2.2648914e-01  -1.2137050e-01  -2.3447514e-03   1.5436718e-03   7.4890472e-03
   3.4681960e-01  -2.2645186e-01  -9.9694465e-02  -2.5112713e-03   2.7273481e-03   6.2335505e-03
   3.5797666e-01  -2.2032399e-01   5.5278013e-02  -3.7496267e-03   2.2256620e-03   6.6222327e-03
   3.8823601e-01  -2.1073732e-01   1.0110142e-02  -3.9349947e-03   2.5823143e-03   7.3964637e-03
   3.8205975e-01  -2.5895401e-01   2.8471667e-02  -4.5715375e-03   1.9482886e-03   7.1520675e-03
   4.0686704e-01  -2.2974877e-01   9.5035076e-03  -3.7077023e-03   1.9150972e-03   7.2675750e-03
   4.1517990e-01  -2.2702393e-01   2.7776964e-02  -3.8727601e-03   2.0712954e-03   7.7497911e-03
   4.1191142e-01  -2.3065249e-01   3.0503287e-02  -4.6942928e-03   1.8885489e-03   7.7032687e-03
   4.0562306e-01  -2.2996931e-01   6.0813841e-02  -4.7155321e-03   1.7058731e-03   7.5566700e-03
   3.9798482e-01  -2.1217460e-01   1.1440018e-02  -4.4106060e-03   1.7287527e-03   7.3501118e-03
   3.7515251e-01  -2.1767980e-01   4.9064163e-02  -4.9412155e-03   1.3283994e-03   6.7238303e-03
   3.7756561e-01  -2.3819328e-01   4.1632088e-02  -4.3543875e-03   1.7287932e-03   6.8272879e-03
   3.8755250e-01  -2.4081223e-01   2.3566360e-02  -4.4018895e-03   1.4728151e-03   6.7545534e-03
   4.0709246e-01  -2.2316092e-01   6.8446585e-02  -5.0290551e-03   1.4251686e-03   6.9800715e-03
   4.0871227e-01  -2.3259259e-01   7.3296599e-02  -4.5481049e-03   1.5574070e-03   7.2162162e-03
   3.7433569e-01  -2.9909860e-01   1.3668723e-01  -4.5451612e-03   1.5686803e-03   6.2721979e-03
   2.9624001e-01  -3.9981425e-01   1.4366842e-01  -2.4451748e-04   1.7197134e-03   4.3598597e-03
   3.9886237e-01  -3.6377448e-01  -2.7736663e-01   1.1482466e-03   1.3955380e-03   6.4895007e-03
   4.3175067e-01  -3.3815123e-01  -3.1414501e-01   1.7244295e-03   1.6042244e-03   7.1160690e-03
   4.1550946e-01  -3.3199430e-01  -3.9406584e-01   2.4474611e-03   2.5895722e-03   7.4051154e-03
   4.8979084e-01  -3.4613273e-01  -2.8492750e-01   1.9358733e-03   1.2977958e-03   8.4092692e-03
   4.3241978e-01  -4.1019809e-01  -2.8943728e-01   2.6048921e-03   1.9978864e-03   7.7159078e-03
   4.7970963e-01  -4.2979438e-01  -2.8695166e-01   2.0594185e-03   1.1694574e-03   8.0549635e-03
   5.2912297e-01  -4.3535367e-01  -3.1417497e-01   2.1464429e-03   1.2990246e-04   8.6014096e-03
   5.1531932e-01  -4.1281547e-01  -3.5009634e-01   2.1286147e-03   2.1629244e-04   8.3291257e-03
   5.5930678e-01  -4.0682716e-01  -4.1631512e-01   2.5611007e-03  -5.3911056e-05   9.1325511e-03
   5.4774621e-01  -4.3903750e-01  -4.2917665e-01   2.8542021e-03  -1.0868261e-04   9.2436345e-03
   5.3695634e-01  -4.1971071e-01  -4.2519333e-01   2.8765857e-03  -1.0608602e-04   8.7615878e-03
   5.4065355e-01  -4.0095847e-01  -4.6691176e-01   2.6609234e-03  -3.6642413e-04   8.9179366e-03
   4.9715438e-01  -4.1304603e-01  -4.3112944e-01   2.8955108e-03   2.8292252e-04   8.2713869e-03
   5.6659872e-01  -3.7676526e-01  -5.3690228e-01   2.6774797e-03  -1.7853785e-04   9.2573690e-03
   5.8513922e-01  -3.9605772e-01  -5.6111599e-01   3.1277978e-03  -8.0972948e-04   9.8380588e-03
   5.3710113e-01  -3.8308166e-01  -5.5477565e-01   3.1402274e-03  -1.3111279e-04   8.9937450e-03
   4.1114683e-01  -3.6923182e-01  -9.1484655e-01   8.6483761e-03   1.4360896e-03   6.1409149e-03
   2.9220882e-01  -3.9715231e-01  -1.0946472e+00   9.6495024e-03   2.6597628e-03   4.2003053e-03
   2.4162595e-01  -4.2632761e-01  -8.4074149e-01   8.5233238e-03   2.4867240e-03   3.5865144e-03
   3.0922103e-01  -4.0692254e-01  -7.0285644e-01   7.7560803e-03   1.4764282e-03   4.1874434e-03
   3.4220460e-01  -4.3499630e-01  -6.2959643e-01   6.9409701e-03   4.3061737e-04   4.7106024e-03
   3.7809596e-01  -4.4104193e-01  -5.3566749e-01   6.1110992e-03  -8.7852101e-05   5.0542674e-03
   4.0128406e-01  -4.2931096e-01  -5.1683692e-01   6.0519913e-03  -2.6971689e-04   5.6070248e-03
   4.0474065e-01  -4.2865448e-01  -5.4110571e-01   6.0767204e-03  -6.7094112e-04   5.8540919e-03
   3.9203083e-01  -4.5506136e-01  -4.7482694e-01   5.8394937e-03  -7.5544791e-04   5.5468653e-03
   3.9943841e-01  -4.1227861e-01  -5.6058534e-01   6.7490878e-03  -3.3688493e-04   5.1899498e-03
   3.4161162e-01  -4.8624696e-01  -9.2524144e-01   8.9643042e-03   1.2154621e-03   4.4999739e-03
   3.7238668e-01  -4.3190785e-01  -5.7742058e-01   4.4985367e-03  -1.9814035e-04   5.5919750e-03
   3.8934084e-01  -4.4512765e-01  -5.7117408e-01   4.5532564e-03  -2.5451172e-04   5.6326418e-03
   3.9802037e-01  -4.5666524e-01  -5.1300524e-01   4.6010053e-03  -4.2228968e-04   5.8135673e-03
   4.1541937e-01  -4.5190921e-01  -5.0863018e-01   4.6959476e-03  -6.1179101e-04   6.1253144e-03
   4.2811481e-01  -4.4006231e-01  -5.3270539e-01   4.6739189e-03  -8.0535437e-04   6.3167760e-03
   3.6649744e-01  -4.3882335e-01  -5.1593435e-01   4.4332475e-03  -9.5973209e-04   5.4536910e-03
   3.8354693e-01  -4.9582860e-01  -5.4070593e-01   5.2017427e-03  -9.9681153e-04   5.8928659e-03
   4.3995917e-01  -4.9410766e-01  -6.1607960e-01   5.0575490e-03  -1.1653366e-03   6.9001212e-03
   4.7530472e-01  -4.8101912e-01  -6.4744631e-01   5.3900455e-03  -1.5827585e-03   7.6443638e-03
   3.9285069e-01  -5.1378627e-01  -7.5680922e-01   7.1841112e-03   2.8072870e-04   6.4440982e-03
   4.9939511e-01  -5.1242586e-01  -7.0455387e-01   6.6447237e-03  -1.4175103e-03   7.4821727e-03
   4.8985390e-01  -5.1714759e-01  -6.8173235e-01   6.6674675e-03  -1.4883243e-03   7.6138202e-03
   4.8392444e-01  -5.0213911e-01  -7.1264551e-01   6.2186600e-03  -1.6159619e-03   7.4389655e-03
   4.9001499e-01  -5.3423597e-01  -6.8889219e-01   6.7259977e-03  -1.8574075e-03   7.5495181e-03
   5.0661496e-01  -5.4367758e-01  -6.6443838e-01   6.5577700e-03  -2.0842314e-03   7.9089679e-03
   5.2273030e-01  -5.5134427e-01  -7.0696532e-01   6.9144591e-03  -1.9772043e-03   8.2201602e-03
   5.1013079e-01  -5.6074837e-01  -6.7834527e-01   6.4370280e-03  -2.3788008e-03   7.3509739e-03
   4.9875660e-01  -5.2782034e-01  -6.9671692e-01   6.3545246e-03  -2.1244791e-03   7.3486943e-03
