   0.0000000e+00   0.0000000e+00   0.0000000e+00  -8.6736174e-19  -4.7019774e-38   5.4210109e-20
   6.2255197e-03   7.1212045e-02  -6.8454458e-02  -3.3681665e-04  -7.3890846e-05  -2.0666290e-04
  -2.4615143e-03   5.4431678e-02  -2.8121548e-02  -6.6811798e-04   1.3846681e-04  -1.5955079e-04
  -6.9725680e-03   5.7536827e-02  -5.0257292e-03  -1.1414565e-03   4.0124961e-05  -1.4745636e-04
  -1.4751383e-02   1.3604186e-01  -4.5598646e-02  -1.6502058e-03   1.1944314e-04  -3.1571845e-04
   3.5567896e-03   5.7703474e-02   2.2187796e-02  -1.8967922e-03  -5.4552096e-05  -2.6292290e-04
   4.0959224e-03   1.7453580e-01  -4.5451822e-02  -2.7319627e-03  -1.2205589e-04  -2.6051104e-04
   2.6749676e-02   2.6463159e-03  -4.7412660e-03  -4.2766912e-04  -9.8276339e-04   1.4842274e-05
   1.3416438e-02   7.7659747e-02  -9.1002472e-02  -9.2372775e-04  -8.4286162e-04  -7.2277521e-05
   1.1180030e-02  -1.0610910e-02  -4.9441202e-02  -2.5021317e-04  -7.9942181e-04  -3.8185910e-04
   2.3443352e-02  -1.3378989e-03  -6.8474601e-02  -9.3729042e-04  -8.4306450e-04  -4.2943366e-04
  -5.8983127e-03   7.2976007e-02  -1.3079461e-01  -1.2974368e-03  -4.8819710e-04  -6.9570289e-04
   1.2162242e-02  -7.1601567e-02  -1.5968825e-02  -5.4863714e-04  -4.7439544e-04  -6.7353986e-04
  -1.8235402e-02   4.6846968e-02  -1.2288022e-01  -1.2843740e-03  -1.1842490e-04  -1.0397209e-03
   3.2275946e-02  -4.7977303e-02  -3.8131405e-02  -7.1922150e-04  -5.8557185e-04  -6.6741398e-04
   4.9175710e-03   5.6040013e-02  -1.3999324e-01  -1.1828452e-03  -4.9516155e-04  -1.1705058e-03
   2.0453189e-02  -8.8538537e-02  -2.6131480e-02  -4.3540054e-04  -4.4131772e-04  -1.0834951e-03
  -1.5238367e-02   1.0955592e-02  -1.1656465e-01  -8.6421886e-04  -1.5132458e-04  -1.5120917e-03
   1.3259184e-02  -6.6276234e-02  -6.1093856e-02  -6.4420978e-04  -2.1792108e-04  -1.0817846e-03
   3.9879951e-03   3.2407440e-02  -1.2639317e-01  -8.1318830e-04  -1.9489037e-04  -8.3763410e-04
   2.0544250e-02  -3.9944651e-02  -5.2696007e-02  -6.3192835e-04  -3.2796879e-04  -6.1401624e-04
   8.3430177e-03  -1.2257745e-03  -1.1121880e-01  -4.9037446e-04  -2.8274571e-04  -6.8270984e-04
   2.4639128e-02  -6.5496515e-02  -4.9245006e-02  -6.7252188e-04  -3.7222222e-04  -4.4456908e-04
   8.1405586e-03   6.8434679e-03  -1.1346134e-01  -8.7941259e-04  -2.1912611e-04  -4.2508470e-04
   1.8272464e-02  -6.1431538e-02  -2.2839673e-02  -9.1808640e-04   1.0109879e-05  -1.6021678e-04
   6.3682637e-03   7.8434182e-02  -1.1308158e-01  -1.8184739e-03   2.7748033e-04   1.4560041e-05
  -5.9328129e-04   7.1076233e-02  -4.3563474e-02  -2.5964574e-03   4.4435489e-04   1.1402976e-06
   2.2071197e-02   1.3872603e-01  -6.4510028e-02  -3.0308250e-03   4.2082411e-04   4.4301667e-04
   2.5364303e-02   1.6881088e-01  -6.1750867e-02  -3.6732407e-03   3.8314035e-04   6.2696666e-04
   3.5936803e-02   8.6263449e-02   4.8792734e-03  -3.7966698e-03   4.5179171e-04   6.7323618e-04
   3.2491457e-02   2.9195491e-01  -8.3760451e-02  -5.1553369e-03   6.2306001e-04   8.4932306e-04
   4.2725696e-02   2.9455532e-01  -8.7839461e-02  -5.3274795e-03   4.9227631e-04   8.7034552e-04
   6.2442702e-02   1.5538391e-01   3.4075437e-02  -5.2700296e-03   1.2753104e-04   8.8101231e-04
   6.8036416e-02   2.3876704e-01  -6.8148908e-02  -5.4849622e-03   9.0966759e-05   8.9036978e-04
   1.0117720e-01   2.2595722e-01  -9.1132239e-02  -4.8594078e-03  -5.9549966e-04   1.1608326e-03
   6.4837642e-02   1.3994631e-01  -4.5297389e-02  -4.4444433e-03  -5.8527830e-04   6.5113697e-04
   9.5688048e-02   1.8120282e-01  -8.2745410e-02  -4.4576511e-03  -9.0410197e-04   7.8339978e-04
   1.1552646e-01   8.7881057e-02  -9.0742109e-02  -3.4485940e-03  -1.0843311e-03   7.9119081e-04
   7.9217435e-02   1.8783971e-01  -1.4275378e-01  -4.1009679e-03  -6.8898999e-04   6.9645026e-04
   1.1301177e-01   1.1094554e-01  -9.4772422e-02  -3.8865672e-03  -5.2841884e-04   1.3474066e-03
   1.2278316e-01   1.5779155e-01  -1.5940953e-01  -4.0107619e-03  -4.9801411e-04   1.8984600e-03
   1.4749657e-01   1.1882179e-01  -1.5609307e-01  -3.9419245e-03  -1.7490262e-04   2.4629050e-03
   1.5053241e-01   1.1564399e-01  -1.1102298e-01  -4.1856851e-03  -3.7342746e-04   2.6992449e-03
   1.4472071e-01   1.6142601e-01  -1.8315459e-01  -3.9365973e-03  -5.6168521e-04   2.5721261e-03
   1.6220097e-01   1.7020416e-01  -1.4662129e-01  -4.1539974e-03  -7.9029622e-04   2.8489901e-03
   1.4985347e-01   1.7153879e-01  -7.8959350e-02  -4.8655075e-03  -4.5317250e-04   2.6753895e-03
   1.4443990e-01   2.4974886e-01  -1.5081150e-01  -5.0424453e-03  -7.5545855e-04   2.5718733e-03
   1.4998885e-01   1.8157153e-01  -7.6632586e-02  -5.4590251e-03  -5.2413933e-04   2.5040505e-03
   1.5355915e-01   2.7170642e-01  -1.2032514e-01  -5.7271567e-03  -7.1493112e-04   2.4793612e-03
   1.6302008e-01   1.4349300e-01  -2.3334973e-02  -5.5536904e-03  -9.4079074e-04   2.3581816e-03
   1.5524919e-01   2.4713611e-01  -8.8080048e-02  -6.0544181e-03  -8.8796056e-04   2.4688638e-03
   1.8005219e-01   1.0815704e-01  -8.9915492e-02  -4.3515065e-03  -9.6465231e-04   2.7382618e-03
   1.8809420e-01   1.4440970e-01  -1.4196836e-01  -4.5390193e-03  -1.1392910e-03   2.8564267e-03
   2.0386654e-01   1.7295552e-01  -1.8483344e-01  -4.5080357e-03  -1.0863515e-03   3.8048804e-03
   2.4648536e-01   9.1564682e-02  -1.2155726e-01  -4.0112200e-03  -1.4600768e-03   4.1748652e-03
   2.5401860e-01   1.5320602e-01  -1.6335876e-01  -4.3681879e-03  -1.6698855e-03   4.6024569e-03
   2.9105436e-01   1.4052039e-01  -1.5722228e-01  -4.4709270e-03  -1.9904760e-03   4.8818697e-03
   2.9471731e-01   1.3444389e-01  -1.2524521e-01  -4.4722549e-03  -2.2371205e-03   4.8495561e-03
   2.5552382e-01   2.0975861e-01  -1.6691430e-01  -5.0307039e-03  -1.6813205e-03   4.3406925e-03
   2.3063914e-01   1.7590586e-01  -1.4114178e-01  -4.4555777e-03  -1.5571196e-03   3.9696244e-03
   2.3174421e-01   2.7013236e-01  -1.5338964e-01  -5.2645009e-03  -1.3606401e-03   4.3081155e-03
   2.2611163e-01   2.7085278e-01  -1.0524353e-01  -5.5478964e-03  -1.4650993e-03   4.1545799e-03
   2.5237710e-01   1.4237369e-01  -6.3711054e-02  -5.3876134e-03  -1.6714536e-03   3.9413554e-03
   2.3741294e-01   2.7804131e-01  -1.2424111e-01  -5.8825035e-03  -1.3299309e-03   4.0866716e-03
   2.4755202e-01   2.0068651e-01  -4.3366124e-02  -5.8615599e-03  -1.4596696e-03   4.3527166e-03
   2.4813700e-01   2.5562357e-01  -1.4188931e-01  -5.3664431e-03  -1.6252372e-03   4.1808399e-03
   2.2956527e-01   2.0362485e-01  -1.0011497e-01  -5.3440393e-03  -1.6373421e-03   4.0388042e-03
   2.2465104e-01   2.3714010e-01  -1.5022194e-01  -5.5477721e-03  -1.5166397e-03   3.8850083e-03
   2.2578357e-01   2.3359057e-01  -1.1238971e-01  -5.6686155e-03  -1.6339937e-03   3.8030889e-03
   2.3232821e-01   2.2243352e-01  -1.0623765e-01  -5.8476607e-03  -1.7118368e-03   3.6312450e-03
   2.4274002e-01   2.6869898e-01  -1.1510293e-01  -6.0644209e-03  -1.9186462e-03   3.6328014e-03
   2.4448069e-01   2.4965141e-01  -1.3312839e-01  -6.0696202e-03  -1.9482420e-03   3.3670277e-03
   2.3706933e-01   2.9297181e-01  -1.6002330e-01  -6.1659133e-03  -1.6832915e-03   3.4276982e-03
   2.4343231e-01   2.3410231e-01  -1.1289674e-01  -6.2082219e-03  -1.8747281e-03   3.3463140e-03
   2.4613708e-01   2.0995740e-01  -1.7343143e-01  -5.4871659e-03  -2.2765302e-03   3.2274614e-03
   2.6562440e-01   1.4512032e-01  -1.7961362e-01  -4.0468683e-03  -2.8369429e-03   3.4471741e-03
   2.4478019e-01   1.2763824e-01  -2.0974930e-01  -3.7691747e-03  -2.3355696e-03   3.3865529e-03
   2.8777046e-01   5.7077956e-02  -1.9251728e-01  -2.8387096e-03  -2.3913349e-03   4.1190209e-03
   2.9226890e-01   9.2682815e-02  -2.5907165e-01  -2.8608002e-03  -2.3882671e-03   4.7123234e-03
   2.8297123e-01   4.8538599e-02  -2.8665612e-01  -2.0249592e-03  -1.9009080e-03   4.8193314e-03
   2.6668023e-01   3.5419373e-02  -2.5159690e-01  -1.9917103e-03  -1.3542037e-03   4.8081603e-03
   2.9028697e-01   3.3258825e-02  -2.8463848e-01  -1.4476122e-03  -1.6934195e-03   5.2204845e-03
   3.1548300e-01  -1.5372460e-03  -2.7590128e-01  -1.0313785e-03  -1.9074632e-03   4.8870275e-03
   2.6305920e-01   5.3365116e-02  -2.8861545e-01  -1.7454682e-03  -1.1002039e-03   4.8590548e-03
   3.2279340e-01   9.6721797e-02  -3.1335854e-01  -2.4387307e-03  -1.4599286e-03   5.8429970e-03
   2.9672024e-01   2.9262761e-02  -2.2848132e-01  -2.2813008e-03  -1.5412806e-03   5.1376539e-03
   2.6834019e-01   1.3022760e-01  -3.0136329e-01  -2.9686003e-03  -1.3892957e-03   4.9729410e-03
   3.0570017e-01   8.7475567e-02  -2.6775371e-01  -3.0289501e-03  -1.4175664e-03   5.3990247e-03
   3.3572603e-01   7.9831261e-02  -2.6154556e-01  -3.1315905e-03  -1.4342644e-03   6.2420229e-03
   3.3503917e-01   1.4168641e-01  -3.1045156e-01  -3.4913287e-03  -1.5576990e-03   6.3114775e-03
   3.7009755e-01   9.6982707e-02  -2.6174077e-01  -3.5751413e-03  -2.0425153e-03   6.6743456e-03
   3.5276313e-01   1.8194804e-01  -2.4202608e-01  -5.5972605e-03  -1.7257944e-03   6.8142419e-03
   3.7028790e-01   2.0724644e-01  -2.7268592e-01  -5.3714658e-03  -1.6858529e-03   6.7711552e-03
   3.7629393e-01   1.8576407e-01  -2.3973548e-01  -5.1224776e-03  -2.0759542e-03   6.7137017e-03
   3.8176649e-01   1.4985540e-01  -2.5957465e-01  -5.1408481e-03  -2.3378709e-03   6.2436183e-03
   3.6812195e-01   2.2633106e-01  -3.2352821e-01  -4.9748557e-03  -2.1807656e-03   6.3043507e-03
   3.6525947e-01   2.7744728e-01  -3.3339813e-01  -5.4977674e-03  -2.2299518e-03   6.2859150e-03
   3.8279803e-01   1.9581829e-01  -2.5437575e-01  -5.6169455e-03  -2.3870857e-03   6.2774220e-03
   3.7806033e-01   2.6875738e-01  -3.0180237e-01  -5.8924247e-03  -2.3364620e-03   6.2668478e-03
   3.7270103e-01   2.2150593e-01  -2.4927788e-01  -5.8049729e-03  -2.3897922e-03   6.2728524e-03
   3.7070656e-01   1.9513652e-01  -2.5610427e-01  -5.8795721e-03  -2.5273884e-03   6.0912550e-03
   3.3509818e-01   2.7791733e-01  -3.1049337e-01  -5.9663998e-03  -2.3085376e-03   5.8629138e-03
   3.3549153e-01   2.3073951e-01  -2.6901804e-01  -6.0193859e-03  -2.2494594e-03   5.7805529e-03
   3.2733815e-01   3.2054768e-01  -3.3746923e-01  -6.1014179e-03  -2.1633089e-03   5.5590558e-03
   3.4355455e-01   2.1371538e-01  -2.5205076e-01  -6.1821997e-03  -2.5629464e-03   5.2800540e-03
   3.3323633e-01   3.0490211e-01  -3.2405280e-01  -6.4950057e-03  -2.4829104e-03   5.0674941e-03
   3.5089131e-01   2.3066595e-01  -2.3004335e-01  -6.6375448e-03  -2.5726863e-03   5.3333771e-03
   3.3143083e-01   2.4317499e-01  -3.1717954e-01  -5.4428535e-03  -2.5039357e-03   4.9006965e-03
   3.6254477e-01   1.2519336e-01  -2.6732109e-01  -4.3208406e-03  -2.2584660e-03   5.7816208e-03
   3.6607060e-01   1.7527753e-01  -3.4489104e-01  -4.1968295e-03  -2.4203790e-03   6.4417980e-03
   3.6889932e-01   1.0589565e-01  -3.0163233e-01  -3.8880140e-03  -2.3503369e-03   6.4839598e-03
   3.9011045e-01   1.3846070e-01  -3.2097186e-01  -3.8486403e-03  -2.4626562e-03   7.0506118e-03
   4.0066861e-01   1.3665872e-01  -3.5964455e-01  -3.9507851e-03  -2.3048156e-03   7.3761130e-03
   4.4095817e-01   4.0992101e-02  -3.1064052e-01  -3.1146327e-03  -2.6327951e-03   8.3601575e-03
   4.5410893e-01   9.7890462e-02  -3.3307765e-01  -3.4291124e-03  -2.8703605e-03   8.7887785e-03
   4.6744776e-01   9.3731562e-02  -3.4234392e-01  -3.4374846e-03  -3.0962217e-03   9.0058666e-03
   4.9479389e-01   5.6201119e-02  -2.9224250e-01  -3.2924063e-03  -3.4407779e-03   9.7322815e-03
   5.3930309e-01   7.7774709e-02  -3.6791212e-01  -2.3737107e-03  -4.1528299e-03   1.0547835e-02
   5.1745533e-01  -4.0025433e-02  -3.6989802e-01  -4.7890291e-04  -3.8478081e-03   1.0153978e-02
   5.4466792e-01   1.1853289e-01  -3.3736906e-01  -3.3644199e-03  -3.9827112e-03   1.0805850e-02
