   0.0000000e+00   0.0000000e+00   0.0000000e+00  -3.4694470e-18   0.0000000e+00   0.0000000e+00
  -1.6499306e-03  -8.1088842e-03   8.5357912e-03  -1.0597183e-04   9.1210278e-05  -1.9028453e-04
  -1.5717914e-02   3.4700154e-03   4.9695744e-02  -4.8112814e-04   3.4369237e-04  -4.0378617e-04
  -1.3801701e-02  -1.8977948e-02   1.5980773e-02  -3.5944582e-04   2.1085923e-04  -3.6682656e-04
  -2.9067994e-02   2.4968329e-02   1.6848922e-02  -1.2798122e-04  -5.4682959e-05  -6.4746893e-04
  -8.9699879e-03  -5.0945045e-02   1.6991899e-02  -6.0719240e-04  -1.5921898e-04  -4.0859735e-04
  -2.6485652e-02   3.6724148e-02  -1.3281113e-02  -6.9855862e-04   2.0681611e-05  -4.9944416e-04
  -1.6248533e-02  -2.1249548e-02  -3.0165686e-02  -1.2661033e-03   3.3156754e-04  -4.2342143e-04
  -2.6872559e-02   5.1416629e-02  -3.6448830e-02  -1.3307308e-03   7.8159508e-05  -4.2633071e-04
  -2.8337463e-03  -3.0315108e-03  -2.4605604e-02  -1.9235493e-03  -1.6481189e-04  -2.5722255e-04
  -2.3755719e-02   4.7189058e-02  -2.7543342e-02  -1.8271065e-03   8.8753508e-05  -5.8177816e-04
  -6.2862379e-03  -3.8478641e-03  -1.1140969e-02  -2.6380336e-03  -1.6831745e-04  -5.2227797e-04
  -1.1913844e-02   5.1945965e-02  -3.3013660e-02  -2.9424602e-03  -4.0880994e-05  -6.3910365e-04
  -1.0245188e-02  -1.3133200e-02  -1.7604311e-02  -3.8688568e-03  -1.9836828e-04  -5.1735472e-04
  -3.3207976e-02   1.3415011e-02  -2.5887096e-02  -3.4776515e-03   6.8906794e-05  -5.4541673e-04
  -3.0789429e-02  -1.3829411e-02  -4.7260193e-02  -3.8498983e-03  -5.2270724e-05  -6.5502761e-04
  -4.3138830e-02   5.5916613e-03  -5.5332890e-02  -4.1391368e-03   3.3072441e-04  -7.7119796e-04
  -3.0343995e-02  -2.1599873e-02  -8.9846157e-02  -3.8400136e-03  -2.4843242e-04  -6.2928979e-04
  -3.6018414e-02   1.5096561e-02  -6.8900046e-02  -4.2446428e-03   4.3691345e-05  -5.2655781e-04
  -2.0241520e-02  -5.5145394e-03  -1.0712713e-01  -3.8420550e-03  -1.8389926e-04  -4.2533998e-04
  -1.8125260e-02   1.4165340e-02  -6.9734795e-02  -4.2315402e-03   9.0314626e-05  -2.7420099e-05
  -6.1761798e-03   1.2367411e-02  -9.5743568e-02  -4.2309262e-03  -2.6602205e-04   2.3543591e-04
  -1.3537620e-02   1.2930094e-02  -5.6258230e-02  -4.9306860e-03   1.4143219e-05   5.3950018e-05
  -1.2204881e-02   2.3831592e-02  -9.1290449e-02  -4.9091406e-03  -2.3141869e-04   2.8963925e-05
  -1.7293007e-02  -3.0758454e-03  -6.6965659e-02  -5.7473937e-03   3.9483627e-05  -1.8854457e-04
  -2.3734310e-02   3.6973678e-02  -8.2050302e-02  -5.4310824e-03   2.1126229e-04  -2.9879819e-04
  -9.0638110e-03  -1.0507084e-02  -9.5219821e-02  -5.1421547e-03  -8.4302003e-05  -8.9401365e-05
  -3.0179043e-02   1.5820936e-02  -7.9336204e-02  -4.8304226e-03   2.1357736e-04  -4.6909609e-04
  -2.9700723e-02   6.4484944e-03  -1.1379436e-01  -4.4425489e-03  -1.4161385e-04  -5.7660900e-04
  -3.4071569e-02  -1.6805423e-02  -4.2053707e-02  -4.6357283e-03   4.0693738e-05  -4.1465371e-04
  -3.9888194e-02   9.3944445e-03  -7.5924536e-02  -4.2507277e-03   3.2762539e-04  -9.9516932e-05
  -2.5907330e-02  -3.3004801e-02  -4.7543759e-02  -4.5558320e-03  -1.9660382e-04  -1.0374072e-04
  -3.2599740e-02   2.0494483e-02  -6.2861097e-02  -4.8764850e-03   1.1099349e-04  -7.9543692e-05
  -1.8848415e-02  -4.8545861e-02  -4.3770027e-02  -4.7006031e-03   2.8827140e-04  -7.3966799e-06
  -3.0380596e-02   4.0541501e-03  -6.2659421e-02  -4.2757872e-03  -4.6669603e-05  -9.7555437e-05
  -2.8186015e-02  -4.0053198e-02  -5.0981332e-02  -4.5821121e-03   1.3966957e-04  -1.4580379e-04
  -3.1189265e-02  -4.4553489e-02  -2.4118122e-02  -4.4481996e-03   2.6285595e-04  -1.6755862e-05
  -2.3956975e-02  -2.9548673e-02  -7.2777429e-02  -4.1465483e-03   2.2844654e-04  -1.0160664e-06
  -3.2412311e-02  -5.6229861e-02  -2.2877703e-02  -4.4592448e-03   3.4311511e-04  -2.1885814e-04
  -3.9361795e-02  -1.4858077e-02  -7.3710864e-02  -4.0896320e-03   1.8481507e-04  -5.2844118e-04
  -3.0204588e-02  -5.2019724e-02  -3.7559080e-02  -4.3639172e-03   2.1574557e-05  -1.0880084e-04
  -4.0446173e-02  -1.6208995e-02  -5.8031167e-02  -4.3502402e-03   2.8233844e-04  -2.0832980e-04
  -3.0045946e-02  -4.4664505e-02  -7.3525773e-02  -3.8877196e-03  -2.2548544e-04  -2.7451815e-04
  -4.1976256e-02  -6.2533883e-02  -2.2611575e-02  -3.8908426e-03   1.4273622e-05  -4.1912408e-04
  -3.8555569e-02  -3.1755180e-02  -6.1354312e-02  -3.4659151e-03  -2.3922891e-04  -3.1679947e-04
  -2.4837007e-02  -4.1264946e-02  -3.9296572e-02  -4.1112432e-03  -1.6902014e-04  -2.8402666e-04
  -3.0698287e-02  -1.0447115e-02  -6.5678730e-02  -3.7130698e-03  -1.4396650e-04  -3.4981200e-04
  -1.9274869e-02  -3.2510739e-02  -5.0246125e-02  -4.0045888e-03  -3.0901826e-04   2.0293393e-04
  -2.0969656e-02  -3.8005719e-02  -4.0737904e-02  -3.2686553e-03  -4.3486164e-04   4.1403653e-04
  -5.4768667e-03  -5.0107645e-02  -4.8376429e-02  -3.2646098e-03  -6.5681268e-04   8.5889229e-04
  -1.5692986e-03  -4.3282335e-02  -3.5159299e-03  -4.0294286e-03  -2.9673137e-04   9.7471988e-04
   2.0362727e-03  -5.9621857e-02  -2.0548878e-02  -4.1719434e-03  -6.0370068e-04   8.6739110e-04
  -8.1298116e-03  -7.8861215e-02   3.0035338e-02  -4.8416288e-03  -3.4194323e-04   6.6753623e-04
  -9.4485201e-03  -4.9469433e-02  -2.5613876e-02  -4.3613748e-03  -3.5649521e-04   4.3195143e-04
  -9.1798521e-03  -8.5677249e-02   7.3442080e-03  -4.1699896e-03  -5.4937711e-04   2.0257361e-04
  -1.5076516e-02  -6.1903269e-02  -1.9253237e-02  -3.5967269e-03  -3.8865683e-04   1.9641470e-04
  -5.4671514e-03  -8.1088078e-02  -2.5212827e-02  -3.2037742e-03  -6.9629515e-04   3.7294064e-04
  -7.9223942e-03  -8.6677045e-02   4.2938824e-03  -3.7113744e-03  -5.7133010e-04   3.2808115e-04
  -3.9183018e-03  -5.3747540e-02  -4.4319667e-02  -3.2669358e-03  -7.9382882e-04   3.6967526e-04
  -6.7470647e-03  -8.1794179e-02  -7.3325170e-03  -3.4527501e-03  -2.6372433e-04   1.9061506e-04
  -8.2127388e-03  -5.8611193e-02  -3.0124514e-02  -3.1087822e-03  -5.2692266e-04   1.7061275e-04
  -8.7839698e-03  -8.2245603e-02  -4.7365400e-02  -2.7317860e-03  -3.1781615e-04   1.8318997e-04
  -1.1486918e-02  -9.6599140e-02  -2.7767497e-02  -2.4450140e-03  -3.7939422e-04   1.3426833e-04
  -4.7185314e-03  -7.9075398e-02  -4.7573956e-02  -2.2258659e-03  -4.9694751e-04   1.7072578e-04
   1.4318915e-03  -9.5532072e-02  -5.8941026e-02  -2.2570592e-03  -4.1789700e-04   2.7467933e-04
  -6.6258667e-03  -9.4020575e-02  -2.3791596e-02  -2.5522477e-03  -2.1774032e-04  -4.3512573e-05
  -1.7624262e-03  -9.6894616e-02  -5.3009937e-02  -2.1484156e-03  -4.2160086e-04   6.8910371e-05
  -4.0443762e-03  -1.2218426e-01   3.4036761e-04  -2.7338742e-03  -3.3485781e-04  -7.5247125e-05
  -1.0327723e-02  -6.9712754e-02  -5.5402497e-02  -2.8138352e-03   1.6393534e-04  -1.6639212e-04
   4.2491974e-04  -1.2413212e-01  -1.3253806e-02  -2.8638639e-03  -2.4853820e-04  -1.3687738e-04
  -1.0125379e-02  -7.0497763e-02  -3.9886676e-02  -2.5663998e-03   1.4144732e-04  -9.2952832e-05
  -6.2077048e-03  -1.2957309e-01   1.3793449e-02  -2.8657063e-03  -1.6160266e-04  -1.7466698e-04
  -1.4116500e-02  -1.1527236e-01   6.3793793e-03  -2.3948694e-03  -4.0641112e-04  -1.0532797e-04
  -1.7583109e-02  -1.0031241e-01  -2.7949868e-02  -2.2013393e-03  -1.7675008e-04  -3.5821978e-05
  -6.1913226e-03  -1.2785234e-01   9.3878902e-03  -2.4576920e-03  -2.9263164e-04   6.2087681e-05
  -1.5983002e-02  -8.1345782e-02  -2.8437874e-02  -2.3533601e-03   1.7077939e-04   2.7884164e-05
  -1.4903982e-02  -1.3248302e-01  -2.2698540e-02  -2.0780888e-03  -2.7039668e-04  -6.6717785e-05
  -1.8820583e-02  -1.0862777e-01  -8.7352129e-03  -2.5780546e-03   9.6637952e-05  -1.3206539e-04
  -1.6338942e-02  -1.0401039e-01  -4.8873976e-02  -2.2464526e-03   9.0646624e-05  -1.4693972e-04
  -1.2904510e-02  -1.1270025e-01   1.9738614e-04  -2.9297241e-03   4.5163704e-04  -2.6902686e-04
  -7.2389552e-03  -8.0599255e-02  -4.8057349e-02  -2.4332230e-03   2.5130524e-04  -6.7463115e-05
  -1.3229936e-02  -1.3647261e-01   2.1922601e-02  -2.9098429e-03   3.0154201e-04  -1.0510601e-04
  -1.1024617e-02  -1.1386023e-01  -2.3720616e-02  -2.6176039e-03   3.4644171e-04  -1.9957643e-04
   2.4041266e-04  -1.2586562e-01  -2.1939346e-02  -2.7847404e-03   3.7609953e-04  -1.3916417e-04
   3.6161460e-03  -1.3757318e-01  -3.3712196e-03  -2.8538672e-03   3.9796246e-04  -9.6773138e-05
  -4.4830646e-03  -1.0960175e-01  -3.5155093e-02  -2.4850864e-03   4.4722107e-04  -1.0888618e-04
  -3.4326678e-03  -1.6322478e-01   1.1306553e-02  -3.0480515e-03   6.0598177e-04   3.0125007e-05
  -4.7358846e-03  -1.4473186e-01   1.5935747e-03  -2.8659237e-03   4.8401429e-04  -1.0578110e-04
  -3.6602353e-03  -1.3580580e-01  -2.5655919e-03  -2.8372183e-03   5.1079432e-04   4.0036375e-05
  -8.1601889e-03  -1.7117834e-01   7.7895896e-02  -3.4888765e-03   8.8302326e-04   8.5338011e-06
  -8.2969698e-03  -1.4497354e-01   6.6651568e-02  -3.3016461e-03   7.8088505e-04   2.4642778e-04
  -1.6156199e-02  -1.8226690e-01   1.2266560e-01  -3.8017733e-03   9.4491756e-04   5.0428369e-05
  -1.1759380e-02  -1.2756715e-01   6.2108230e-02  -3.3659768e-03   7.9890938e-04   1.4984837e-04
  -1.5361476e-02  -1.8697385e-01   1.2046514e-01  -3.9626298e-03   1.1538810e-03  -1.0309008e-04
  -2.0882629e-02  -1.6373163e-01   1.1894944e-01  -3.8424161e-03   1.0784127e-03   9.6200128e-05
  -1.8550760e-02  -1.7141039e-01   9.2186489e-02  -3.7618691e-03   1.0392787e-03   7.4734649e-06
  -1.6582831e-02  -1.7835751e-01   1.5006250e-01  -3.8940819e-03   1.2942858e-03   5.8470397e-05
   4.7894366e-03  -1.6863244e-01   1.1755532e-01  -3.5176312e-03   1.0966300e-03   7.3180888e-04
   1.3201309e-02  -1.8350160e-01   1.7037707e-01  -4.2606897e-03   1.1419333e-03   1.1561502e-03
  -4.6972292e-04  -1.4253719e-01   9.4899634e-02  -3.5679161e-03   1.1041056e-03   7.7660766e-04
  -1.7615003e-03  -1.9926528e-01   1.8327985e-01  -4.4562667e-03   9.7409192e-04   1.0285862e-03
   7.7477674e-03  -1.5340536e-01   1.1201425e-01  -3.8527671e-03   7.0963827e-04   1.3814229e-03
   8.5837554e-03  -2.0510504e-01   1.5610508e-01  -4.5573642e-03   8.7729745e-04   1.4859032e-03
  -3.5386199e-03  -1.6731624e-01   1.1404923e-01  -4.1796550e-03   1.3800351e-03   9.8546331e-04
   3.8479341e-03  -2.3842510e-01   1.4817682e-01  -4.5019842e-03   1.0685873e-03   9.3967543e-04
  -2.9328311e-03  -1.8302113e-01   1.2249648e-01  -4.2674362e-03   1.2849218e-03   8.7820386e-04
   8.6122687e-03  -2.2321803e-01   1.6250713e-01  -5.1173424e-03   1.0587177e-03   1.3604993e-03
   2.8343726e-03  -1.7083461e-01   1.2204668e-01  -4.8757416e-03   1.2397450e-03   1.1603043e-03
   4.2439735e-03  -2.0807873e-01   1.3512883e-01  -5.2308467e-03   1.4388331e-03   1.1452014e-03
   6.3236702e-03  -1.9765689e-01   1.5473892e-01  -5.3660863e-03   1.7149498e-03   1.0647391e-03
   5.6827015e-03  -1.8537411e-01   1.1468511e-01  -5.1398791e-03   1.6101097e-03   8.8285474e-04
   9.0730194e-03  -2.1292393e-01   1.7227357e-01  -5.7160515e-03   1.5778565e-03   1.0633738e-03
  -3.5956676e-03  -1.8165368e-01   1.1123816e-01  -5.5037306e-03   1.6566543e-03   9.3410537e-04
  -6.7956736e-03  -2.2399213e-01   1.3746555e-01  -5.5174011e-03   1.5639220e-03   9.4552195e-04
  -9.5050269e-03  -1.8695178e-01   1.3504152e-01  -5.0917266e-03   1.5360975e-03   9.7282101e-04
  -1.7519071e-02  -2.1885979e-01   1.5215112e-01  -5.2063830e-03   1.7245091e-03   8.3600683e-04
  -2.0010766e-02  -2.1308497e-01   1.5120033e-01  -5.5086460e-03   1.6718836e-03   8.0490524e-04
  -1.5678737e-02  -1.5997831e-01   8.0681467e-02  -5.0695997e-03   1.5282577e-03   8.3426774e-04
  -2.2669532e-02  -2.2317134e-01   1.3527697e-01  -5.6682478e-03   1.7433082e-03   7.6450549e-04
  -2.3811677e-02  -1.9478713e-01   1.1166990e-01  -5.6087281e-03   1.6701390e-03   9.3142244e-04
