   0.0000000e+00   0.0000000e+00   0.0000000e+00   3.4694470e-18   8.6736174e-19  -3.0092655e-36
   2.7610539e-02  -4.5288626e-02  -3.9490582e-02  -1.9450212e-04  -1.8617152e-04   6.3661221e-05
   3.3006053e-02  -1.8467065e-02  -6.2953937e-02  -4.5942949e-04   3.0822406e-06  -5.2216053e-07
   7.3742747e-02  -5.2393632e-02  -2.6275585e-02  -7.5655849e-04   3.2249931e-04  -1.3657994e-04
   1.4164248e-01  -4.4667204e-02  -1.3530384e-01  -4.0752097e-05  -1.0929892e-03   7.1642488e-04
   1.2989452e-01  -1.1977118e-02  -1.0195161e-01  -1.4003775e-04  -1.5062566e-03   1.1297367e-03
   1.2676081e-01   1.7333312e-02  -1.8528014e-01  -7.7806094e-04  -1.4588469e-03   1.1021333e-03
   9.5538054e-02  -2.3929208e-02  -8.6481594e-02  -5.0117691e-04  -1.7009223e-03   1.1475401e-03
   9.2021539e-02  -3.2499338e-02  -1.1790617e-01  -4.5994502e-04  -2.1789252e-03   1.0654104e-03
   9.6744038e-02  -1.2084695e-02  -1.3119994e-01  -7.2097029e-04  -2.2398307e-03   1.4064587e-03
   8.0878349e-02  -3.5604403e-02  -1.0838758e-01  -9.4900204e-04  -1.7388930e-03   1.4545982e-03
   8.3138613e-02  -4.3793614e-02  -6.8052229e-02  -1.7101876e-03  -1.5912266e-03   1.6738780e-03
   9.6873617e-02  -2.3958303e-02  -9.6799358e-02  -1.7580196e-03  -1.5095999e-03   1.9652631e-03
   9.1104180e-02  -2.3891385e-02  -5.7588121e-02  -1.5642506e-03  -1.3648382e-03   1.9032396e-03
   8.7246208e-02  -1.7271251e-02  -1.3579921e-02  -1.9705002e-03  -1.2052304e-03   1.7762790e-03
   8.4910359e-02  -2.1338041e-02   1.1426722e-03  -2.0697433e-03  -1.0865396e-03   1.8014970e-03
   7.2746240e-02  -2.6668204e-02   4.2925618e-02  -2.3480676e-03  -1.2171090e-03   1.9365827e-03
   9.6865739e-02  -5.4664766e-02   6.5677578e-02  -2.3553471e-03  -8.7710868e-04   1.9736499e-03
   1.1425359e-01  -5.9844007e-02   9.8842633e-02  -2.5648475e-03  -1.0602913e-03   2.1396068e-03
   1.0212375e-01  -4.9130256e-02   3.3167016e-02  -2.3144942e-03  -1.2174382e-03   2.0520081e-03
   6.3964008e-02  -2.6940240e-03  -1.5462170e-01  -1.0847029e-03  -8.8402129e-04   1.7135912e-03
   9.2762582e-02  -1.5793636e-02  -1.0749081e-01  -1.9683982e-03  -1.1621702e-03   1.6179084e-03
   8.0509753e-02  -2.1770831e-02  -4.1294453e-02  -1.8477424e-03  -1.1501266e-03   1.4938857e-03
   8.1819068e-02  -4.3045741e-02   7.3605129e-04  -1.6825526e-03  -1.2450589e-03   1.3375153e-03
   9.3715667e-02  -5.6943034e-02   2.8151451e-02  -2.0918919e-03  -9.9434334e-04   1.3366878e-03
   8.3610932e-02  -6.1551124e-02   8.3315941e-02  -2.4860668e-03  -8.2653686e-04   1.4062248e-03
   8.5929786e-02  -4.9110685e-02   2.5926965e-02  -2.9680680e-03  -7.7020810e-04   1.4283598e-03
   9.9668781e-02  -8.0135512e-02   2.8608509e-02  -3.1282947e-03  -6.9120498e-04   1.5310595e-03
   1.1090713e-01  -9.5721545e-02  -1.5274499e-02  -2.7960781e-03  -1.3766664e-03   1.2933490e-03
   1.0921626e-01  -7.0877630e-02  -7.6270010e-02  -2.7738566e-03  -1.9439181e-03   1.4319521e-03
   9.6885695e-02  -7.9651366e-02  -2.2189168e-02  -3.1077258e-03  -2.0925920e-03   1.1822296e-03
   9.0625789e-02  -1.1293338e-01  -1.4647379e-02  -3.2555376e-03  -2.0492000e-03   1.1936411e-03
   9.7009956e-02  -1.3887593e-01   1.8231199e-02  -3.6356629e-03  -2.1790869e-03   1.2408825e-03
   9.3906247e-02  -1.4189969e-01   2.0072525e-02  -3.6177798e-03  -2.3485627e-03   1.4637722e-03
   9.2780224e-02  -1.3707875e-01   1.2667565e-02  -3.7319510e-03  -2.5438287e-03   1.5254498e-03
   1.0999024e-01  -8.0726007e-02  -1.3642638e-01  -4.1106600e-03  -2.2877131e-03   1.8459817e-03
   1.0041479e-01  -9.8578002e-02  -5.0015095e-02  -4.4701001e-03  -2.0487778e-03   1.7009723e-03
   9.4271083e-02  -1.2746276e-01   8.4596691e-02  -4.7245807e-03  -1.9225637e-03   1.4538570e-03
   8.4586678e-02  -1.1848624e-01   9.1915326e-02  -5.0352403e-03  -1.7827530e-03   1.5064787e-03
   1.4131465e-01  -1.0822403e-01  -2.4802151e-02  -6.2905300e-03  -1.8248639e-03   1.2176895e-03
   1.3945613e-01  -1.3078185e-01   8.4771142e-02  -6.4355497e-03  -1.8692116e-03   1.2692270e-03
   1.3376549e-01  -1.6815760e-01   1.1858444e-01  -6.0054070e-03  -1.9703690e-03   1.3523547e-03
   1.2390551e-01  -1.8748333e-01   1.5417660e-01  -5.9441539e-03  -2.3801435e-03   1.3370591e-03
   9.9364825e-02  -1.6879320e-01   1.4750311e-01  -5.9262786e-03  -2.3898538e-03   1.1985017e-03
   9.0855747e-02  -1.7907883e-01   1.9001666e-01  -6.5248150e-03  -2.2891768e-03   1.1563815e-03
   8.2722640e-02  -2.1589890e-01   2.6726988e-01  -6.8249593e-03  -2.4683148e-03   1.0710905e-03
   7.7874516e-02  -2.2402501e-01   1.9638306e-01  -6.4729190e-03  -2.5631648e-03   1.2779234e-03
   1.0165152e-01  -1.9655533e-01   1.1691141e-01  -6.5554354e-03  -2.5870519e-03   1.4850136e-03
   1.0887648e-01  -1.8934467e-01   1.0354383e-01  -6.5448873e-03  -2.3493552e-03   1.1876598e-03
   1.0191329e-01  -2.0459492e-01   1.3150288e-01  -6.7191963e-03  -2.4031587e-03   1.1626624e-03
   9.3608605e-02  -2.1576185e-01   1.3274126e-01  -7.2264463e-03  -2.5994420e-03   1.0913482e-03
   8.8089525e-02  -2.2132068e-01   1.2027181e-01  -7.4829214e-03  -2.5413663e-03   1.0438060e-03
   8.7053303e-02  -2.3777550e-01   1.0672250e-01  -7.4654180e-03  -2.7006101e-03   1.1256444e-03
   8.7693847e-02  -2.2901853e-01   8.8021975e-02  -6.8781643e-03  -2.8987409e-03   1.3235399e-03
   8.1802181e-02  -2.2855559e-01   1.3014482e-01  -6.8242170e-03  -2.7732544e-03   1.3441158e-03
   9.4683477e-02  -2.3624340e-01   9.3803649e-02  -7.4496418e-03  -2.8676719e-03   1.0338181e-03
   9.8768662e-02  -2.2476937e-01   1.8908218e-02  -7.5005002e-03  -2.9137861e-03   1.1343263e-03
   1.2070211e-01  -2.1835962e-01   1.8806696e-02  -7.1306948e-03  -3.1349212e-03   1.3584006e-03
   1.3613741e-01  -2.0904171e-01   9.9632533e-03  -7.2950196e-03  -2.8103449e-03   1.5128414e-03
   1.2712614e-01  -2.1927024e-01   9.2334856e-02  -7.3145616e-03  -2.4546598e-03   1.3686410e-03
   1.0568971e-01  -2.1191872e-01   8.5733828e-02  -7.5566965e-03  -2.3433912e-03   1.3744360e-03
   1.1801924e-01  -2.0753663e-01   1.2950501e-01  -7.2741978e-03  -2.5706942e-03   1.1252159e-03
   1.2993765e-01  -2.1400348e-01   1.7381283e-01  -7.2773692e-03  -2.7010100e-03   1.2336897e-03
   1.2268320e-01  -1.8757061e-01   1.7699593e-01  -6.8341267e-03  -2.6566691e-03   1.1661008e-03
   1.2373226e-01  -1.6680744e-01   1.4561571e-01  -6.4045028e-03  -2.4298863e-03   1.4003620e-03
   1.3216178e-01  -1.8834474e-01   1.9598378e-01  -7.0279059e-03  -2.2061637e-03   1.1400864e-03
   1.3834582e-01  -2.2555724e-01   1.1987828e-01  -5.1965318e-03  -1.8232650e-03   1.5355316e-03
   1.2804827e-01  -1.9628383e-01   7.9631179e-02  -4.3465657e-03  -1.4690826e-03   1.2366544e-03
   1.0476929e-01  -2.2935313e-01   2.5841126e-01  -4.8546895e-03  -2.0849364e-03   8.7884199e-04
   9.5022579e-02  -2.6713349e-01   3.3746502e-01  -5.5238393e-03  -2.2846177e-03   8.9169125e-04
   8.6070392e-02  -2.4871877e-01   3.2564654e-01  -5.6334156e-03  -2.1476827e-03   8.5335811e-04
   8.8878141e-02  -2.6776817e-01   3.4283791e-01  -6.1637555e-03  -2.0741760e-03   7.4708915e-04
   1.0354620e-01  -3.2485344e-01   4.0905706e-01  -6.3336326e-03  -2.0573579e-03   9.1426388e-04
   9.7628727e-02  -3.4890297e-01   4.2495045e-01  -6.6395710e-03  -2.4628338e-03   7.5160504e-04
   9.7706767e-02  -3.1531461e-01   3.0148231e-01  -6.8267235e-03  -2.5606322e-03   7.6851638e-04
   9.9197869e-02  -3.3622101e-01   3.8975851e-01  -6.5565523e-03  -2.5893980e-03   8.1749058e-04
   1.2211936e-01  -3.2059430e-01   3.0739863e-01  -6.9447701e-03  -2.7589204e-03   1.0142971e-03
   1.0765026e-01  -3.0474295e-01   3.4401297e-01  -6.8561120e-03  -2.9564745e-03   8.8601509e-04
   1.1093882e-01  -2.9648619e-01   2.7708007e-01  -6.8597177e-03  -2.6086429e-03   9.5410915e-04
   1.1682224e-01  -3.1509643e-01   3.0708610e-01  -7.4920087e-03  -2.3812468e-03   1.0922451e-03
   1.1803423e-01  -3.3707638e-01   3.3063953e-01  -7.6490440e-03  -2.2813912e-03   1.4033145e-03
   1.2876754e-01  -3.1437940e-01   2.4383666e-01  -7.8614212e-03  -2.4962556e-03   1.4070717e-03
   1.1158947e-01  -3.0261757e-01   3.0709632e-01  -7.8840761e-03  -2.8740734e-03   1.2041261e-03
   9.3398980e-02  -3.1035197e-01   3.6923786e-01  -7.5221964e-03  -2.7141878e-03   1.1300724e-03
   1.0927671e-01  -3.0897776e-01   4.1772574e-01  -7.4174319e-03  -2.5435506e-03   1.2086272e-03
   1.1661811e-01  -3.3574235e-01   4.7843659e-01  -8.1921789e-03  -2.0738978e-03   1.1112108e-03
   1.3645658e-01  -3.4293308e-01   4.3428406e-01  -7.1834967e-03  -2.2855471e-03   1.2919184e-03
   1.4976980e-01  -3.2488449e-01   3.7613743e-01  -6.0239730e-03  -2.3879721e-03   1.4651230e-03
   1.3567769e-01  -3.1386338e-01   4.0434430e-01  -6.6249970e-03  -2.3451867e-03   1.4284493e-03
   1.4435299e-01  -3.4786372e-01   4.1906191e-01  -6.6702362e-03  -2.5047573e-03   1.2586496e-03
   1.4336369e-01  -3.4839146e-01   4.5468853e-01  -7.5040362e-03  -2.5816733e-03   1.1273193e-03
   1.7592673e-01  -3.8352295e-01   3.1200023e-01  -7.1598307e-03  -3.0686805e-03   1.5456207e-03
   1.6724715e-01  -3.6687417e-01   2.4930921e-01  -5.7362421e-03  -3.2455963e-03   1.3801916e-03
   1.7374509e-01  -3.4935978e-01   2.6892332e-01  -5.8296624e-03  -3.1157390e-03   1.4776785e-03
   1.6093002e-01  -3.9364383e-01   3.7027456e-01  -5.7475806e-03  -2.9936645e-03   1.5355104e-03
   1.5992225e-01  -4.1029185e-01   3.8656724e-01  -5.4021199e-03  -3.3370069e-03   1.3422463e-03
   1.5133435e-01  -3.8406103e-01   3.6471840e-01  -5.3102381e-03  -3.3253283e-03   1.3125103e-03
   1.5117165e-01  -3.6874146e-01   3.1986963e-01  -5.6911080e-03  -3.3923716e-03   1.3432783e-03
   1.5194674e-01  -3.9749517e-01   3.1468630e-01  -5.5969370e-03  -3.3582800e-03   1.3274866e-03
   1.3780827e-01  -3.9360885e-01   3.0988172e-01  -6.0327222e-03  -3.4275154e-03   1.2363451e-03
   1.4543061e-01  -4.1416739e-01   3.1806383e-01  -6.2444418e-03  -2.7707757e-03   1.6925728e-03
   1.5884266e-01  -4.2666678e-01   3.0585225e-01  -6.3456412e-03  -3.0870950e-03   2.0493504e-03
   1.5805875e-01  -4.1697673e-01   2.9987585e-01  -6.3374530e-03  -2.9543841e-03   2.4134192e-03
   1.5580432e-01  -4.4004313e-01   3.4705468e-01  -6.1697357e-03  -3.1080237e-03   2.3218815e-03
   1.5421130e-01  -4.2011044e-01   3.2048474e-01  -6.0174306e-03  -3.0899364e-03   2.5338790e-03
   1.9831476e-01  -4.0943590e-01   2.1252705e-01  -6.5506296e-03  -3.7056860e-03   2.9148121e-03
   1.7824075e-01  -4.1774243e-01   2.0443986e-01  -6.2086566e-03  -3.7916120e-03   2.9454152e-03
   1.8175690e-01  -4.4014842e-01   2.7579544e-01  -7.0952939e-03  -3.5884142e-03   2.8153418e-03
   1.8614090e-01  -4.5333338e-01   2.8554463e-01  -7.1582905e-03  -3.5073282e-03   3.0163828e-03
   2.0803624e-01  -4.4699070e-01   1.9012937e-01  -7.2032871e-03  -3.7365362e-03   3.2840117e-03
   2.0447725e-01  -4.4031922e-01   2.1907363e-01  -6.8289370e-03  -3.5665907e-03   3.4005738e-03
   1.9801901e-01  -4.3363790e-01   2.5172265e-01  -6.9208087e-03  -3.5061119e-03   3.2828911e-03
   1.8898053e-01  -4.5012093e-01   2.7429846e-01  -7.1046894e-03  -3.4161433e-03   3.2249486e-03
   2.0241180e-01  -4.5015207e-01   2.2619356e-01  -7.3621191e-03  -3.2447493e-03   3.2042648e-03
   2.1379256e-01  -4.3655078e-01   2.5275622e-01  -7.4101287e-03  -3.4501460e-03   3.0537554e-03
   2.0920670e-01  -4.2481339e-01   2.7567728e-01  -7.1054817e-03  -3.4502977e-03   2.9524161e-03
   2.2404774e-01  -4.5043980e-01   3.2268676e-01  -6.4326213e-03  -3.4417219e-03   3.0861641e-03
   2.2891589e-01  -4.4688070e-01   3.1660836e-01  -6.0496622e-03  -3.4596047e-03   3.0463459e-03
   2.2471411e-01  -4.3616313e-01   3.5578740e-01  -6.4490831e-03  -3.6669798e-03   2.8806963e-03
   2.2332571e-01  -4.5403099e-01   3.5943129e-01  -6.4224343e-03  -3.7146207e-03   2.7736426e-03
