   0.0000000e+00   0.0000000e+00   0.0000000e+00   0.0000000e+00  -5.4210109e-20   0.0000000e+00
  -2.9404088e-03  -2.6796943e-02   4.2933409e-02   5.3060111e-04  -1.3694119e-04  -3.9449425e-04
   4.3915072e-03   7.8055830e-03   1.6779943e-02   1.0102067e-04  -8.1784167e-05  -1.7800332e-04
   6.6951105e-03  -1.7141393e-02   5.6368801e-02   5.4172832e-04  -1.5224705e-04  -7.0356217e-05
   1.9324338e-02  -6.5322467e-02   5.5264901e-02   1.3262837e-03  -5.8506490e-04  -4.1418252e-04
   2.0634902e-02  -3.4839304e-02   2.9145767e-02   1.1229931e-03  -5.3361615e-04  -3.6231687e-04
   9.4483809e-03  -8.3043262e-02   8.2958913e-02   1.8719730e-03  -4.1945291e-04  -8.4518728e-04
  -1.5974907e-02  -1.3619820e-01   8.4564240e-02   1.1150534e-03  -1.7473300e-04  -7.3272011e-04
  -1.3740767e-02  -1.7567740e-01   9.5583988e-02   5.9323392e-04  -3.8127133e-04  -7.1017376e-04
  -1.4927613e-02  -2.2674434e-01   6.4319102e-02   1.2381870e-03  -6.5662309e-04  -6.7736467e-04
   3.5651137e-03  -2.7890976e-01   1.9757285e-02   2.6912206e-03  -8.9954892e-04  -1.5798794e-04
  -1.9155710e-02  -3.0422060e-01   3.6244775e-02   3.2024675e-03  -2.3890601e-04  -2.6094829e-05
  -9.0375358e-03  -3.1046973e-01   3.4317574e-02   3.2015726e-03  -4.4886696e-05   5.5323395e-04
  -8.9113718e-03  -2.8419910e-01   2.3097390e-02   2.9489911e-03   2.2266779e-04   1.3296083e-03
  -2.5716498e-02  -3.1182510e-01   9.6038599e-03   4.0119267e-03   5.7911667e-04   2.0720548e-03
  -2.8328982e-02  -3.2261491e-01  -1.0538368e-02   4.5173244e-03   9.2771364e-04   2.8337525e-03
  -3.7326171e-02  -3.5342884e-01   2.4381634e-03   5.1800851e-03   1.0423338e-03   3.1465292e-03
  -5.3766395e-02  -4.5482055e-01  -7.6329486e-02   7.8833924e-03   1.5468311e-03   2.8196620e-03
  -5.5988307e-02  -4.7667312e-01  -7.2450622e-02   7.8078273e-03   1.8103083e-03   3.0269416e-03
  -5.0028195e-02  -4.4745853e-01  -6.9280843e-02   7.3211197e-03   1.9042432e-03   3.1859118e-03
  -4.8724788e-02  -4.9853134e-01  -7.7112425e-02   8.2751100e-03   2.1986923e-03   3.4420131e-03
  -5.3280496e-02  -5.1091750e-01  -7.1553597e-02   8.4662978e-03   2.4323674e-03   3.7645266e-03
  -7.1281816e-02  -4.7984333e-01  -6.8576445e-02   8.1901211e-03   2.9654701e-03   3.9561601e-03
  -7.9446245e-02  -4.9809710e-01  -7.7628070e-02   8.5804689e-03   3.1623192e-03   3.9851353e-03
  -4.0076842e-02  -4.9996616e-01  -1.1511046e-01   8.8638391e-03   2.7848762e-03   4.6132936e-03
  -4.0242520e-02  -4.1520843e-01  -1.2301129e-01   7.5289121e-03   3.2692697e-03   4.8922667e-03
  -5.1879030e-02  -3.9895847e-01  -8.7072703e-02   5.9969433e-03   3.4935570e-03   5.3104436e-03
  -3.5903903e-02  -3.6528320e-01  -8.0333932e-02   5.2725012e-03   3.2954699e-03   5.4256410e-03
  -3.8444797e-02  -3.3817910e-01  -7.5031945e-02   4.7534467e-03   3.3521794e-03   5.3232886e-03
  -3.9863255e-02  -3.6255038e-01  -8.0456940e-02   5.0092224e-03   3.6057623e-03   5.3606880e-03
  -5.5636330e-02  -3.8364327e-01  -4.3215031e-02   5.3487092e-03   4.0008810e-03   5.3837458e-03
  -5.9538305e-02  -3.5126265e-01  -5.9774845e-02   4.7227692e-03   4.0043066e-03   5.5231795e-03
  -6.5497902e-02  -3.4052650e-01  -7.0601351e-02   4.8785096e-03   4.1334327e-03   5.4001514e-03
  -4.5888734e-02  -3.6095455e-01  -4.0110235e-02   5.1324797e-03   4.0498647e-03   5.4741565e-03
  -3.1268722e-02  -3.6870810e-01  -5.6534791e-02   5.3071611e-03   4.3431037e-03   5.8710415e-03
  -2.5276254e-02  -3.9607778e-01  -2.3843157e-02   5.7811920e-03   4.7694176e-03   6.2375894e-03
  -3.6672676e-02  -3.9111339e-01  -6.9005587e-02   5.7231517e-03   5.0908007e-03   6.3799106e-03
  -9.3719713e-02  -4.1840298e-01  -4.4114066e-02   4.9479965e-03   5.5051918e-03   6.0065853e-03
  -9.3302241e-02  -3.9848890e-01  -5.4345096e-02   4.1380988e-03   5.1180118e-03   5.8783423e-03
  -9.4706704e-02  -4.3562584e-01  -9.5135097e-02   4.9051557e-03   4.9495427e-03   5.7231863e-03
  -7.7290489e-02  -4.8531770e-01  -1.0958776e-01   5.4046574e-03   5.0910313e-03   6.1497469e-03
  -1.0825397e-01  -4.9489717e-01  -9.8720706e-02   5.0864351e-03   5.6202468e-03   5.7093715e-03
  -1.1265509e-01  -5.5562959e-01  -1.0678399e-01   5.7143650e-03   5.5891876e-03   5.6826214e-03
  -1.0367357e-01  -5.5349789e-01  -1.1114369e-01   6.0573324e-03   5.6215940e-03   5.8471786e-03
  -7.8112786e-02  -5.6466794e-01  -1.4813283e-01   6.1457846e-03   5.7226195e-03   6.1920098e-03
  -7.8565934e-02  -4.8978646e-01  -1.7310337e-01   5.4001968e-03   6.1886926e-03   5.7672869e-03
  -7.4971805e-02  -4.4798365e-01  -1.7119527e-01   4.9427149e-03   6.5508124e-03   6.3061762e-03
  -7.5114862e-02  -4.4727275e-01  -1.2727341e-01   4.5759601e-03   6.4756955e-03   6.3366490e-03
  -5.6345935e-02  -4.4756295e-01  -1.3128879e-01   4.6396317e-03   6.3574954e-03   6.6147208e-03
  -6.0968934e-02  -4.4642872e-01  -1.0195351e-01   4.3021032e-03   6.6276182e-03   7.0801300e-03
  -5.1416802e-02  -4.2435935e-01  -1.2213232e-01   4.0593274e-03   6.3163259e-03   7.1878328e-03
  -1.2675882e-01  -5.1069236e-01  -1.1113174e-01   4.2696285e-03   6.9025810e-03   6.5134310e-03
  -1.4814109e-01  -5.2652975e-01  -1.3721779e-01   4.0792689e-03   6.7571757e-03   5.5878851e-03
  -1.3970597e-01  -5.6197485e-01  -1.6295821e-01   4.3103948e-03   6.6399058e-03   5.7479837e-03
  -1.3166604e-01  -5.7203542e-01  -1.8075032e-01   4.2161969e-03   7.0609695e-03   5.9451832e-03
  -1.0089295e-01  -6.0193569e-01  -1.9572721e-01   4.6613318e-03   7.2213444e-03   6.5363104e-03
  -1.5712538e-01  -5.9611135e-01  -1.9525884e-01   4.0675197e-03   7.5004850e-03   5.6539660e-03
  -1.5310099e-01  -6.3564138e-01  -2.4440340e-01   4.4470424e-03   7.6059435e-03   5.6990669e-03
  -1.3049549e-01  -5.5915405e-01  -2.9487986e-01   3.1215728e-03   8.0573585e-03   5.6605362e-03
  -1.4591910e-01  -5.2799303e-01  -2.7598489e-01   2.7428007e-03   8.2708645e-03   5.7727323e-03
  -1.5692084e-01  -5.0894451e-01  -2.5254418e-01   2.3253623e-03   8.2234015e-03   5.5134379e-03
  -1.5499235e-01  -4.9093793e-01  -2.5506870e-01   2.3127841e-03   8.3149218e-03   5.5063705e-03
  -1.3982855e-01  -4.9517266e-01  -2.5218312e-01   2.2220046e-03   8.1173990e-03   5.4920240e-03
  -1.3790074e-01  -4.9370821e-01  -2.4763129e-01   2.2689476e-03   8.2219928e-03   5.7325735e-03
  -1.4974490e-01  -4.8972456e-01  -2.6109017e-01   2.2710234e-03   8.4087073e-03   5.4660484e-03
  -1.6193378e-01  -4.8921019e-01  -2.5666099e-01   2.2235203e-03   8.9415656e-03   5.6002070e-03
  -1.6064706e-01  -4.9748876e-01  -2.3179099e-01   2.4746824e-03   9.0182280e-03   5.8274917e-03
  -1.6712962e-01  -5.0591183e-01  -2.3749850e-01   2.8770564e-03   8.9474266e-03   5.7365676e-03
  -1.6166531e-01  -5.0637568e-01  -2.1577294e-01   2.7523542e-03   8.9092617e-03   5.7499924e-03
  -1.5629092e-01  -5.1751864e-01  -2.2316911e-01   2.4201076e-03   9.0968654e-03   5.8275251e-03
  -1.5955693e-01  -5.3188351e-01  -2.4497149e-01   3.0600219e-03   9.2166923e-03   5.7429908e-03
  -1.5414890e-01  -5.3318635e-01  -2.3073375e-01   2.6783238e-03   8.7903404e-03   5.5951193e-03
  -1.6245998e-01  -5.5362241e-01  -2.2513900e-01   3.1700446e-03   8.8952975e-03   5.5427598e-03
  -1.4370489e-01  -5.2912816e-01  -2.5659323e-01   2.9387636e-03   8.6921098e-03   5.8501029e-03
  -2.0801994e-01  -5.8158125e-01  -2.3767317e-01   2.4745029e-03   9.2800177e-03   5.4106070e-03
  -3.1782864e-01  -6.3136528e-01  -2.3381927e-01   1.7006253e-03   1.0195938e-02   3.7051817e-03
  -2.6622000e-01  -6.3203827e-01  -2.6454675e-01   1.5933416e-03   9.5680004e-03   4.2073690e-03
  -2.3143624e-01  -6.2817211e-01  -2.9183655e-01   1.3871552e-03   9.1379959e-03   4.6159112e-03
  -2.3278375e-01  -6.3804039e-01  -2.8557838e-01   1.5314415e-03   9.3969119e-03   4.5142070e-03
  -2.3269846e-01  -6.6290220e-01  -2.8971298e-01   1.6051326e-03   9.2550781e-03   4.4531072e-03
  -2.4433291e-01  -7.1459709e-01  -3.0012844e-01   2.3956050e-03   8.8968532e-03   3.9463254e-03
  -2.6020869e-01  -7.6697147e-01  -2.7626625e-01   3.1678358e-03   8.7800238e-03   3.5450646e-03
  -2.2330797e-01  -7.9483826e-01  -2.8038182e-01   3.6151369e-03   7.9545736e-03   3.4718779e-03
  -2.3540700e-01  -8.3125926e-01  -3.0966809e-01   4.3673546e-03   7.9432214e-03   3.2057011e-03
  -2.6053442e-01  -8.1866387e-01  -3.0993778e-01   4.4037246e-03   8.3704672e-03   3.0166142e-03
  -2.4421387e-01  -8.0642036e-01  -3.3623716e-01   4.0543266e-03   8.4782901e-03   3.8229074e-03
  -2.4763769e-01  -8.1037766e-01  -3.2631088e-01   4.1407916e-03   8.6986734e-03   4.1414100e-03
  -2.4218908e-01  -8.1760225e-01  -3.3258041e-01   3.8633218e-03   8.8018377e-03   4.3498349e-03
  -2.4540433e-01  -8.1939023e-01  -3.3224978e-01   4.0667894e-03   8.8902708e-03   4.6991443e-03
  -2.5221492e-01  -8.4735075e-01  -3.0618349e-01   4.6894055e-03   8.8557387e-03   4.6644032e-03
  -2.4327686e-01  -8.9326754e-01  -3.3640085e-01   5.1490793e-03   9.0577214e-03   4.9336132e-03
  -1.8375275e-01  -8.0234828e-01  -3.5154613e-01   4.5590765e-03   8.7307726e-03   5.0388127e-03
  -1.9612767e-01  -7.5933493e-01  -2.8003142e-01   3.7688223e-03   8.7028502e-03   5.1892569e-03
  -2.0473499e-01  -7.3187752e-01  -2.5975686e-01   3.4829800e-03   8.7500195e-03   5.7011258e-03
  -1.9325935e-01  -7.5843571e-01  -2.7350889e-01   4.1400407e-03   8.9988363e-03   5.8551733e-03
  -1.8848515e-01  -7.4056945e-01  -2.9089286e-01   3.9737890e-03   9.2287988e-03   5.6991275e-03
  -1.8524259e-01  -7.3864957e-01  -2.3634053e-01   3.5518769e-03   9.0592843e-03   5.7883548e-03
  -1.9246242e-01  -7.3781954e-01  -2.3592180e-01   3.7623277e-03   9.4032086e-03   5.6823723e-03
  -1.6818808e-01  -7.4771566e-01  -2.3100236e-01   3.9036936e-03   9.0940672e-03   5.7526987e-03
  -1.5948600e-01  -7.6051204e-01  -2.1680139e-01   3.9274465e-03   9.1135580e-03   5.9507164e-03
  -1.5902612e-01  -7.4831393e-01  -2.0901865e-01   3.5397573e-03   9.2343963e-03   6.0205124e-03
  -1.4630788e-01  -7.4991375e-01  -1.9909793e-01   3.7539846e-03   9.0831440e-03   6.2037988e-03
  -1.4631209e-01  -7.6573799e-01  -2.0999265e-01   4.0889814e-03   9.0982532e-03   6.1977346e-03
  -1.4472633e-01  -7.6399696e-01  -1.9578695e-01   3.7352160e-03   9.0045046e-03   6.3288344e-03
  -1.2638549e-01  -7.8405668e-01  -2.1817037e-01   4.2100646e-03   8.7266243e-03   6.2221171e-03
  -1.3084950e-01  -7.6237648e-01  -2.3161684e-01   4.2422019e-03   8.7119312e-03   6.0947872e-03
  -1.3734413e-01  -7.8969753e-01  -2.0098102e-01   4.9059178e-03   8.8797630e-03   6.2433130e-03
  -1.6026896e-01  -8.0116924e-01  -2.2403193e-01   4.6140710e-03   9.1857010e-03   6.6457867e-03
  -2.4615763e-01  -8.9985613e-01  -1.6662819e-01   3.8423916e-03   9.5320419e-03   5.4046716e-03
  -2.1897712e-01  -9.3292911e-01  -2.1981568e-01   4.2867850e-03   9.1109657e-03   5.8314653e-03
  -2.0229350e-01  -9.5319577e-01  -2.7041465e-01   5.2316008e-03   8.9259911e-03   5.6393340e-03
  -1.9210579e-01  -9.8098334e-01  -2.6805378e-01   5.2231699e-03   9.0208038e-03   5.5485423e-03
  -1.8396924e-01  -9.8372122e-01  -2.8510042e-01   4.8660823e-03   9.1728343e-03   5.9122896e-03
  -1.6225499e-01  -1.0534736e+00  -3.0834363e-01   5.7605118e-03   9.2171502e-03   6.5857891e-03
  -1.7301541e-01  -1.0512574e+00  -3.3542317e-01   5.7986854e-03   8.9641093e-03   6.1250402e-03
  -1.6401529e-01  -1.0807206e+00  -3.3303449e-01   5.8179701e-03   8.8536333e-03   5.1821244e-03
  -1.8208069e-01  -1.1396128e+00  -3.3935483e-01   6.4139684e-03   9.3533449e-03   4.9672409e-03
  -1.8525663e-01  -1.1689905e+00  -3.5592064e-01   6.9206376e-03   9.5821346e-03   4.9131551e-03
  -1.5922021e-01  -1.2148759e+00  -3.5114729e-01   7.6833952e-03   9.7275405e-03   5.3289956e-03
  -1.4948540e-01  -1.1529766e+00  -3.6293055e-01   7.3749834e-03   9.2432441e-03   4.4230010e-03
