   0.0000000e+00   0.0000000e+00   0.0000000e+00   0.0000000e+00   0.0000000e+00   4.3368087e-19
  -9.9028026e-03  -3.1828209e-02   7.5995243e-02  -1.6223528e-04  -3.9787859e-04  -9.4598458e-05
  -8.7313039e-03  -2.1094823e-02   2.1217838e-02   2.9489607e-04  -2.7967294e-04   7.1426191e-05
  -1.4145225e-02  -3.8041455e-02   5.9416363e-02   1.8619657e-04  -5.9310664e-04  -1.0720796e-04
  -5.6513088e-03  -1.2725351e-02   1.7145460e-02   1.6244561e-04  -6.1153707e-04   3.5033002e-04
   2.1288857e-03  -4.6065813e-02   4.3841988e-02  -7.0200582e-05  -8.5221726e-04   4.3993502e-04
   6.5041621e-03  -6.4579125e-02   1.0136376e-02   1.6477205e-04  -1.1080959e-03   4.8351829e-04
   5.7743292e-03  -8.1093433e-02  -1.4604065e-02   1.9567472e-04  -1.0722955e-03   6.6590770e-04
   1.7825252e-02  -1.1353008e-01  -1.0738250e-02   4.9545503e-04  -1.1703118e-03   6.8785575e-04
   2.0197328e-02  -1.2404602e-01  -2.9556949e-02   6.3465384e-04  -1.0856546e-03   9.4388351e-04
   2.5428473e-02  -1.3182109e-01  -3.0119568e-02   6.9753480e-04  -1.1558667e-03   7.3878690e-04
   1.3697293e-02  -1.3516825e-01  -3.0675834e-02   5.5315678e-04  -9.8074021e-04   7.4516645e-04
   1.1942892e-02  -1.5360145e-01  -4.2219131e-02   8.5562934e-04  -8.3541584e-04   1.0267605e-03
  -2.2964107e-03  -1.4374762e-01  -6.2689528e-02   7.2604497e-04  -4.0754640e-04   1.1180934e-03
   2.3897096e-03  -1.4698386e-01  -9.7675553e-02   9.1836564e-04  -3.6833003e-04   1.2001497e-03
   1.4419292e-02  -1.5289747e-01  -9.0507040e-02   9.0459330e-04  -6.3631127e-04   1.2045415e-03
   1.0745726e-02  -1.8302502e-01  -9.3536627e-02   1.0283983e-03  -4.9777710e-04   1.2925507e-03
  -1.1187465e-04  -1.6636005e-01  -1.1136607e-01   8.5186670e-04  -1.1552235e-04   1.0503802e-03
   1.2928415e-02  -1.8732370e-01  -1.0330042e-01   1.0399010e-03  -2.4827148e-04   1.2475885e-03
   3.7578657e-03  -2.0046709e-01  -1.1496452e-01   1.3435528e-03  -8.9392255e-05   1.4602888e-03
  -1.9723478e-02  -1.8989414e-01  -9.3399659e-02   6.0614344e-04   4.1769937e-04   1.3399603e-03
  -3.6427807e-02  -1.5589763e-01  -1.3607900e-01   1.4660858e-04   9.7115702e-04   1.7744486e-03
  -4.3154643e-02  -1.6066649e-01  -1.0656733e-01  -7.0743622e-05   6.8027419e-04   8.6997048e-04
  -6.7636174e-02  -9.9267797e-02  -1.5083785e-01  -1.0968828e-04   8.5383011e-04   3.0113955e-04
  -7.5885623e-02  -1.2922439e-01  -1.0389592e-01   5.8939872e-04   1.0444093e-03   3.7441427e-04
  -9.2985247e-02  -1.6362358e-01  -1.2274850e-01   1.1790365e-03   1.0402009e-03   1.4567429e-05
  -7.7814182e-02  -1.7102163e-01  -4.4381234e-02   1.0941524e-03   6.8386672e-04  -6.9292930e-05
  -7.4802563e-02  -1.5479973e-01  -8.6528898e-02   1.3624279e-03   6.5582897e-04  -2.8659012e-04
  -7.3514181e-02  -1.8739992e-01  -3.9378675e-02   1.0319174e-03   5.3504618e-04  -3.6335746e-04
  -6.7476650e-02  -1.6264240e-01  -9.5398420e-02   1.0996722e-03   4.2012952e-04  -2.3868173e-04
  -7.3538284e-02  -1.9793706e-01  -3.9210211e-02   1.1960896e-03   4.1901046e-04  -6.1729141e-04
  -9.5819680e-02  -1.6342182e-01  -1.0112865e-01   1.3377337e-03   1.1244180e-03  -7.6855619e-04
  -9.7242906e-02  -2.0369666e-01  -2.9143248e-02   1.0451981e-03   1.0275996e-03  -5.4379938e-04
  -9.3930930e-02  -1.8279180e-01  -7.6365574e-02   1.8277671e-03   7.1457007e-04  -8.8794012e-04
  -9.4212221e-02  -1.9795816e-01  -7.8049117e-02   1.7724323e-03   6.4408572e-04  -1.3453228e-03
  -1.0926180e-01  -1.9365490e-01  -1.0253015e-01   2.2610623e-03   9.9245309e-04  -1.1638437e-03
  -1.0821778e-01  -2.1554542e-01  -7.9361100e-02   1.8971109e-03   1.0296085e-03  -1.3120464e-03
  -1.0523114e-01  -1.9928658e-01  -8.4840791e-02   1.9694072e-03   9.1557346e-04  -1.0779865e-03
  -7.9242792e-02  -1.9918974e-01  -8.7174197e-02   1.5052914e-03   5.6128050e-04  -3.4498057e-04
  -7.6924588e-02  -2.0171570e-01  -1.1270102e-01   1.4122981e-03   3.0618848e-04  -2.5088063e-04
  -7.3316360e-02  -2.1043591e-01  -1.3305450e-01   1.2840840e-03   1.7462486e-04  -4.1683392e-04
  -6.8336936e-02  -2.1887759e-01  -1.3417957e-01   1.1050489e-03   2.0081598e-04  -2.9044361e-04
  -7.1192982e-02  -2.4338559e-01  -1.0630139e-01   1.0858883e-03   3.5991247e-04  -5.2298718e-04
  -6.6311368e-02  -2.5085568e-01  -1.2238269e-01   1.2451549e-03   4.0151661e-04  -6.3017442e-04
  -6.9451030e-02  -2.3629764e-01  -1.5460672e-01   1.3472829e-03   3.6197364e-04  -4.8077917e-04
  -5.8282559e-02  -2.5026524e-01  -1.3103320e-01   1.1494480e-03   1.7688122e-04  -3.7964589e-04
  -5.3600074e-02  -2.5761496e-01  -1.3603198e-01   1.2042170e-03   1.0979328e-04  -5.2208262e-04
  -4.7895088e-02  -2.5373495e-01  -1.3843594e-01   1.1438268e-03   1.0081171e-04  -4.0988119e-04
  -4.3742934e-02  -2.6518622e-01  -1.5675196e-01   1.1050294e-03   1.2925856e-04  -2.7340758e-04
  -4.5765140e-02  -2.8479220e-01  -1.3383314e-01   9.8408101e-04   2.9073244e-04  -1.8056885e-04
  -5.6015973e-02  -2.7805841e-01  -1.4644037e-01   5.8029329e-04   5.5900704e-04  -1.6790402e-04
  -9.6621418e-02  -1.9303223e-01  -1.6883816e-01  -2.7841213e-04   1.2604243e-03  -7.4057495e-04
  -8.9016916e-02  -2.7829161e-01  -1.0055423e-01   6.0097743e-04   1.3568580e-03  -1.1968713e-03
  -9.4313162e-02  -2.5369429e-01  -1.5273130e-01   7.2987808e-04   1.4414920e-03  -8.5696266e-04
  -1.0307557e-01  -2.5098143e-01  -1.1678879e-01   6.8152978e-04   1.4257778e-03  -1.0314776e-03
  -1.3678226e-01  -2.1462407e-01  -1.7643167e-01   3.4332662e-04   2.1146565e-03  -1.5541366e-03
  -1.2564242e-01  -2.7959760e-01  -8.5137805e-02   2.5896992e-04   1.8932216e-03  -1.7598925e-03
  -1.2870617e-01  -2.4994060e-01  -1.2293402e-01   4.7450072e-04   1.9601285e-03  -1.7757726e-03
  -1.3987954e-01  -2.7133727e-01  -7.2623572e-02   5.8842000e-04   2.1487543e-03  -1.3208850e-03
  -1.1251647e-01  -2.8655679e-01  -7.5127658e-02   6.5002022e-04   1.5664108e-03  -1.3608485e-03
  -8.5633422e-02  -2.6575105e-01  -6.7249323e-02   3.3574313e-04   1.3963039e-03  -6.2832744e-04
  -7.3958590e-02  -2.6871566e-01  -9.5663620e-02   1.9598104e-04   1.2208631e-03  -3.7085663e-04
  -7.5364214e-02  -2.9723313e-01  -1.1657528e-01   3.1088717e-04   1.0282827e-03  -1.1150549e-04
  -5.9851582e-02  -3.1256970e-01  -1.2406940e-01   3.6771096e-04   9.1875711e-04  -7.4977388e-05
  -4.9838353e-02  -3.4103802e-01  -1.1599896e-01   3.5674176e-04   6.2764500e-04   9.4567042e-05
  -5.3408439e-02  -3.2780401e-01  -1.3679656e-01   2.1886864e-04   7.0298832e-04   2.2765795e-04
  -6.5799559e-02  -3.4625705e-01  -1.6300631e-01   9.1637944e-05   6.9161723e-04   2.8512518e-04
  -7.6897674e-02  -3.6662324e-01  -1.8072419e-01   2.1710344e-05   7.4515560e-04   6.5589740e-04
  -6.9225889e-02  -3.8749696e-01  -1.8092147e-01   7.5939249e-05   5.2126686e-04   7.8030365e-04
  -7.8881289e-02  -4.1658846e-01  -2.0553007e-01   2.3103602e-04   4.9797882e-04   8.7059993e-04
  -7.7645874e-02  -4.2148780e-01  -2.1455267e-01  -1.2484427e-05   5.2265499e-04   1.1418717e-03
  -9.0491286e-02  -4.3290210e-01  -2.2281124e-01  -2.7849532e-04   6.7399834e-04   1.1135749e-03
  -8.7785782e-02  -4.8130179e-01  -2.0955365e-01   1.6399493e-04   4.4048590e-04   8.8354962e-04
  -8.9495605e-02  -5.0532783e-01  -2.0216489e-01   7.9037295e-05   3.9360694e-04   7.5618693e-04
  -1.0500940e-01  -4.4645574e-01  -1.6542268e-01  -6.5971746e-04   8.6243358e-04   1.6814202e-04
  -1.3849550e-01  -3.5976204e-01  -1.2909392e-01  -1.4028821e-03   1.6575312e-03  -9.4628652e-04
  -1.2324133e-01  -5.5747976e-01   3.5834693e-02  -3.4324108e-04   1.5852252e-03  -1.3815907e-03
  -1.4154222e-01  -5.8627689e-01   3.8146074e-02   9.2384145e-04   1.7259292e-03  -1.8679538e-03
  -8.9453879e-02  -4.7350140e-01   4.5185391e-02  -2.4559912e-04   9.8512395e-04  -1.4296323e-03
  -9.5994427e-02  -4.4949237e-01  -4.2352978e-02  -1.3098812e-05   8.4549022e-04  -1.7815780e-03
  -1.2673377e-01  -4.5994950e-01  -1.6660090e-02   6.6128941e-04   1.5068405e-03  -2.5493286e-03
  -1.5136188e-01  -4.3429641e-01  -6.1841826e-02   1.4199296e-03   1.9203454e-03  -2.9944127e-03
  -1.7553527e-01  -4.7509134e-01  -3.1361102e-03   2.3613295e-03   2.7320926e-03  -3.2516740e-03
  -1.7628724e-01  -4.2605319e-01  -3.9122767e-02   2.3774070e-03   2.4916948e-03  -3.3649489e-03
  -1.6961722e-01  -4.3789312e-01  -6.5518242e-02   2.2432383e-03   2.3339145e-03  -3.2919479e-03
  -1.7295195e-01  -4.3354091e-01  -7.4022170e-02   2.8122129e-03   2.7817798e-03  -2.6846577e-03
  -1.5427038e-01  -4.5122454e-01  -4.8444500e-02   2.3394009e-03   2.3743881e-03  -1.9627802e-03
  -1.4766526e-01  -4.6103954e-01  -6.1312819e-02   1.5434664e-03   1.9916522e-03  -2.0394120e-03
  -1.3807192e-01  -4.6926165e-01  -9.6341356e-02   1.6047792e-03   1.8882438e-03  -1.8755267e-03
  -1.3261322e-01  -4.8044718e-01  -7.5745817e-02   1.2393897e-03   1.7379371e-03  -1.8104747e-03
  -1.3068415e-01  -4.8498958e-01  -1.2012152e-01   1.4476540e-03   1.6826142e-03  -1.8573039e-03
  -1.2074288e-01  -4.9470627e-01  -1.0639570e-01   1.0959735e-03   1.4792421e-03  -1.7789357e-03
  -1.2344365e-01  -4.9676332e-01  -1.1359869e-01   9.8955921e-04   1.6055943e-03  -1.5421189e-03
  -1.3881619e-01  -5.2902119e-01  -1.1710920e-01   8.4106425e-04   1.8118341e-03  -1.2388669e-03
  -1.3452502e-01  -5.3598559e-01  -1.2879732e-01   6.2682681e-04   1.5450154e-03  -1.1342545e-03
  -1.4223709e-01  -5.2782503e-01  -1.3103981e-01   1.7464954e-04   1.6510524e-03  -1.2066040e-03
  -1.4590573e-01  -5.2302335e-01  -1.4304659e-01  -8.2632231e-05   1.7932673e-03  -1.2044871e-03
  -1.5081462e-01  -5.4207663e-01  -1.5791322e-01   1.1351102e-04   1.8263444e-03  -1.2321890e-03
  -1.6067973e-01  -5.5935777e-01  -1.7900796e-01   1.8916183e-04   1.9894356e-03  -1.2304031e-03
  -1.6336484e-01  -5.6263693e-01  -1.7854801e-01  -8.6161861e-05   2.0130180e-03  -1.2064208e-03
  -1.7060258e-01  -5.6427172e-01  -2.1635192e-01  -2.0984417e-04   2.1580902e-03  -1.0312907e-03
  -1.8355535e-01  -5.3617536e-01  -2.2250905e-01  -6.9353256e-04   2.3658108e-03  -1.1074597e-03
  -1.9407542e-01  -5.7106333e-01  -2.1779534e-01  -5.1519911e-04   2.4722789e-03  -8.6907027e-04
  -2.1863595e-01  -4.5425408e-01  -1.8580136e-01  -1.9935598e-03   2.6104620e-03  -1.6342699e-03
  -2.1710381e-01  -4.3540179e-01  -1.5318470e-01  -1.7543894e-03   2.6867841e-03  -1.5216519e-03
  -2.0686449e-01  -4.3458839e-01  -1.9392350e-01  -1.0573610e-03   2.7277281e-03  -1.5728332e-03
  -2.1412622e-01  -4.3644507e-01  -1.8452123e-01  -5.0561594e-04   3.0611646e-03  -1.4765076e-03
  -1.9858150e-01  -4.5952448e-01  -1.3326588e-01   3.8944873e-05   3.0246394e-03  -1.6516478e-03
  -1.9161649e-01  -4.4395965e-01  -1.6677740e-01   2.3551842e-04   2.9322869e-03  -1.5944317e-03
  -1.9005697e-01  -4.5245470e-01  -1.4993262e-01  -8.7028079e-05   2.9195048e-03  -1.6185947e-03
  -1.7791305e-01  -4.5540130e-01  -1.6003688e-01  -7.7420230e-04   2.7555935e-03  -9.7339341e-04
  -1.7601506e-01  -4.6511990e-01  -1.8139637e-01  -9.3507145e-04   2.5467512e-03  -8.7192532e-04
  -1.7010856e-01  -4.8438331e-01  -2.1160968e-01  -8.5372839e-04   2.4507797e-03  -8.1029007e-04
  -1.7328196e-01  -4.9832396e-01  -1.8935372e-01  -7.9652963e-04   2.5993928e-03  -7.2964714e-04
  -1.7900056e-01  -5.1950237e-01  -1.9940519e-01  -4.9471494e-04   2.6652063e-03  -7.6771715e-04
  -1.6834584e-01  -5.3079363e-01  -2.0904448e-01  -5.8102241e-04   2.4904151e-03  -6.5300810e-04
  -1.7564684e-01  -5.0236936e-01  -2.1830475e-01  -7.9974045e-04   2.5315723e-03  -8.7556136e-04
  -1.8769563e-01  -4.9496323e-01  -2.0670524e-01  -2.5514788e-04   2.7395933e-03  -9.7677150e-04
  -1.8972772e-01  -5.0119352e-01  -2.3115119e-01   3.3653885e-04   2.8217933e-03  -1.0624011e-03
  -1.9727825e-01  -5.2988814e-01  -1.9156518e-01   9.4563349e-04   2.9772089e-03  -1.1012017e-03
