   0.0000000e+00   0.0000000e+00   0.0000000e+00  -8.6736174e-19   0.0000000e+00   0.0000000e+00
   8.8270840e-03  -1.9403961e-02   4.2577388e-02   6.3385700e-05   1.8723470e-06   3.3928339e-04
   1.5075156e-02  -4.6898760e-02   3.6462940e-02   6.2468155e-04  -4.5684071e-05   3.1669235e-04
   1.5186144e-02  -6.7238114e-02   6.8509477e-02   8.3979501e-05   2.0714042e-05   1.3336948e-04
  -2.0945933e-02  -5.4991828e-02   1.1340946e-01  -1.1560145e-03   6.8781067e-04  -2.6224104e-04
  -3.5203916e-02  -5.3591749e-02   3.4892051e-02  -7.0654738e-04   1.3392084e-03  -3.6212292e-04
  -5.8576544e-02  -2.4480735e-02  -1.0581956e-02  -1.2385943e-03   1.8034570e-03  -4.2302484e-04
  -7.4859156e-02  -3.2405714e-02   2.6821280e-02  -1.3261923e-03   1.9693195e-03  -7.1476244e-04
  -8.2030075e-02  -2.1235345e-02   2.2790229e-02  -1.5594735e-03   2.1998724e-03  -7.0966722e-04
  -8.7606101e-02  -1.5611793e-02  -2.9601240e-03  -2.3307242e-03   2.5325175e-03  -3.5082540e-04
  -9.0749862e-02  -1.5389128e-02  -1.4488642e-02  -2.7755288e-03   2.5664203e-03  -3.3728212e-04
  -9.8577857e-02  -4.4438784e-02   6.2158490e-02  -3.2831352e-03   2.5474377e-03  -4.2535022e-04
  -8.6510262e-02  -4.1497462e-02   9.0936278e-02  -4.1569066e-03   2.8518335e-03   3.7778726e-04
  -8.2082522e-02  -1.4534953e-02   9.2796545e-02  -4.8178324e-03   3.2268971e-03   6.6340942e-04
  -6.2185535e-02  -1.6277208e-02   1.3213232e-01  -4.5106675e-03   2.9173895e-03   9.4600501e-04
  -3.5140904e-02  -4.0183740e-02   2.3929349e-01  -4.8593895e-03   2.7100418e-03   1.0996965e-03
  -3.6093603e-04  -4.8751157e-02   2.0416876e-01  -4.8288243e-03   2.3955137e-03   1.7078875e-03
   1.1654292e-02  -6.4549946e-02   2.3704931e-01  -4.9682611e-03   1.7751019e-03   1.8051745e-03
   6.5352426e-03  -4.8378068e-02   2.0248198e-01  -5.1692402e-03   1.8926080e-03   1.7532491e-03
   2.6062570e-04  -2.5651379e-02   2.0494036e-01  -5.4675211e-03   1.7017655e-03   1.6169283e-03
  -2.4810199e-02  -2.1238422e-02   1.9697209e-01  -5.8659394e-03   2.0121841e-03   1.6034768e-03
   2.1908537e-03  -5.7101799e-02   2.0014334e-01  -5.6223364e-03   2.0118597e-03   1.8557047e-03
   3.3720877e-03  -4.0104093e-02   2.2837926e-01  -6.3748553e-03   1.9007922e-03   1.8207180e-03
   8.6178109e-04  -3.3907591e-02   2.1029584e-01  -6.5361188e-03   1.9392862e-03   1.9601924e-03
  -3.5470244e-03  -3.5851534e-02   1.8361225e-01  -6.0116706e-03   1.8225341e-03   1.8942912e-03
   9.6279802e-03  -3.8501756e-02   2.2901195e-01  -6.4317325e-03   1.5581408e-03   2.0151867e-03
   2.1449139e-03  -6.1801715e-02   1.9652947e-01  -5.6762805e-03   1.7363681e-03   2.1582177e-03
  -3.3094663e-03  -7.9443282e-02   2.0404192e-01  -6.2651459e-03   1.1330181e-03   1.8476675e-03
  -2.3539422e-02  -7.1845643e-02   1.5578909e-01  -5.7356906e-03   1.1362221e-03   1.4544794e-03
  -1.1788140e-02  -5.1008235e-02   1.3055446e-01  -6.0971783e-03   1.0163924e-03   1.5421111e-03
  -2.6984389e-02  -6.1322154e-02   1.6628794e-01  -6.4319477e-03   1.3726162e-03   1.4151044e-03
  -2.3458750e-02  -5.3224331e-02   1.0336574e-01  -7.1149234e-03   1.8343142e-03   1.5892849e-03
  -2.8720403e-02  -7.5504675e-02   1.7233245e-01  -6.9389714e-03   1.8328077e-03   1.5669874e-03
  -2.7574541e-02  -9.2772968e-02   1.9702218e-01  -7.3976781e-03   1.9165049e-03   1.5713435e-03
  -3.4804959e-02  -9.1871133e-02   2.1793650e-01  -8.2020644e-03   2.1161776e-03   1.5740649e-03
  -3.7865323e-02  -1.3449107e-01   2.3672350e-01  -7.6348161e-03   1.6611762e-03   1.3837051e-03
  -1.2896333e-01  -1.2238420e-01   2.4653753e-01  -7.9259186e-03   1.9438572e-03   3.6636346e-05
  -9.0785090e-02  -1.0732579e-01   2.5136477e-01  -7.3399204e-03   2.2169820e-03   5.4704978e-04
  -5.2192643e-02  -9.1316216e-02   3.2286140e-01  -7.7996055e-03   2.2923563e-03   1.2750821e-03
  -4.1315917e-02  -1.0678661e-01   3.4268138e-01  -7.9469538e-03   2.4471633e-03   1.4830319e-03
  -1.4002510e-02  -1.3595949e-01   3.9593182e-01  -8.0488269e-03   1.7917887e-03   1.4989574e-03
  -4.6956973e-02  -1.4682647e-01   2.7234434e-01  -6.0736236e-03   1.6036605e-03   4.8565678e-04
  -1.2192014e-02  -1.3364058e-01   1.3631736e-01  -6.2153417e-03   1.9965492e-03   1.5260932e-03
  -5.7663806e-03  -1.2037066e-01   2.1102123e-01  -7.1642110e-03   2.3459034e-03   1.8736084e-03
  -1.6891814e-02  -1.1873299e-01   2.1870633e-01  -7.5933442e-03   2.4084002e-03   2.0328625e-03
  -3.7639517e-02  -1.3452690e-01   2.1886963e-01  -7.6543746e-03   3.1955122e-03   2.1417347e-03
  -2.0146922e-02  -1.6868716e-01   3.0034481e-01  -7.9057364e-03   2.7835957e-03   2.1259980e-03
  -1.9799356e-02  -1.8509929e-01   2.7665713e-01  -8.3921647e-03   3.3224150e-03   2.3446627e-03
  -9.2624667e-03  -1.8347151e-01   2.8791902e-01  -8.6093683e-03   3.5968312e-03   2.4098542e-03
  -1.4867682e-02  -1.7139201e-01   3.0668101e-01  -9.3388801e-03   3.4368891e-03   2.6198176e-03
  -2.3478769e-02  -1.6448782e-01   2.4993316e-01  -9.0215802e-03   3.3962483e-03   2.7722850e-03
  -2.3256754e-02  -1.5768552e-01   2.9898142e-01  -9.7301707e-03   3.2211268e-03   2.5301347e-03
  -2.1866241e-02  -1.3395970e-01   2.4095577e-01  -9.7298725e-03   3.4225278e-03   2.8658705e-03
  -2.8566305e-02  -1.5557393e-01   2.0701605e-01  -9.7210992e-03   3.6615490e-03   2.9970003e-03
  -2.7509359e-02  -1.6106866e-01   2.7735581e-01  -1.0055071e-02   3.4077543e-03   3.1141997e-03
  -2.0124715e-02  -1.4791921e-01   2.7507178e-01  -1.0368596e-02   3.0195734e-03   2.9765223e-03
  -1.3129720e-02  -1.5469923e-01   2.6759056e-01  -1.0382769e-02   3.3622338e-03   3.0047267e-03
  -2.4307759e-02  -1.6057566e-01   2.2006646e-01  -1.0308228e-02   3.3141999e-03   2.6353987e-03
  -5.6945832e-02  -1.7404940e-01   2.1109678e-01  -9.3491540e-03   2.5552000e-03   1.9016324e-03
  -1.7176883e-01  -1.6948715e-01   2.0956853e-01  -9.4096700e-03   3.7406485e-03   3.5117198e-05
  -3.0713913e-01  -1.5383802e-01   1.1715901e-01  -8.1625164e-03   1.5101772e-03  -2.9243528e-03
  -2.9482165e-01  -1.3026468e-01   2.1263076e-01  -8.6724355e-03   1.6884904e-03  -2.5822389e-03
  -2.5467420e-01  -1.6363798e-01   3.1629495e-01  -8.3208548e-03   1.1292485e-03  -2.1007180e-03
  -2.0613926e-01  -2.1067605e-01   4.0878296e-01  -7.6780987e-03   3.4673205e-04  -1.5890545e-03
  -1.6921964e-01  -1.8787659e-01   3.7522132e-01  -8.5597561e-03   2.1236919e-04  -1.0456772e-03
  -1.4088902e-01  -1.6227654e-01   3.4879984e-01  -8.5033109e-03   2.3184378e-04  -2.2871843e-04
  -1.4825847e-01  -1.5910494e-01   3.8529021e-01  -9.4669164e-03   5.6488750e-04  -3.8134237e-04
  -8.6908520e-02  -2.7395610e-01   3.5290295e-01  -7.2361971e-03   1.9871527e-03   1.9742457e-04
  -2.2889721e-01  -3.1805818e-01  -9.8155344e-02  -7.9883745e-03   4.6469585e-03  -1.7898794e-03
  -2.4964732e-01  -2.8927308e-01  -3.5389092e-02  -7.6492395e-03   3.9128214e-03  -2.3096679e-03
  -2.3007736e-01  -2.6906612e-01   4.4823977e-02  -7.6060811e-03   2.8011323e-03  -2.4029729e-03
  -2.1322109e-01  -2.4055286e-01   8.6756893e-02  -6.9203924e-03   1.9720995e-03  -2.3383641e-03
  -2.0709890e-01  -2.5821627e-01   9.6197631e-02  -6.5955647e-03   1.2282282e-03  -2.3041254e-03
  -2.3124500e-01  -3.6334926e-01  -1.5796764e-01  -1.0813688e-03   2.2641339e-03  -3.7756827e-03
  -2.1057859e-01  -2.9575630e-01  -7.5824863e-02  -4.7371097e-03   1.2701331e-03  -3.3250619e-03
  -1.5634381e-01  -2.7684218e-01  -1.7436573e-01  -3.5491001e-03   1.8961633e-03  -2.7495536e-03
  -7.8553786e-02  -2.6189055e-01  -9.6980333e-03  -5.8841071e-03   1.7435888e-03  -8.3538255e-04
  -9.4524128e-02  -2.7619466e-01   5.8851062e-02  -6.6178703e-03   2.7274334e-03  -2.0313555e-04
  -6.7096854e-02  -2.9615542e-01   1.9978125e-01  -7.5612392e-03   2.6396644e-03   2.8917759e-04
  -3.6821195e-02  -3.0053745e-01   2.1061924e-01  -8.1240676e-03   2.3891041e-03   5.6917132e-04
  -3.1065180e-02  -3.3177047e-01   2.5122283e-01  -8.2777932e-03   2.4441798e-03   6.5294457e-04
  -4.6107104e-02  -3.1787908e-01   2.5218945e-01  -9.2867736e-03   2.1634635e-03   6.5845775e-04
  -2.3579108e-01  -2.7778174e-01   1.2212438e-01  -8.9712294e-03   1.8469597e-03  -3.0249937e-03
  -2.2152247e-01  -2.4466585e-01   1.0506376e-01  -9.7392481e-03   2.8423008e-03  -2.3530548e-03
  -1.9509434e-01  -2.4933584e-01   1.9709373e-01  -9.6167967e-03   3.0870481e-03  -1.2005140e-03
  -2.0221661e-01  -2.6611380e-01   1.5772045e-01  -9.6892508e-03   2.7394121e-03  -1.4613037e-03
  -1.8373757e-01  -2.7421030e-01   2.1518946e-01  -9.6654276e-03   2.7728002e-03  -1.1822627e-03
  -1.5545473e-01  -2.4954575e-01   2.2839979e-01  -1.0014973e-02   2.7633457e-03  -8.3105399e-04
  -1.5070443e-01  -2.4833232e-01   2.7794653e-01  -1.0797721e-02   2.9013667e-03  -8.8652387e-04
  -1.3254108e-01  -2.5070937e-01   2.8302124e-01  -1.0566272e-02   3.0790646e-03  -6.1208148e-04
  -1.1964334e-01  -2.7983109e-01   3.1104686e-01  -1.0477364e-02   2.4914192e-03  -6.6667396e-04
  -1.1946756e-01  -2.8347996e-01   3.1848167e-01  -1.0273674e-02   2.3691456e-03  -6.1042079e-04
  -1.7017418e-01  -3.0591712e-01   2.9875647e-01  -1.0780629e-02   2.4730888e-03  -1.6213726e-03
  -2.1453285e-01  -3.5773044e-01  -8.5042954e-02  -5.1888810e-03   3.5232822e-03  -2.8289594e-03
  -2.4526750e-01  -3.8153226e-01  -2.4676339e-01  -3.4325759e-03   3.4787090e-03  -3.3726475e-03
  -2.7130673e-01  -3.0394567e-01  -7.8016471e-03  -6.4599225e-03   9.8152003e-04  -3.5720368e-03
  -2.8618773e-01  -3.2194129e-01   6.5890195e-02  -6.0085606e-03   9.7201914e-04  -3.5127560e-03
  -2.7218451e-01  -3.1934610e-01   1.0376446e-01  -5.8507698e-03   2.6172928e-04  -3.4979655e-03
  -2.4231500e-01  -4.0766653e-01   2.2463954e-01  -3.9285147e-03   1.2255973e-04  -3.3280838e-03
  -1.8438079e-01  -3.9585526e-01   2.6789428e-01  -6.1976940e-03  -2.0727489e-04  -2.2494935e-03
  -1.5054173e-01  -3.8557951e-01   2.7152138e-01  -7.2349115e-03   1.1698990e-04  -1.4533461e-03
  -1.4587438e-01  -3.8822160e-01   3.5245287e-01  -8.0967328e-03   9.0105625e-05  -1.3953429e-03
  -1.6924973e-01  -3.5808267e-01   3.6405292e-01  -9.0217832e-03   9.2266234e-04  -9.9662667e-04
  -1.6029257e-01  -3.6875439e-01   4.1680506e-01  -9.4740189e-03   1.5328283e-03  -7.3934926e-04
  -1.3966904e-01  -4.0504132e-01   4.3347329e-01  -9.6338370e-03   1.2098131e-03  -4.0227656e-04
  -1.3954993e-01  -4.0381470e-01   4.1893964e-01  -1.0213796e-02   1.5473803e-03  -2.5591449e-04
  -1.3549083e-01  -4.1062574e-01   4.6130256e-01  -1.0767215e-02   1.5373460e-03  -4.7075338e-04
  -1.4363118e-01  -3.9797266e-01   4.8098354e-01  -1.0927139e-02   1.8539673e-03  -3.6542901e-04
  -1.3780558e-01  -3.9809575e-01   4.5321786e-01  -1.0925353e-02   1.8288928e-03  -2.7840340e-04
  -1.4372188e-01  -4.0863762e-01   5.0716591e-01  -1.1439387e-02   1.6381435e-03  -3.6737285e-04
  -1.3666283e-01  -4.0571819e-01   5.5471038e-01  -1.2437639e-02   1.3818850e-03   1.9463511e-05
  -1.4856888e-01  -4.1517780e-01   5.6397064e-01  -1.2570891e-02   2.1498241e-03  -5.8663159e-06
  -1.3327874e-01  -3.9735962e-01   5.9865130e-01  -1.2977673e-02   1.8253883e-03   1.0606974e-04
  -1.6083976e-01  -3.7694746e-01   4.5886739e-01  -1.3159255e-02   2.3393401e-03   7.1514337e-05
  -2.1672485e-01  -3.8280497e-01   2.5063885e-01  -1.1476016e-02   2.4190469e-03  -1.2089190e-03
  -2.4669369e-01  -3.5850693e-01   3.2105305e-01  -1.1755982e-02   3.1957102e-03  -1.4618785e-03
  -2.2717033e-01  -3.7115386e-01   4.0372819e-01  -1.2189735e-02   4.0338880e-03  -1.0431787e-03
  -1.8613966e-01  -3.8466099e-01   4.9376694e-01  -1.2383628e-02   3.2962615e-03  -7.3837388e-04
  -1.6293811e-01  -3.8505039e-01   5.1057285e-01  -1.2212966e-02   3.0606628e-03  -5.5132490e-04
  -1.5994612e-01  -3.8653519e-01   5.1481947e-01  -1.2688263e-02   3.0246818e-03  -5.6859816e-04
