   0.0000000e+00   0.0000000e+00   0.0000000e+00   1.7347235e-18   0.0000000e+00   0.0000000e+00
  -6.5420553e-03  -1.3492381e-02   1.0545569e-02   6.3137651e-04   4.8207216e-05  -4.3012348e-05
   1.1465673e-03  -3.9455116e-02   1.0016052e-02   1.1805367e-03   1.9692846e-05  -9.7423400e-05
   1.3667946e-02  -4.8296714e-02  -1.3506527e-02   1.2063436e-03  -1.6833328e-04  -8.5514983e-05
   5.6409393e-03  -5.0614850e-02  -1.3109793e-02   1.4475544e-03   1.3095021e-05  -1.5671253e-04
  -1.6718018e-03  -2.0788654e-02  -2.1278729e-02   9.0511676e-04  -3.2090059e-04  -1.9983093e-04
  -9.8716800e-03  -1.4636577e-02  -5.6545069e-02   7.5664742e-04  -1.9357908e-04  -3.5956955e-04
  -2.4445338e-02  -4.8088920e-02  -1.0937016e-01   2.0214141e-03   4.2804190e-04  -1.0064566e-03
  -3.5804177e-02  -9.1715349e-02  -1.2911432e-01   2.3544858e-03   8.9483964e-04  -1.1652506e-03
  -4.0617553e-02  -8.7613048e-02  -1.7193347e-01   2.4552982e-03   1.0666160e-03  -1.3697950e-03
  -4.4794821e-02  -1.0248349e-01  -2.0055868e-01   2.6666093e-03   9.3026325e-04  -1.4357094e-03
  -2.7492526e-02  -1.2697675e-01  -2.1115625e-01   2.7845210e-03   7.1640315e-04  -1.2392561e-03
  -2.2240335e-02  -1.2597787e-01  -2.1994706e-01   2.5581718e-03   7.1394105e-04  -1.5317823e-03
  -6.3097178e-03  -1.1915133e-01  -2.3743285e-01   2.6647450e-03   8.3622844e-04  -1.3613888e-03
   1.2551865e-03  -1.6162651e-01  -2.3154422e-01   3.1426301e-03   7.7110732e-04  -1.0476290e-03
   2.0564718e-02  -1.7238695e-01  -2.4421758e-01   3.2827517e-03   6.8295391e-04  -9.1421550e-04
   2.4783205e-02  -1.7194044e-01  -2.4219057e-01   3.2218163e-03   4.9392119e-04  -9.3595683e-04
   1.3636885e-02  -1.6578020e-01  -2.6425192e-01   3.7023662e-03   6.9668104e-04  -1.2641515e-03
   2.2287948e-02  -1.6794593e-01  -2.8562789e-01   4.1242731e-03   7.7965146e-04  -1.1528638e-03
   2.8263127e-02  -2.0353545e-01  -2.6991097e-01   4.5674585e-03   5.3235969e-04  -1.2895316e-03
   2.6168225e-02  -1.9893426e-01  -2.6051409e-01   4.1511727e-03   6.5756361e-04  -1.2423800e-03
   2.8220062e-02  -2.3597017e-01  -2.6075808e-01   4.4748457e-03   5.8137271e-04  -1.4438388e-03
   3.4606158e-02  -2.4228890e-01  -2.4980802e-01   4.4714447e-03   6.1064858e-04  -1.4703228e-03
   6.8877288e-02  -2.6755105e-01  -2.7901565e-01   4.8222772e-03   1.0726513e-04  -1.1351532e-03
   6.9674791e-02  -2.5505454e-01  -2.8498012e-01   4.8978626e-03   7.1445254e-05  -1.2785532e-03
   7.4909687e-02  -2.3788391e-01  -2.2185538e-01   3.0257759e-03  -2.8114840e-04  -8.5946894e-04
   6.5150504e-02  -2.3460576e-01  -3.4502843e-01   4.3901121e-03   1.5618957e-04  -5.2218660e-04
   7.5806948e-02  -2.2956122e-01  -3.7637346e-01   4.5162453e-03  -9.4023597e-06  -5.4382007e-04
   8.5244550e-02  -2.2990717e-01  -3.4112968e-01   4.1324917e-03  -3.1516759e-04  -6.2991089e-05
   6.8457384e-02  -2.3805674e-01  -3.3952178e-01   4.0716878e-03  -1.8616549e-04  -4.9506546e-06
   7.3555792e-02  -2.6939298e-01  -3.0897834e-01   4.6987592e-03  -2.3286696e-04  -1.1449873e-04
   7.2705622e-02  -2.9821407e-01  -2.5507455e-01   4.9479272e-03  -1.9123464e-04  -1.5063269e-04
   7.6531032e-02  -2.9402346e-01  -2.4218116e-01   4.7024900e-03  -5.8152890e-04  -2.1727041e-04
   1.0154858e-01  -3.6554781e-01  -2.2009662e-01   4.4850424e-03  -8.2123508e-04  -5.9795103e-04
   1.3133089e-01  -1.8186587e-01  -1.3671900e-01   2.1257704e-03  -3.6370966e-04   6.7294097e-04
   1.0800997e-01  -2.3747981e-01  -2.7624820e-01   4.6471244e-03   2.0892176e-04   7.2664234e-04
   8.7897116e-02  -2.7343398e-01  -3.3394013e-01   5.6690792e-03   5.5821252e-04   7.3682570e-04
   6.2408233e-02  -2.6116861e-01  -3.6118621e-01   5.4743804e-03   7.6348255e-04   2.0247486e-04
   7.1488159e-02  -2.9387753e-01  -3.8158387e-01   6.0512217e-03   7.3603828e-04   3.7085515e-04
   6.3285151e-02  -2.8657584e-01  -4.1110341e-01   5.6163971e-03   7.9985908e-04   2.1613490e-05
   7.6103325e-02  -3.1122241e-01  -3.9547875e-01   6.2289657e-03   6.9339209e-04  -9.8019767e-05
   6.8191739e-02  -2.9966549e-01  -4.2916228e-01   6.2741263e-03   8.1436533e-04  -2.2204795e-04
   6.2551066e-02  -3.1523763e-01  -4.4294235e-01   6.6462971e-03   9.0600083e-04  -3.2154022e-04
   6.2528413e-02  -3.4374397e-01  -4.6637862e-01   7.0777385e-03   7.6455237e-04  -4.9597804e-04
   6.8481864e-02  -3.2381501e-01  -4.8753728e-01   6.3148581e-03   7.2305956e-04  -4.5043674e-04
   7.4324550e-02  -3.3294878e-01  -3.0918523e-01   5.1520456e-03  -1.2919362e-04  -6.8109936e-04
   8.4826164e-02  -3.3003270e-01  -4.6106799e-01   4.3675027e-03  -2.3159915e-04   1.9795553e-04
   7.8590564e-02  -3.3861543e-01  -4.1867137e-01   5.5485720e-03  -5.5131544e-04  -3.7762445e-04
   7.5263546e-02  -3.1702163e-01  -4.5237829e-01   5.2425333e-03  -4.9829309e-04  -3.1055687e-04
   8.5555910e-02  -3.5602449e-01  -4.5362627e-01   6.2038146e-03  -6.5708336e-04  -7.3628833e-05
   7.1822240e-02  -3.6801282e-01  -4.0650437e-01   6.1238139e-03  -7.1785785e-04  -1.1825171e-04
   5.1602756e-02  -3.6148295e-01  -4.7199746e-01   6.5456217e-03  -1.7547105e-04  -4.5077222e-04
   7.3389805e-02  -3.7562006e-01  -4.9941986e-01   6.7132340e-03  -3.6111137e-04  -2.9709975e-04
   8.3399103e-02  -3.7958791e-01  -5.2097266e-01   7.3123500e-03  -4.4825380e-04  -4.5599210e-04
   8.4286533e-02  -4.2014933e-01  -4.9989824e-01   7.5336909e-03  -4.4352941e-04  -5.6755551e-04
   9.6441240e-02  -3.9893451e-01  -5.0757414e-01   7.3977520e-03  -3.5701326e-04  -7.0041892e-04
   9.0649922e-02  -4.2391841e-01  -5.1344173e-01   7.2941435e-03  -2.0165581e-04  -5.2327457e-04
   1.0486836e-01  -4.1781394e-01  -5.0956664e-01   7.1330630e-03  -2.2796275e-04  -2.5333210e-04
   1.1066844e-01  -3.9856029e-01  -3.9625911e-01   5.9994463e-03  -5.2257973e-04  -6.0837295e-04
   1.3074726e-01  -3.7555648e-01  -3.9902163e-01   4.6914697e-03  -9.9435401e-04   4.4497406e-06
   1.2856586e-01  -3.7682234e-01  -5.4252980e-01   6.1872806e-03  -7.9069836e-04   5.4555563e-05
   1.2001302e-01  -4.0307664e-01  -5.2728687e-01   6.9310478e-03  -8.2720294e-04   1.3297750e-04
   1.0821594e-01  -4.1451075e-01  -5.0842293e-01   7.3368913e-03  -7.2626864e-04   1.9315121e-04
   1.0691501e-01  -4.5747641e-01  -4.1098734e-01   7.5552024e-03  -9.2226042e-04   2.6489725e-04
   1.1770576e-01  -4.2908872e-01  -4.5341595e-01   7.1254912e-03  -9.8432773e-04   5.1770860e-04
   1.1959846e-01  -4.3123863e-01  -4.7927356e-01   7.1496427e-03  -1.0891003e-03   6.5903875e-04
   1.0775070e-01  -4.8225681e-01  -3.6047342e-01   7.5577693e-03  -1.2578361e-03   2.9770159e-04
   1.0435279e-01  -6.1722409e-01  -3.5997702e-01   8.4073180e-03  -1.2107584e-03  -3.8368840e-04
   1.6732234e-01  -5.8801829e-01  -2.8724843e-01   5.6952146e-03  -1.8463696e-03   3.0351670e-04
   1.4457274e-01  -3.7823233e-01  -3.8802020e-01   3.9788953e-03  -1.0010741e-03   1.7489135e-03
   1.0728968e-01  -4.0348878e-01  -5.3676782e-01   6.6994388e-03  -6.2552825e-05   1.5302643e-03
   1.1546901e-01  -4.3340538e-01  -4.9397508e-01   7.5904920e-03  -5.4826133e-04   1.8611926e-03
   9.9120825e-02  -3.9862101e-01  -5.6465997e-01   6.8418239e-03  -5.0244941e-04   1.7772325e-03
   1.2097846e-01  -4.8713364e-01  -4.5004277e-01   8.1176997e-03  -5.9079270e-04   2.0233925e-03
   1.0455500e-01  -4.4597155e-01  -5.6311436e-01   8.1408189e-03  -3.6166153e-04   1.5502368e-03
   9.0951471e-02  -4.3894035e-01  -5.9219117e-01   8.2035548e-03  -1.5116485e-04   1.1952081e-03
   8.9703254e-02  -4.4230081e-01  -6.1330744e-01   8.5601308e-03  -3.5955711e-04   6.9326692e-04
   1.0175315e-01  -4.8139413e-01  -6.1267812e-01   9.2983207e-03  -4.3806960e-04   9.1071923e-04
   1.2395116e-01  -4.9307287e-01  -6.3802659e-01   9.3200190e-03  -6.0093841e-04   9.1389462e-04
   1.2729624e-01  -4.8913034e-01  -6.5157723e-01   9.4809248e-03  -1.8459868e-04   9.5264516e-04
   1.5542801e-01  -6.1265437e-01  -6.1852382e-01   1.1195145e-02  -5.4287160e-04   1.2049624e-03
   1.6118322e-01  -6.1173753e-01  -6.8014968e-01   1.1307361e-02  -4.7176623e-04   1.3149602e-03
   1.7658833e-01  -5.5414698e-01  -7.5295995e-01   1.0965799e-02  -6.1144897e-04   1.3242189e-03
   1.6963152e-01  -5.6509013e-01  -7.7736066e-01   1.1766908e-02  -5.3959921e-04   1.2278549e-03
   1.8033543e-01  -5.8940190e-01  -7.8085647e-01   1.2085806e-02  -6.8772445e-04   1.3321638e-03
   1.9153378e-01  -6.2065681e-01  -7.4939257e-01   1.2444550e-02  -6.6958261e-04   1.7178801e-03
   1.9259058e-01  -6.3149183e-01  -7.6258901e-01   1.2615238e-02  -5.8879649e-04   1.5428667e-03
   1.9584469e-01  -6.3866528e-01  -7.7287280e-01   1.2474136e-02  -7.7673720e-04   1.4853396e-03
   1.9166982e-01  -6.6552643e-01  -7.7345769e-01   1.2763678e-02  -5.4159885e-04   1.6205111e-03
   1.9480569e-01  -6.6315348e-01  -7.6148433e-01   1.2588234e-02  -7.4613931e-04   1.6735652e-03
   1.9490218e-01  -6.6654734e-01  -7.8571856e-01   1.3176028e-02  -8.0552348e-04   1.5392441e-03
   2.2225704e-01  -6.4842384e-01  -6.4122538e-01   1.1124145e-02  -1.5192175e-03   2.0685639e-03
   2.3911229e-01  -6.5104471e-01  -7.6612269e-01   1.1138322e-02  -2.1310201e-03   2.4506715e-03
   2.3478157e-01  -6.8096520e-01  -7.7039835e-01   1.2462344e-02  -2.0608261e-03   2.3441624e-03
   2.4031678e-01  -6.7906304e-01  -7.0897639e-01   1.2582150e-02  -2.6342941e-03   2.1577516e-03
   2.1572139e-01  -7.0076846e-01  -6.8493539e-01   1.2845626e-02  -2.4971536e-03   2.1045795e-03
   2.2087617e-01  -6.5878747e-01  -7.5420803e-01   1.2186725e-02  -2.3181865e-03   2.1362503e-03
   2.3349551e-01  -6.7895545e-01  -7.1233123e-01   1.2483848e-02  -2.6225465e-03   2.3856091e-03
   2.2973209e-01  -6.4194578e-01  -7.3692994e-01   1.1693592e-02  -2.6573074e-03   2.3200846e-03
   2.4727373e-01  -6.7582011e-01  -7.3279060e-01   1.2262080e-02  -2.7938990e-03   2.5925209e-03
   2.4388885e-01  -6.7218699e-01  -6.9135376e-01   1.1934152e-02  -2.8071262e-03   2.4471189e-03
   2.4804025e-01  -6.7565592e-01  -7.8188663e-01   1.2269042e-02  -2.8328271e-03   2.5408397e-03
   2.3736586e-01  -7.1668500e-01  -6.5747665e-01   1.2598010e-02  -2.8449617e-03   2.2272968e-03
   2.2046141e-01  -7.4517027e-01  -6.4551682e-01   1.1874119e-02  -2.4616252e-03   1.4994190e-03
   2.1148194e-01  -5.2938086e-01  -6.3977229e-01   7.5957268e-03  -2.3784252e-03   2.6459483e-03
   2.1368069e-01  -6.1999370e-01  -7.3708016e-01   1.1024805e-02  -2.1154121e-03   2.4893411e-03
   1.9994358e-01  -6.3305583e-01  -8.2453396e-01   1.1834324e-02  -1.7300632e-03   2.3310374e-03
   1.8871567e-01  -6.8799401e-01  -7.9798265e-01   1.2765924e-02  -1.5032824e-03   2.1775601e-03
   2.0556621e-01  -7.1155801e-01  -7.9811580e-01   1.2796645e-02  -1.3984987e-03   2.8250481e-03
   1.7158567e-01  -7.1910893e-01  -8.5096854e-01   1.3117040e-02  -9.2344532e-04   2.1359138e-03
   1.7480929e-01  -7.2602103e-01  -8.7446301e-01   1.3137895e-02  -8.4845154e-04   2.2733961e-03
   1.7416499e-01  -7.6704873e-01  -8.7101067e-01   1.3832652e-02  -7.6409526e-04   1.9588390e-03
   1.8024114e-01  -7.9153966e-01  -8.3278437e-01   1.3207942e-02  -8.6453210e-04   2.2780009e-03
   2.8265128e-01  -8.5028430e-01  -9.4799435e-01   7.9523867e-03   1.3308261e-03   2.9679692e-03
   2.2884076e-01  -8.1455696e-01  -8.5578710e-01   1.0654711e-02   6.0702184e-04   2.5052116e-03
   2.2492555e-01  -8.0632539e-01  -8.2895440e-01   1.1683995e-02   1.3431983e-04   2.2436801e-03
   2.2552036e-01  -8.3253639e-01  -8.3147220e-01   1.2815597e-02  -2.8849944e-04   2.1449384e-03
   2.0757937e-01  -8.2923043e-01  -8.1987076e-01   1.3425654e-02  -2.0497627e-04   1.6017121e-03
   2.2750890e-01  -8.3007870e-01  -8.3645729e-01   1.3645102e-02  -3.8065158e-04   1.8989179e-03
   2.1370919e-01  -8.0998084e-01  -7.8364052e-01   1.2436590e-02  -6.8555952e-04   1.7241051e-03
