   0.0000000e+00   0.0000000e+00   0.0000000e+00   0.0000000e+00   0.0000000e+00   0.0000000e+00
  -3.3321544e-03   2.8996867e-02   1.0386662e-01   6.6497396e-04   1.0030720e-04   3.9475134e-04
   3.1538985e-02  -1.3020337e-02  -3.6179258e-01   9.1315017e-04  -5.7094441e-04   8.1881579e-04
   1.2641596e-02  -2.0415918e-02  -2.8255141e-01   1.6852467e-03  -8.1275301e-04   1.8082031e-03
   1.7243054e-02  -2.7593284e-02  -2.9084182e-01   1.6447345e-03  -3.0634288e-04   1.8641001e-03
   2.6067474e-02  -7.2024589e-03  -3.3274759e-01   1.0184505e-03  -4.0715726e-04   1.3096230e-03
   1.9289414e-02  -7.4901484e-03  -3.2378531e-01   5.9824665e-04  -3.8802898e-04   8.2866005e-04
   1.0170117e-02  -4.0115494e-03  -2.5748728e-01   3.7970543e-04  -2.0944602e-04   8.6430948e-04
   5.4075977e-03   1.6036050e-03  -2.6500864e-01   4.0835838e-04  -2.0488953e-04   8.6419377e-04
   2.1359642e-03   1.0933615e-02  -2.8668510e-01   2.3493546e-04  -1.5296734e-04   7.0433753e-04
  -1.6138159e-02   1.1804076e-02  -2.6169475e-01  -6.4362426e-04  -6.9715337e-05   4.9748988e-04
  -2.4582744e-02   4.4180211e-03  -2.2241154e-01  -9.1187628e-04  -6.5086604e-06   3.5104329e-05
  -2.3791781e-02   6.9747204e-03  -2.4491792e-01  -1.7441556e-03   3.5120354e-04  -3.8583268e-05
  -3.0299265e-02   1.1600761e-02  -1.9813622e-01  -2.5796367e-03   5.6193142e-04  -1.3733762e-05
   3.7222561e-02  -8.5726896e-02   1.9999537e-01  -2.4326400e-04   6.7151887e-04   2.6943048e-05
   1.8622679e-02  -7.1662702e-02  -1.1703460e-01   6.6629334e-04  -9.6476597e-05  -1.0405263e-04
   1.9567930e-02  -3.7588412e-02  -2.1240480e-01  -3.4230461e-04  -1.6350667e-03  -8.3229860e-04
   4.7228559e-03  -2.8732686e-02  -2.3061419e-01  -1.1290217e-04  -9.1924902e-04  -1.4024329e-03
  -1.0800663e-02  -5.1825059e-02  -1.8030778e-01   3.6616352e-04  -9.9530771e-04  -1.3826728e-03
   2.1421993e-02  -3.2097192e-02  -2.1489175e-01   7.7476180e-04  -6.5311988e-04  -1.1774620e-03
  -6.5405866e-03  -4.5409374e-02  -1.7391337e-01  -1.4759965e-04  -6.0606584e-04  -1.5338335e-03
   2.8794623e-03  -4.2613768e-02  -1.7746814e-01   5.0738679e-04  -4.8347972e-04  -1.4352796e-03
   4.7857658e-03  -3.8668967e-02  -1.4591456e-01   5.6336483e-04  -5.0557585e-04  -1.5348966e-03
  -1.4469391e-02  -5.5849225e-02  -1.1516711e-01  -1.0273631e-04  -5.0325128e-04  -1.6620847e-03
  -1.6715944e-02  -6.6022931e-02  -1.2260805e-01   5.1237310e-04  -3.4039307e-04  -1.8555184e-03
  -1.2964065e-02  -5.0796759e-02  -1.4513202e-01   7.5407537e-05  -2.8162710e-04  -1.7862680e-03
  -9.0637783e-03  -5.3774371e-02  -1.2971403e-01  -2.0509736e-04  -3.6326174e-04  -1.7738264e-03
  -1.1744211e-02  -4.5286284e-02  -1.2223691e-01   4.2325169e-04  -3.9595772e-04  -1.8041542e-03
  -2.3861226e-02  -5.2080434e-02  -1.3246305e-01   1.6985341e-04  -3.3084774e-04  -2.1103547e-03
  -2.1264215e-02  -5.2849786e-02  -1.0796467e-01  -5.9078646e-04  -5.0538299e-04  -1.7456960e-03
  -2.4154340e-02  -5.1842342e-02  -1.6322976e-01  -6.0895520e-05  -4.2804381e-04  -2.0272806e-03
  -2.9629837e-02  -5.2971336e-02  -1.3128477e-01  -1.0201620e-03  -5.6461762e-04  -1.9657825e-03
  -1.4669350e-02  -4.7834432e-02  -1.3305132e-01  -3.6014906e-04  -4.7939337e-04  -1.7015451e-03
  -2.8219372e-02  -5.8319759e-02  -1.5076375e-01  -3.2874915e-04  -4.7889293e-04  -2.3151180e-03
  -1.3581078e-02  -4.1053727e-02  -1.3249339e-01   3.1301387e-04  -6.1193987e-04  -1.6960054e-03
  -2.2960423e-02  -6.1631491e-02  -1.2344832e-01  -7.1807616e-04  -1.0776748e-03  -1.6920008e-03
  -1.1520965e-02  -4.9828649e-02  -1.4320236e-01  -3.2518752e-05  -1.0452788e-03  -2.0540650e-03
  -3.1858836e-02  -5.5179092e-02  -1.1307192e-01  -1.4151037e-04  -9.3570457e-04  -2.1577984e-03
  -2.9369333e-02  -6.5525841e-02  -9.9060749e-02   7.8215347e-04  -9.0134529e-04  -2.5166505e-03
  -4.0329878e-02  -6.5950354e-02  -1.0916607e-01  -2.6507943e-04  -8.0619480e-04  -2.6683519e-03
  -4.5572654e-02  -8.1994534e-02  -1.0326428e-01   7.7327377e-04  -5.4617198e-04  -2.8410242e-03
  -3.9727520e-02  -7.7985860e-02  -1.1310558e-01   1.0156312e-03  -5.5252524e-04  -2.6831869e-03
  -4.5639209e-02  -7.1339571e-02  -1.0080241e-01   8.1990386e-04  -5.6449578e-04  -2.8627179e-03
  -5.3867430e-02  -7.6872208e-02  -8.7199183e-02   6.8094305e-04  -7.1182448e-04  -3.5360054e-03
  -3.7579461e-02  -8.1182505e-02  -1.1965788e-01   4.3685635e-04  -7.3724122e-04  -3.1649937e-03
  -4.1853038e-02  -8.1041876e-02  -1.2562348e-01   5.6605735e-04  -6.3191739e-04  -3.2315073e-03
  -3.9067368e-02  -7.9998431e-02  -1.0010021e-01   6.5426508e-04  -6.8962543e-04  -3.2032361e-03
  -5.4984853e-02  -8.8168235e-02  -9.2555745e-02   4.9105797e-04  -5.7220269e-04  -3.7369470e-03
  -3.3611776e-02  -1.4526337e-01   1.8524282e-01   2.9204384e-03   8.3875841e-04  -5.1062041e-03
  -3.7205739e-02  -7.6563142e-02  -1.9648757e-01   8.0146581e-04   2.5681576e-04  -3.7975681e-03
  -4.2565575e-02  -9.2611735e-02  -1.7018056e-01   8.7430557e-04   2.9293013e-04  -3.7345882e-03
  -3.4511017e-02  -8.6775625e-02  -1.8151352e-01   4.7389888e-04   1.4552592e-04  -3.8549194e-03
  -3.2598053e-02  -8.8859086e-02  -2.0726268e-01   1.0487536e-03   3.0315256e-04  -4.0932390e-03
  -5.6822797e-02  -1.1289703e-01  -1.6079024e-01   6.9471117e-04   3.7605131e-04  -4.6883547e-03
  -5.4927144e-02  -1.1559090e-01  -1.5166606e-01   9.2599204e-04   4.0736497e-04  -4.4944437e-03
  -7.1466152e-02  -1.2742126e-01  -1.3820148e-01   1.2345892e-03   5.4079883e-04  -4.6880211e-03
  -6.6013896e-02  -1.2376901e-01  -1.2844989e-01   1.5110157e-03   4.6980879e-04  -4.3153514e-03
  -6.7712931e-02  -1.1626071e-01  -1.5129532e-01   1.6223961e-03   2.7114806e-04  -4.3284044e-03
  -6.9521060e-02  -1.1603522e-01  -6.7534646e-02   5.4168517e-04   2.7736043e-04  -4.3310057e-03
  -1.1749902e-01  -5.1921421e-02   5.1436665e-01  -4.3740831e-03  -5.2095499e-04  -6.0155952e-03
  -5.7315329e-02  -1.2661080e-01  -3.3082418e-01  -7.4527370e-04  -6.9747514e-04  -4.8513423e-03
  -7.8096993e-02  -1.3024186e-01  -1.9223060e-01  -3.0719650e-04   4.3066610e-06  -4.9304166e-03
  -8.5281816e-02  -1.5467589e-01  -1.6877555e-01   6.2142670e-04   1.2495222e-04  -5.0361936e-03
  -8.2525816e-02  -1.4132069e-01  -1.6064366e-01   2.9612089e-04   7.2477166e-05  -5.0197372e-03
  -7.5607135e-02  -1.4316670e-01  -1.4375759e-01   6.5822797e-04  -1.1376450e-04  -4.7775309e-03
  -8.1998652e-02  -1.2339721e-01  -1.4373586e-01   1.0895836e-03   6.2130650e-05  -4.6795050e-03
  -7.9695365e-02  -1.3412350e-01  -1.0119719e-01   2.1826236e-03  -4.1961786e-05  -4.7832098e-03
  -5.5380541e-02  -1.2628160e-01  -1.2337107e-01   1.7316552e-03   1.3086855e-04  -4.3139597e-03
  -6.4503122e-02  -1.4919362e-01  -7.8480425e-02   1.4806289e-03   4.5027244e-04  -4.6656349e-03
  -7.2982976e-02  -1.4358123e-01  -1.0376787e-01   2.3746871e-04   1.2694808e-04  -4.5733845e-03
  -1.0600410e-01  -1.4576226e-01  -1.2286775e-01  -1.9962218e-03  -7.5814240e-04  -5.0618989e-03
  -8.9669872e-02  -1.5278906e-01  -1.7350475e-01   2.3850967e-04  -9.3264426e-04  -4.6271860e-03
  -9.6448312e-02  -1.7183446e-01  -2.0273504e-01   5.4117442e-04  -1.3616967e-03  -4.4424984e-03
  -1.0985866e-01  -1.6118542e-01  -2.2241552e-01   1.5182410e-03  -9.3034328e-04  -5.2253336e-03
  -9.6936260e-02  -1.5327739e-01  -2.2681090e-01   7.9968505e-04  -1.0558933e-03  -4.9077842e-03
  -1.0072731e-01  -1.5505920e-01  -1.8072760e-01   3.5027028e-04  -8.9728817e-04  -5.3269540e-03
  -8.6003522e-02  -1.6360695e-01  -1.6568779e-01   5.1461048e-04  -8.7197628e-04  -5.2363441e-03
  -9.3303888e-02  -1.7782971e-01  -2.0474219e-01   7.4039684e-04  -7.3723825e-04  -5.7025132e-03
  -1.0460279e-01  -2.0804727e-01  -1.8148776e-01   6.3518034e-04  -7.2106039e-04  -5.6046237e-03
  -6.7433255e-02  -2.3488409e-01  -2.5697114e-01   5.2097379e-03   1.8449888e-03  -6.4932733e-03
  -2.6972857e-02  -1.9497234e-01  -1.8922144e-01  -3.9403742e-03  -6.9228134e-04  -4.9969534e-03
  -4.2319429e-02  -2.2775528e-01  -1.8565189e-01  -3.5697437e-03  -1.0361874e-03  -4.7064622e-03
  -5.3929231e-02  -2.3242155e-01  -1.9880257e-01  -4.0418137e-03  -1.4731857e-03  -4.9361869e-03
  -5.5825692e-02  -2.5923631e-01  -1.7208163e-01  -3.9953407e-03  -1.7698757e-03  -4.9496742e-03
  -4.1254384e-02  -2.4855754e-01  -2.2334104e-01  -3.8955743e-03  -1.6112422e-03  -4.9358867e-03
  -4.9422796e-02  -2.4024672e-01  -2.1367338e-01  -3.9161962e-03  -1.4696353e-03  -5.2603539e-03
  -6.6337637e-02  -2.4635197e-01  -1.8979098e-01  -4.1770462e-03  -1.4681193e-03  -5.6320593e-03
  -5.2697159e-02  -2.3691942e-01  -2.0091586e-01  -4.2781399e-03  -1.4819946e-03  -5.5688227e-03
  -7.6774276e-02  -2.5330193e-01  -1.4140856e-01  -5.2603759e-03  -1.2658568e-03  -5.8801852e-03
  -8.6043635e-02  -2.7739007e-01  -1.3709091e-01  -5.1656167e-03  -1.2692017e-03  -6.1695988e-03
  -9.7348380e-02  -2.8771406e-01  -1.3809590e-01  -5.1476451e-03  -1.0442979e-03  -5.9768237e-03
  -8.3480059e-02  -2.7677698e-01  -1.6396182e-01  -5.6454225e-03  -1.0555506e-03  -6.0361370e-03
  -8.1323181e-02  -2.8283067e-01  -1.1584599e-01  -5.5806791e-03  -1.1530180e-03  -5.3283267e-03
  -8.3185203e-02  -2.9989312e-01  -9.2324522e-02  -4.6934668e-03  -1.3398057e-03  -5.4286109e-03
  -7.9140376e-02  -2.9573200e-01  -8.4154997e-02  -4.8788467e-03  -1.3066914e-03  -5.0274633e-03
  -8.2140777e-02  -2.8993520e-01  -1.4956769e-01  -4.8911793e-03  -1.1332571e-03  -5.7794961e-03
  -8.0112884e-02  -2.8721412e-01  -1.4233492e-01  -5.0694538e-03  -9.9635200e-04  -5.8084582e-03
  -7.5692267e-02  -2.7753221e-01  -1.3057065e-01  -5.0262308e-03  -8.5349030e-04  -5.5839029e-03
  -5.8038391e-02  -2.8815492e-01  -1.0261304e-01  -4.6941784e-03  -9.8443650e-04  -5.3773536e-03
  -5.9982095e-02  -2.8318472e-01  -1.4291665e-01  -4.1979955e-03  -6.4863241e-04  -5.3138089e-03
  -1.9154935e-02  -2.7376446e-01  -1.8212500e-01  -4.1585653e-03  -1.6391025e-04  -4.8701323e-03
   1.0100333e-01  -2.5534943e-01  -2.4541247e-01  -6.8093569e-03   1.6382326e-03  -2.3024530e-03
   9.7406660e-02  -2.7619019e-01  -2.5110695e-01  -6.7558439e-03   3.0641111e-03  -1.8179006e-03
   1.3179174e-01  -2.7464766e-01  -2.2004336e-01  -7.0296255e-03   3.5212916e-03  -7.9547650e-04
   1.6105871e-01  -2.5754664e-01  -3.1227812e-01  -6.9926316e-03   3.6546283e-03  -6.1384611e-04
   1.5963654e-01  -2.6666775e-01  -2.3292826e-01  -6.8426749e-03   4.2117123e-03  -7.7227152e-04
   2.0129652e-01  -2.3478101e-01  -3.1893465e-01  -6.4097931e-03   3.2919211e-03   4.1657316e-05
   2.0003824e-01  -2.4499601e-01  -3.0348461e-01  -6.5749057e-03   3.8668981e-03   8.0469620e-04
   1.6002268e-01  -3.0465044e-01  -2.8135308e-01  -4.5055582e-03   1.7136291e-03   1.1623030e-03
   7.9527345e-02  -3.2566696e-01  -7.7264899e-02  -2.5553783e-03   3.3807130e-03  -2.3618674e-03
  -1.0438057e-02  -2.6113605e-01   3.9437288e-01  -1.0550255e-02   2.8313554e-03  -5.2140944e-03
   4.4286866e-02  -2.7275759e-01  -3.4433658e-01  -5.7928834e-03   2.0394704e-03  -4.6747540e-03
   2.5536891e-02  -2.7933196e-01  -2.7441941e-01  -4.9119318e-03   2.0521105e-03  -5.4551189e-03
   4.1734301e-02  -2.8052054e-01  -2.9243526e-01  -4.4071638e-03   1.8885722e-03  -5.4672282e-03
   4.2152990e-02  -2.9596960e-01  -2.9796352e-01  -4.7339648e-03   2.0033062e-03  -5.6810577e-03
   1.8892753e-02  -3.2444371e-01  -2.1116421e-01  -6.0783041e-03   2.0617852e-03  -6.2629130e-03
   1.2737884e-02  -3.3685724e-01  -2.0820904e-01  -7.2930985e-03   2.2913629e-03  -6.1662425e-03
   1.8894785e-02  -3.5114494e-01  -1.9744478e-01  -8.3753076e-03   2.5251266e-03  -6.0568892e-03
   1.1013855e-02  -3.4848516e-01  -1.7468244e-01  -9.1923328e-03   2.6607798e-03  -6.0503285e-03
   7.6724879e-03  -3.4798545e-01  -1.8182740e-01  -9.4208314e-03   2.7680909e-03  -5.9735614e-03
