   0.0000000e+00  -1.1888101e-14   0.0000000e+00   0.0000000e+00   0.0000000e+00  -4.1192263e-38
  -6.0804807e-03   8.2181487e-02   1.7580817e-02   1.0886469e-03   2.4881942e-04   1.5092358e-04
  -1.0038566e-02   3.8249585e-02   8.1257220e-03   1.5912419e-03   5.0333684e-04   3.0617259e-04
  -1.0579618e-02   8.8783456e-02   2.4812544e-02   1.9869494e-03   2.0123724e-04   4.0120050e-04
  -3.2796792e-02   6.2064930e-02   8.2346903e-02   3.0277533e-03   4.8442969e-04   3.0355100e-04
  -2.5323700e-02   6.1727466e-02   9.0004296e-02   3.0256478e-03   5.4635779e-04   6.6844791e-04
  -4.1728312e-02   8.5781719e-02   6.5039502e-02   3.2068220e-03   4.9703641e-04   6.4875711e-04
  -2.7787352e-02   4.7635268e-02   1.4761176e-01   3.8370836e-03   6.7281921e-04   8.3913443e-04
  -1.9959508e-02   6.4436202e-02   8.5191093e-02   3.7461804e-03   6.8446092e-04   7.8115445e-04
  -3.8433127e-02   4.1245887e-02   2.9410800e-02   4.9100415e-03   5.9859279e-04   4.1097953e-04
  -4.9202842e-02   3.2171988e-02   6.5205998e-02   4.4024402e-03   5.8257615e-04   4.1140844e-04
  -5.3278333e-02   6.7823581e-02   4.4322797e-02   4.8468643e-03   8.5308585e-04   6.5008878e-04
   1.4452701e-01  -1.1497934e-02  -5.7914875e+00   3.1458263e-02   5.8352635e-03   7.7082500e-03
   6.8729780e-02  -2.7016673e-01  -6.6316831e+00   3.7319467e-02   7.8451486e-03   8.3383392e-03
   1.1218905e-02  -3.0828083e-01  -6.4568840e+00   3.8984922e-02   6.4859991e-03   7.2194187e-03
   1.2458547e-02  -3.3056621e-01  -6.4976715e+00   3.9587062e-02   7.0703949e-03   7.2349465e-03
   5.3923283e-02  -3.6887352e-01  -6.5363167e+00   3.8776116e-02   6.8648179e-03   7.7788453e-03
   1.0341778e-02  -3.5052938e-01  -6.2980415e+00   3.7638804e-02   7.7294285e-03   7.9039110e-03
  -3.7966337e-02  -4.3265186e-01  -6.5997502e+00   3.9548805e-02   8.2891214e-03   7.7004008e-03
  -5.7536806e-02  -2.3364256e-01  -3.2093774e+00   2.6595341e-02   6.1102217e-03   5.2012791e-03
  -2.6346537e-02  -2.5350707e-01  -4.4015473e-01   1.6633474e-02   4.8576835e-03   3.4100807e-03
   6.4737118e-03  -1.5942592e-01  -1.9838229e-01   4.2203664e-03   6.4521327e-03   2.4793408e-03
  -3.2204766e-02  -9.6175573e-02  -1.6454449e-01   4.9374780e-03   6.2566043e-03   2.5640263e-03
  -4.8252330e-02  -8.0156646e-02  -1.6640029e-01   5.5794358e-03   6.3733748e-03   2.2755337e-03
  -4.9098173e-02  -6.1388474e-02  -1.3759726e-01   6.2235637e-03   5.8195152e-03   1.9362669e-03
  -6.3665844e-02  -1.0982945e-01  -7.9341983e-02   7.0805659e-03   5.6198390e-03   1.8551634e-03
  -8.2154679e-02  -5.3104781e-02  -9.3033062e-02   6.7130588e-03   5.6514227e-03   1.9000545e-03
  -1.4950338e-02  -1.9443278e-02  -5.1518100e+00   2.2046756e-02   6.8735393e-03   7.6388286e-03
  -3.3583142e-02  -8.7230390e-02  -5.2270522e+00   2.5187260e-02   7.4867282e-03   9.7153488e-03
  -5.0960214e-02  -2.0089746e-01  -5.7259591e+00   2.9102113e-02   8.7266513e-03   1.0657003e-02
  -5.7736702e-02  -1.9028366e-01  -5.6605174e+00   2.8471384e-02   8.4018039e-03   1.0296932e-02
  -8.6835236e-02  -2.2237446e-01  -5.4999849e+00   2.6059175e-02   9.7031102e-03   1.0590556e-02
  -1.2893953e-01  -2.1664659e-01  -5.7569555e+00   2.7867315e-02   1.0717820e-02   1.1194199e-02
  -1.3726992e-01  -2.6094065e-01  -5.6250801e+00   2.7467196e-02   1.0923415e-02   1.0634923e-02
  -1.3191304e-01  -2.4100098e-01  -5.8215851e+00   2.6688910e-02   1.1130427e-02   1.0874489e-02
  -1.3041644e-01  -2.2823231e-01  -5.4241833e+00   2.4098414e-02   1.1445327e-02   1.1180283e-02
  -1.6131138e-01  -2.1738362e-01  -4.5743301e+00   2.2991055e-02   1.1069386e-02   1.1413749e-02
  -1.6285643e-01  -2.6627909e-01  -2.3736609e+00   1.7868600e-02   9.0585797e-03   8.3210063e-03
  -1.9255276e-01  -3.1786076e-01  -6.9004576e-01   1.2336549e-02   6.8882661e-03   7.4921423e-03
  -1.9052381e-01  -3.0279095e-01  -3.4663339e-01   1.2465282e-02   5.9963165e-03   6.0651568e-03
  -1.7178583e-01  -3.0601664e-01  -4.5713041e-01   1.6322961e-02   5.3001166e-03   4.5043141e-03
  -2.4075100e-01  -2.1083134e-01  -4.5281930e-01   1.4746967e-02   3.1417288e-03   4.2980657e-03
  -2.3075966e-01  -3.5979919e-01  -3.5666138e-01   1.8000650e-02   3.4645575e-03   4.4916996e-03
  -2.4930133e-01  -1.8603689e-01  -4.5458130e-01   1.6456666e-02   3.2406137e-03   4.4336303e-03
  -2.8342585e-01  -1.6601283e-01  -4.6739114e-01   1.5328603e-02   3.4228481e-03   3.8062754e-03
  -2.7795650e-01  -1.8488302e-01  -4.4396488e-01   1.4982725e-02   3.4031033e-03   3.7350966e-03
  -2.4666831e-01  -2.2527702e-01  -3.7609714e-01   1.6260492e-02   3.5331299e-03   3.8477119e-03
  -2.8972747e-01  -2.0931236e-01  -3.5535027e-01   1.6139805e-02   3.5036470e-03   4.0675134e-03
  -2.7525513e-01  -2.1121544e-01  -3.3052832e-01   1.5956715e-02   3.8569826e-03   4.4215709e-03
  -2.8106917e-01  -1.8756080e-01  -3.5630071e-01   1.5651867e-02   3.8463186e-03   4.3625083e-03
  -2.9766651e-01  -2.3693233e-01  -3.2057860e-01   1.6312021e-02   3.7287939e-03   4.3734602e-03
  -2.8471681e-01  -2.2504358e-01  -3.5546460e-01   1.6077662e-02   3.3692396e-03   4.1608325e-03
  -2.7643169e-01  -2.3631229e-01  -3.0313762e-01   1.6945392e-02   3.1065859e-03   3.9362717e-03
  -3.1504499e-01  -1.8668767e-01  -1.0405300e+00   2.1319225e-02   3.1767158e-03   5.1717969e-03
  -2.5426684e-01  -2.5648519e-01  -4.8508937e+00   2.8059671e-02   7.4846294e-03   1.0840032e-02
  -2.8217075e-01  -3.1519954e-01  -4.7963639e+00   3.0177083e-02   9.1558916e-03   1.2063236e-02
  -2.7218021e-01  -3.5378053e-01  -5.2666118e+00   3.0109466e-02   9.6019875e-03   1.3101275e-02
  -2.1626455e-01  -3.6132247e-01  -4.6469911e+00   3.0788562e-02   8.6807270e-03   1.3092333e-02
  -2.7091867e-01  -4.1708107e-01  -4.7732731e+00   3.0378714e-02   1.0876982e-02   1.4289477e-02
  -2.0774444e-01  -4.7106629e-01  -5.0631476e+00   3.2464695e-02   9.2171848e-03   1.3159514e-02
  -2.7010370e-01  -4.4730567e-01  -4.1471645e+00   3.1986402e-02   1.1954565e-02   1.4333535e-02
  -2.7427811e-01  -5.0522157e-01  -4.8234301e+00   3.1546739e-02   1.3809002e-02   1.5261354e-02
  -2.4227926e-01  -4.9107433e-01  -4.1982338e+00   3.2712660e-02   1.2962392e-02   1.4108944e-02
  -2.2666064e-01  -4.6633995e-01  -3.6683531e+00   3.1181958e-02   1.4243126e-02   1.4542749e-02
  -1.5831962e-01  -5.2294069e-01  -4.5058000e+00   3.4359800e-02   1.2225753e-02   1.4762400e-02
  -1.9044672e-01  -4.9778122e-01  -3.7210617e+00   3.5248477e-02   1.2426181e-02   1.5163578e-02
  -1.9578833e-01  -5.5094958e-01  -4.1688345e+00   3.4400446e-02   1.3532587e-02   1.6337213e-02
  -1.6610081e-01  -5.7862750e-01  -4.2344281e+00   3.5389674e-02   1.2357775e-02   1.6916847e-02
  -2.1996516e-01  -5.8570726e-01  -3.5463998e+00   3.5403486e-02   1.3171185e-02   1.7499971e-02
  -1.5981944e-01  -5.9092100e-01  -3.7548989e+00   3.3351551e-02   1.2271724e-02   1.6493321e-02
  -1.3422212e-01  -5.4109300e-01  -1.1926867e+00   2.2574371e-02   1.1345882e-02   1.3600678e-02
  -8.8032554e-02  -7.0441767e-01   3.4568132e-01   1.6479080e-02   1.1064257e-02   1.1840009e-02
  -1.8077795e-01  -5.5428972e-01   3.4808677e-01   1.5114416e-02   1.1354341e-02   1.0968336e-02
  -1.7266623e-01  -3.0738400e-01  -3.1064573e-02   6.6647385e-03   1.1987513e-02   1.0889915e-02
  -1.1312204e-01  -2.3135776e-01  -1.3691628e-01   2.3472724e-03   1.3861809e-02   1.1154897e-02
  -1.0544675e-01  -2.3416114e-01  -7.0366159e-02   5.5935943e-03   1.4218004e-02   1.1466315e-02
  -1.0010756e-01  -2.7278577e-01   6.5619610e-02   7.2913557e-03   1.4425111e-02   1.2065468e-02
  -1.2992730e-01  -2.7738719e-01   1.2169124e-01   7.5264616e-03   1.4517788e-02   1.2195986e-02
  -1.4965094e-01  -2.9506302e-01   1.5543944e-01   8.4051498e-03   1.4159950e-02   1.2645559e-02
  -1.3992885e-01  -2.8026381e-01  -3.3451077e+00   1.9211707e-02   1.5898709e-02   1.6488970e-02
  -2.0865285e-01  -3.7061361e-01  -3.3541510e+00   2.1201372e-02   1.9123942e-02   1.9982607e-02
  -1.6502055e-01  -4.6510077e-01  -3.6917239e+00   2.2792010e-02   1.8747935e-02   2.1174671e-02
  -1.3192417e-01  -5.1328331e-01  -3.7205108e+00   2.6317372e-02   1.7945566e-02   1.9759491e-02
  -1.5730912e-01  -5.5368054e-01  -3.9125642e+00   2.7152165e-02   1.9244085e-02   2.0768662e-02
  -1.1958280e-01  -6.1021966e-01  -3.8659956e+00   2.7672764e-02   1.9107841e-02   2.0482500e-02
  -1.0636504e-01  -5.8691988e-01  -3.4149731e+00   2.6948752e-02   1.9803673e-02   1.9785300e-02
  -9.5656936e-02  -6.3690608e-01  -3.2450354e+00   2.8020816e-02   1.9944576e-02   1.9701995e-02
  -6.8266617e-02  -7.1457624e-01  -3.3466988e+00   2.8813102e-02   1.9511501e-02   1.8323200e-02
  -6.5246789e-02  -6.9413154e-01  -2.5989539e+00   2.8735472e-02   1.9284420e-02   1.7227552e-02
  -6.0593181e-02  -7.1239285e-01  -2.8384845e+00   2.9208133e-02   1.9030228e-02   1.6910814e-02
  -5.1209196e-02  -7.0516985e-01  -2.7422172e+00   2.8533770e-02   1.8800504e-02   1.6056471e-02
  -6.9767676e-02  -7.2992041e-01  -2.3585446e+00   2.8906969e-02   1.9485327e-02   1.6007448e-02
  -4.9755500e-02  -7.3380612e-01  -2.7569168e+00   2.9500188e-02   1.9507594e-02   1.5361321e-02
  -3.8031072e-02  -6.6974855e-01  -2.4564374e+00   2.5470405e-02   2.0879585e-02   1.5132633e-02
   4.4691292e-02  -7.1135531e-01   2.8221085e-01   1.4525349e-02   1.8690705e-02   1.1942831e-02
  -1.0871508e-02  -5.4865473e-01   5.3360094e-01   1.2789669e-02   1.7356543e-02   9.7277034e-03
  -4.3239171e-02  -4.6470736e-01   5.2260948e-01   1.2595199e-02   1.6740854e-02   8.8859564e-03
  -6.9296080e-02  -4.8265377e-01   6.1225661e-01   1.3313961e-02   1.7563531e-02   8.9814347e-03
  -8.9127780e-02  -4.7103129e-01   6.5812521e-01   1.2735460e-02   1.7961807e-02   9.0646645e-03
  -9.5071718e-02  -4.6665211e-01   6.1476246e-01   1.2708770e-02   1.8202935e-02   9.4676815e-03
  -1.0241641e-01  -4.5216950e-01   5.7806656e-01   1.3874178e-02   1.7610115e-02   8.9252222e-03
  -1.3314131e-01  -4.1453517e-01   5.4078869e-01   1.3593851e-02   1.8151083e-02   9.0937169e-03
  -1.5693512e-01  -3.2567935e-01  -3.8913008e+00   2.4060524e-02   2.0489975e-02   1.7430600e-02
  -2.0244572e-01  -4.4362778e-01  -3.6373198e+00   2.6493904e-02   2.2373722e-02   1.6901317e-02
  -1.7584010e-01  -5.2507831e-01  -3.7648146e+00   2.7336286e-02   2.4394754e-02   1.7080744e-02
  -1.2156637e-01  -5.6344785e-01  -3.7621629e+00   2.8486035e-02   2.3492071e-02   1.6079810e-02
  -1.2052012e-01  -5.6708663e-01  -3.3850951e+00   2.9027784e-02   2.4172045e-02   1.5658362e-02
  -5.0396324e-02  -6.4341275e-01  -3.3653270e+00   3.0113255e-02   2.3303478e-02   1.5411370e-02
  -2.2417555e-02  -6.3884377e-01  -3.5081560e+00   3.0233839e-02   2.2955483e-02   1.5384815e-02
  -1.5385563e-02  -6.2278153e-01  -3.3620144e+00   3.0417420e-02   2.4463630e-02   1.5789400e-02
  -1.2430499e-02  -6.6568400e-01  -4.0647794e+00   3.1540159e-02   2.4424967e-02   1.6311512e-02
   3.6620705e-03  -6.3803174e-01  -3.5718851e+00   3.1890848e-02   2.4334369e-02   1.5847958e-02
   2.9581567e-02  -6.6838964e-01  -3.4311772e+00   3.1810473e-02   2.4250626e-02   1.5277425e-02
   9.4072076e-02  -6.4864417e-01  -4.0159506e+00   3.1624309e-02   2.4160639e-02   1.4673210e-02
   3.4496381e-02  -6.5227036e-01  -3.6052232e+00   3.2218532e-02   2.4681541e-02   1.5134437e-02
   5.3467368e-02  -6.4951985e-01  -3.9393881e+00   3.1201902e-02   2.4259423e-02   1.5088441e-02
   7.3021737e-02  -6.6010551e-01  -3.8833697e+00   3.1607720e-02   2.4150896e-02   1.4763369e-02
   4.6399161e-02  -6.2207309e-01  -2.3059437e+00   2.3899767e-02   2.3468574e-02   1.4303316e-02
   5.3148227e-02  -7.5491329e-01   8.3757795e-01   1.2381987e-02   1.8320234e-02   9.4009158e-03
  -3.7088684e-03  -4.2512658e-01   3.6304375e-01   1.4284865e-02   1.9351771e-02   1.0230959e-02
