   0.0000000e+00   0.0000000e+00   0.0000000e+00   0.0000000e+00   1.7347235e-18   1.7347235e-18
  -2.6409656e-04   2.1427654e-02  -3.5319518e-02  -2.4513240e-04  -4.2751983e-04  -1.9860025e-04
   1.2507055e-03   2.7437760e-02  -4.9680371e-02  -3.0443580e-04  -5.0852229e-04  -3.7494299e-06
  -1.5780235e-02   1.9077737e-02  -3.4008738e-02   3.4198316e-04  -8.8244109e-04  -2.2078374e-04
  -4.4554942e-02   1.6573642e-02   4.4488677e-03   2.5184679e-03  -2.4820910e-03   6.4286494e-05
  -7.1575143e-02   4.1753373e-02  -1.5423575e-02   3.5701478e-03  -3.4556188e-03  -1.3734806e-04
  -7.8904533e-02   7.4451534e-02  -7.0771238e-02   3.9331623e-03  -4.0026727e-03  -2.7631203e-04
  -7.7889341e-02   6.5346534e-02  -4.0153541e-02   3.9073610e-03  -4.1079176e-03  -3.1304649e-04
  -7.5483201e-02   5.5638284e-02  -7.5171442e-04   4.1495423e-03  -4.3130711e-03  -3.4365612e-04
  -7.3754382e-02   5.5848565e-02   4.2218063e-03   4.2673376e-03  -4.4670398e-03  -2.1393709e-04
  -7.0378765e-02   5.1706360e-02   4.6954053e-03   3.8076234e-03  -4.9546081e-03  -3.5342842e-04
  -4.6440128e-02   5.4067328e-02  -1.6615781e-02   3.3638356e-03  -4.9224935e-03   3.4293257e-04
  -3.6044639e-02  -3.8423013e-02  -5.4481613e-02   5.4279490e-03  -4.4113942e-03   2.3606061e-04
  -8.3711109e-02   1.2425646e-03  -1.0601555e-01   4.8036858e-03  -4.8123204e-03  -1.1937774e-03
  -1.0726167e-01   5.6903184e-03  -7.6198658e-02   4.9529830e-03  -5.1428540e-03  -9.4291826e-04
  -1.1595280e-01   3.1465926e-02  -9.8945097e-02   4.7343862e-03  -5.1667947e-03  -9.1218000e-04
  -1.2344813e-01   2.6175468e-03  -8.5514727e-02   4.9842808e-03  -5.0732074e-03  -9.7063416e-04
  -1.2397730e-01  -1.8730292e-03  -9.3081704e-02   4.4956609e-03  -4.7982379e-03  -9.4774181e-04
  -1.2377866e-01  -1.2518716e-02  -1.2858718e-01   3.7303591e-03  -4.5350331e-03  -8.4881090e-04
  -1.1740100e-01  -2.3055676e-03  -1.2015894e-01   3.4010274e-03  -4.3205295e-03  -8.7722936e-04
  -1.0671069e-01  -2.7221171e-02  -7.3494905e-02   3.5690483e-03  -4.4368499e-03  -7.1037390e-04
  -9.8814069e-02  -4.6775024e-02  -5.3542212e-02   4.0391202e-03  -4.5007911e-03  -5.4853725e-04
  -1.0001104e-01  -3.8524776e-02  -1.0144467e-01   4.0530682e-03  -4.5456030e-03  -5.4777585e-04
  -1.1616383e-01  -6.2070036e-02  -1.2624012e-01   4.4656582e-03  -4.4093800e-03  -7.2703131e-04
  -1.0916412e-01  -5.5074014e-03  -1.1425377e-01   3.4648926e-03  -4.4087285e-03  -6.0115404e-04
  -1.1396907e-01   7.8124420e-03  -1.1102600e-01   3.4632095e-03  -4.5845111e-03  -3.7736068e-04
  -1.2051930e-01  -1.2825700e-02  -1.1070112e-01   3.6280115e-03  -4.6845523e-03  -4.9654863e-04
  -1.2596799e-01  -1.6880082e-02  -1.0876135e-01   3.5878529e-03  -4.6311518e-03  -5.0237354e-04
  -1.3153161e-01  -3.2650162e-02  -9.6612428e-02   3.9357550e-03  -4.8397613e-03  -6.0085039e-04
  -1.3384360e-01  -2.8461253e-02  -1.0140978e-01   3.8201177e-03  -5.0960553e-03  -7.6592603e-04
  -1.3688409e-01  -1.5719997e-02  -1.4080790e-01   3.6200541e-03  -5.3535160e-03  -7.6615000e-04
  -1.2953361e-01  -2.6156782e-02  -1.4410047e-01   4.1957541e-03  -5.6259835e-03  -3.3465103e-04
  -1.2521152e-01  -2.5952526e-02  -1.4104887e-01   3.9396928e-03  -5.8050504e-03   5.0089694e-04
  -1.2936653e-01  -3.0059062e-02  -1.3370336e-01   3.9734844e-03  -5.9946882e-03   4.6886042e-04
  -1.4963230e-01  -2.7044180e-02  -1.2920703e-01   4.1012283e-03  -6.1209219e-03   2.8172496e-04
  -9.1340023e-02  -4.3598803e-02  -9.8821826e-02   4.8870185e-03  -4.5206167e-03   3.1659426e-03
  -1.2619597e-01  -2.6631240e-01   4.7805671e-01   1.1687671e-02  -3.1752663e-03   3.5730725e-03
  -1.7075830e-01  -1.4746289e-01   2.6309220e-01   8.3088512e-03  -3.9087068e-03   2.3254624e-03
  -1.5487654e-01  -6.9335804e-02  -8.4361597e-03   5.5580138e-03  -3.9560826e-03   1.2784013e-03
  -1.5449607e-01  -6.3547468e-02  -3.3189327e-03   6.4937659e-03  -4.1437008e-03   1.2828303e-03
  -1.6996334e-01  -9.3284745e-02  -2.7293280e-02   6.1303547e-03  -4.1112142e-03   1.2354846e-03
  -2.1110819e-01  -1.4026488e-01   6.4278601e-02   7.7860005e-03  -4.6668057e-03   8.0163174e-04
  -2.3824294e-01  -1.3907527e-01   7.0680500e-02   8.4161133e-03  -5.3388170e-03   7.6422396e-04
  -2.3845486e-01  -1.1738562e-01   3.2170975e-02   7.8539431e-03  -5.1795491e-03   1.0165300e-03
  -2.2962320e-01  -1.3626905e-01  -9.0963810e-03   7.6249853e-03  -5.3239641e-03   1.2408755e-03
  -2.3125343e-01  -1.1147285e-01  -8.7748304e-03   7.7616326e-03  -5.2611693e-03   1.4547160e-03
  -2.2557618e-01  -1.4139807e-01   1.5030058e-02   7.8663628e-03  -5.2999944e-03   1.4074602e-03
  -2.2804040e-01  -1.2242901e-01  -1.5723408e-02   7.7524587e-03  -5.4931520e-03   1.4264872e-03
  -2.2681417e-01  -1.1683738e-01  -2.5933739e-02   7.1489923e-03  -5.2008375e-03   1.3761428e-03
  -2.2482826e-01  -1.3540985e-01  -3.9402225e-02   7.9828426e-03  -5.0850186e-03   1.1113762e-03
  -2.1323574e-01  -1.2933932e-01   3.0471423e-03   7.8057441e-03  -4.8872591e-03   1.8669587e-03
  -2.0711263e-01  -1.3658537e-01   6.3248635e-03   7.6858791e-03  -4.6594008e-03   1.9500054e-03
  -2.1659063e-01  -1.2410305e-01  -1.8848476e-02   7.2171558e-03  -5.1882810e-03   1.5731783e-03
  -2.1865464e-01  -1.2000237e-01  -2.5139602e-02   7.3070784e-03  -4.9408948e-03   1.6549403e-03
  -2.2334093e-01  -1.2423885e-01  -1.5229960e-02   7.2040688e-03  -5.0240902e-03   1.5983320e-03
  -2.3709619e-01  -1.2908606e-01   3.2698044e-03   7.1639054e-03  -5.3017691e-03   1.5376473e-03
  -2.5738537e-01  -1.4146555e-01   3.1127946e-02   6.3039909e-03  -5.2091014e-03   1.1547133e-03
  -2.5672822e-01  -1.4443085e-01   2.3479441e-02   6.7530258e-03  -5.2683529e-03   1.2810892e-03
  -2.4751197e-01  -1.6098314e-01   1.8925093e-02   6.6088645e-03  -5.2468387e-03   1.7492262e-03
  -1.7830130e-01  -1.9669817e-01   1.4846400e-01   9.4957532e-03  -2.4754605e-03   5.3094653e-03
  -2.0733723e-01  -1.5555909e-01   2.5363756e-01   1.1293947e-02  -2.5207794e-03   4.6677427e-03
  -2.3688043e-01  -1.5652825e-01   2.1121326e-01   1.0730966e-02  -3.3454625e-03   4.1619756e-03
  -2.5234547e-01  -1.6539185e-01   1.5267106e-01   9.2176174e-03  -3.7241678e-03   3.6924047e-03
  -2.5779237e-01  -1.4171669e-01   1.4872148e-01   8.9197379e-03  -3.9071908e-03   3.7122877e-03
  -2.1894847e-01  -1.5600750e-01   2.0039002e-01   8.9390827e-03  -3.3015547e-03   4.1670708e-03
  -1.6893187e-01  -1.4309768e-01   9.0613713e-02   7.9289559e-03  -2.3537695e-03   3.9418030e-03
  -1.6358184e-01  -1.5903277e-01   8.7165980e-02   8.3514387e-03  -2.2606596e-03   4.0269707e-03
  -1.7692422e-01  -1.7355905e-01   7.8253335e-02   8.0728877e-03  -2.3495309e-03   3.6204550e-03
  -1.7728215e-01  -1.4882543e-01   7.5750394e-02   7.7613675e-03  -2.6752942e-03   3.6610502e-03
  -1.3393809e-01  -1.6496233e-01   5.3585064e-02   7.9761894e-03  -2.0057936e-03   4.2372884e-03
  -1.4286722e-01  -1.7004198e-01   1.0337085e-01   8.7492006e-03  -2.0679201e-03   4.6823776e-03
  -1.5937945e-01  -1.8067895e-01   1.2604493e-01   8.7735127e-03  -2.3993115e-03   4.4675826e-03
  -1.8877514e-01  -1.7929730e-01   9.7425574e-02   7.9829397e-03  -2.4278932e-03   3.8840089e-03
  -1.9177350e-01  -1.7477490e-01   1.1345522e-01   7.6841611e-03  -3.2544207e-03   3.7653285e-03
  -2.0062163e-01  -1.4421274e-01   1.2049501e-01   7.4781281e-03  -3.8868101e-03   3.6988523e-03
  -2.1045922e-01  -1.4649165e-01   1.0000365e-01   7.6458257e-03  -3.9719293e-03   3.5406707e-03
  -1.9886362e-01  -1.8184614e-01   7.8962042e-02   7.7520333e-03  -3.9455516e-03   4.1918028e-03
  -2.0535510e-01  -2.3437862e-01   6.6410440e-02   7.4478261e-03  -3.3829180e-03   4.1455044e-03
  -2.0963314e-01  -1.9460555e-01   3.0099547e-05   7.4537305e-03  -3.7011548e-03   3.9248355e-03
  -2.0096249e-01  -1.9426622e-01   3.1848726e-03   7.2040745e-03  -3.6779569e-03   4.4126049e-03
  -1.8621151e-01  -2.0139112e-01   1.4373754e-02   7.0603529e-03  -3.5469416e-03   4.7794671e-03
  -1.7032310e-01  -2.0087972e-01  -8.6485117e-02   5.0821799e-03  -2.8976908e-03   4.9123325e-03
  -1.3161685e-01  -2.3411608e-01  -7.6041031e-02   4.7616909e-03  -2.0018688e-03   5.2964752e-03
  -1.1524184e-01  -2.1493795e-01  -1.0514751e-01   4.2415150e-03  -1.8210853e-03   5.4623588e-03
  -1.0694425e-01  -1.6356671e-01  -1.5396928e-01   4.6856342e-03  -1.8740618e-03   5.3550675e-03
  -1.2695444e-01  -2.5708442e-01  -2.0921298e-01   6.1682597e-03  -2.8490266e-03   2.8509551e-03
  -1.3234351e-01  -1.7260556e-01  -2.0573430e-01   5.0266364e-03  -2.9915526e-03   3.2347724e-03
  -1.2139870e-01  -2.6536848e-01  -1.7824580e-01   6.0489773e-03  -2.6616962e-03   3.9078680e-03
  -4.2921830e-02  -2.8634229e-01  -4.9897652e-02   8.9567255e-03  -1.2327001e-03   5.4635691e-03
  -1.8216296e-02  -3.8946700e-01   6.0751793e-02   1.1542159e-02  -2.8515337e-04   5.3916159e-03
  -3.7797189e-02  -2.2436878e-01  -1.1826526e-01   9.5370224e-03  -1.2115769e-03   4.8352925e-03
  -4.4646001e-02  -2.2310571e-01  -8.6905187e-02   9.2117297e-03  -1.5148708e-03   4.7607709e-03
  -4.6166811e-02  -2.3226458e-01  -1.1025108e-01   9.2186223e-03  -1.6071889e-03   4.7660384e-03
  -4.6516435e-02  -2.1559115e-01  -1.0681098e-01   8.7432795e-03  -1.7746289e-03   4.8496176e-03
  -4.3247163e-02  -2.9067283e-01  -1.2421865e-01   8.8306852e-03  -1.6339238e-03   4.5850048e-03
  -4.1352211e-02  -2.5643136e-01  -1.7347160e-01  -4.0701561e-04  -2.6419305e-05   3.5087297e-03
  -4.6671878e-02  -3.0385620e-01  -2.3492377e-01  -4.4389064e-03   4.1437314e-04   2.4287904e-03
  -6.5143396e-02  -2.7006544e-01  -2.2149609e-01  -1.0629545e-03  -7.1056688e-04   2.8054225e-03
  -6.5057042e-02  -2.7048846e-01  -1.7018182e-01   1.9849943e-03  -1.5069855e-03   3.1298945e-03
  -7.1300034e-02  -2.6098058e-01  -1.5451521e-01   2.9738449e-03  -1.6247117e-03   3.2883706e-03
  -6.8364251e-02  -2.6177245e-01  -1.5995243e-01   2.7381531e-03  -1.8536227e-03   3.5145748e-03
  -7.1294921e-02  -2.5448472e-01  -1.5132274e-01   2.5180146e-03  -2.0666069e-03   3.5746801e-03
  -6.3286886e-02  -2.7221785e-01  -9.4185363e-02   3.3892391e-03  -2.2110606e-03   3.5774771e-03
  -9.2707747e-02  -4.3605691e-01   2.0938849e-01   7.8976488e-03  -2.1637063e-03   3.1833171e-03
  -9.8724169e-02  -3.2837009e-01   9.4833579e-02   6.7138103e-03  -2.6782446e-03   3.4602905e-03
  -1.0012645e-01  -2.9665070e-01   7.2637656e-02   6.6302738e-03  -2.6046950e-03   3.4990491e-03
  -1.0063014e-01  -3.0055482e-01   6.0054111e-02   6.7587850e-03  -2.7417535e-03   3.6713935e-03
  -1.0135718e-01  -3.1757130e-01   9.1818402e-02   6.7693389e-03  -2.8527544e-03   3.8344966e-03
  -1.1570762e-01  -2.8845007e-01   7.5729508e-02   6.5577812e-03  -2.9610891e-03   3.5083076e-03
  -1.1198233e-01  -3.1381119e-01   5.8084725e-02   6.8240743e-03  -2.9793200e-03   3.4087623e-03
  -1.1318505e-01  -3.0850174e-01   5.3602046e-02   6.8349603e-03  -2.9994413e-03   3.6117961e-03
  -1.1598973e-01  -3.2176144e-01   7.8024795e-02   7.1371393e-03  -2.9095292e-03   3.6588930e-03
  -1.2964223e-01  -3.3868533e-01   5.6866950e-02   7.2116330e-03  -2.9498185e-03   3.6448707e-03
  -1.0332842e-01  -3.5885875e-01   1.6501977e-02   7.3705411e-03  -2.3943708e-03   4.3980536e-03
  -6.4253504e-02  -4.2085270e-01  -1.5774668e-01   7.1277132e-03  -8.1491278e-04   4.4800876e-03
   1.2342417e-02  -3.3037446e-01  -2.9511023e-01   6.1278772e-03   6.9102812e-04   5.3382167e-03
   3.2055965e-03  -3.6139884e-01  -2.1937143e-01   7.7682960e-03   6.5132080e-04   5.8186942e-03
  -5.2927699e-03  -3.7950834e-01  -1.3458647e-01   7.9754241e-03   3.6513077e-04   5.9673709e-03
  -1.6733674e-02  -3.6038353e-01  -1.3499794e-01   7.7826959e-03   1.3249176e-04   6.2077899e-03
  -1.4393856e-02  -3.4755829e-01  -1.9857807e-01   7.5497608e-03   6.7472444e-05   6.1312342e-03
