   0.0000000e+00   0.0000000e+00  -1.7763568e-15   0.0000000e+00  -1.7347235e-18   0.0000000e+00
   4.4197963e-03  -3.1774539e-02  -3.1218271e-04   1.2503256e-04  -1.8216384e-04  -3.9935953e-05
  -7.6947470e-03  -4.9647486e-02   3.2845945e-03   3.7960180e-04  -1.5031016e-04  -1.1457401e-04
  -7.7690284e-03  -2.7688236e-02   4.9149892e-02  -6.3753857e-05  -2.4335517e-04   1.2068871e-04
  -9.0515422e-03  -4.4760734e-02   4.1441972e-02  -4.7959784e-04  -8.5335978e-04   1.2444657e-04
   7.2865035e-03  -5.7447139e-02   3.7131438e-03  -7.2969431e-04  -1.5074263e-03  -3.0971883e-04
   1.9866793e-02  -6.1711355e-02   6.0168887e-03  -6.9828749e-04  -1.9795939e-03  -6.2417404e-04
   3.1186155e-02  -9.6435854e-02   1.8867880e-02  -5.1268499e-04  -2.4780847e-03  -8.3785613e-04
   5.7764715e-02  -1.1866659e-01   2.1524101e-02  -3.2600539e-04  -3.1178509e-03  -1.2404944e-03
   6.1118802e-02  -1.2513280e-01   2.6716491e-02  -3.0447178e-04  -3.2550703e-03  -1.4845028e-03
   8.2564473e-02  -1.4016789e-01   1.6834234e-02  -1.1330675e-04  -3.7498298e-03  -1.7313946e-03
   1.0679342e-01  -1.3607821e-01   9.6186272e-03  -8.5021077e-04  -4.2409409e-03  -2.0457686e-03
   1.0899147e-01  -7.7321155e-02   1.8693158e-03  -1.0286676e-03  -4.3151894e-03  -1.7712433e-03
   1.0663115e-01  -8.6744051e-02   2.9436991e-02  -7.7867829e-04  -4.1716168e-03  -1.5737147e-03
   9.4584134e-02  -8.9799791e-02   7.3940865e-02  -3.7341641e-04  -3.8642483e-03  -1.6634055e-03
   1.0532176e-01  -1.0565334e-01   6.6117774e-02  -8.3043032e-06  -3.7921685e-03  -1.3510993e-03
   7.1898921e-02  -1.0036170e-01   6.7718127e-02   3.9808638e-04  -3.1339340e-03  -1.5202951e-03
   3.7534100e-02  -1.0096353e-01   1.0542860e-01   5.1732956e-04  -2.8239725e-03  -1.4964761e-03
   4.7277860e-02  -9.6287178e-02   1.0057011e-01   5.3443088e-04  -3.3964642e-03  -1.7626982e-03
   4.8023314e-02  -1.2022004e-01   1.4970504e-01   7.7904245e-04  -3.3344759e-03  -1.7181701e-03
   4.7894460e-02  -1.2113072e-01   1.3626186e-01   1.0780828e-03  -3.3456175e-03  -1.7538959e-03
   2.9188609e-02  -1.1633997e-01   1.6214279e-01   8.6115919e-04  -2.9607590e-03  -1.6896065e-03
   2.0562578e-02  -7.8966831e-02   1.5459423e-01   4.2286537e-04  -2.9795487e-03  -1.7659665e-03
   1.2299626e-02  -5.0243366e-02   1.0067889e-01   7.8393248e-04  -3.0835983e-03  -2.3464377e-03
   2.5585065e-02  -4.9911831e-02   1.1531047e-01   1.1869344e-03  -3.2730831e-03  -2.1889480e-03
   1.2522591e-02  -9.2663909e-02   1.8251501e-01   1.8462779e-03  -2.7416170e-03  -2.2345015e-03
   1.1745098e-02  -8.5448851e-02   1.4621256e-01   2.1381159e-03  -2.7094055e-03  -2.2274664e-03
   5.7431294e-03  -9.0150453e-02   2.2164861e-01   1.3860858e-03  -2.6129231e-03  -2.2057711e-03
  -1.5768524e-03  -6.9747482e-02   2.4689177e-01   8.2297618e-04  -2.8242624e-03  -1.8474350e-03
   3.5063055e-04  -6.6350811e-02   2.1814246e-01   4.5581106e-04  -3.0391680e-03  -2.1282132e-03
   1.3510533e-02  -5.6059274e-02   2.0679287e-01   8.2209292e-05  -3.3618263e-03  -2.3063921e-03
   9.4864192e-03  -6.0405579e-02   2.2285609e-01  -2.9567428e-04  -3.6030406e-03  -2.5364483e-03
   2.9322653e-02  -5.8354837e-02   2.1623670e-01  -5.2402411e-04  -4.0453745e-03  -2.8895907e-03
   2.0441986e-02  -8.3848923e-02   2.3939426e-01  -3.7942549e-04  -4.0819555e-03  -3.2982828e-03
   3.0891388e-02  -8.5057414e-02   2.1211357e-01  -2.9577214e-04  -4.2844478e-03  -3.7283986e-03
   6.5345162e-02  -8.7478966e-02   1.6610020e-01  -5.9468801e-04  -4.7058477e-03  -4.0148326e-03
   4.3523327e-02  -6.6081380e-02   1.8465800e-01  -8.9742477e-04  -4.4850137e-03  -4.1678242e-03
   3.5970698e-02  -4.3472691e-02   1.7117663e-01  -8.9169806e-04  -4.3011363e-03  -4.2322661e-03
   2.7847756e-02  -6.4866046e-02   1.9007102e-01  -7.3678556e-04  -3.9887740e-03  -4.2263452e-03
   2.4150753e-02  -6.1473704e-02   1.9863017e-01  -8.3335305e-04  -4.0418681e-03  -4.6336179e-03
   1.5845433e-02  -4.8334487e-02   1.9582234e-01  -8.0626349e-04  -3.7154517e-03  -4.6396664e-03
   2.6249890e-02  -6.3936641e-02   2.6884954e-01  -1.1212293e-03  -4.0074925e-03  -4.3072959e-03
   2.7410836e-02  -5.7211300e-02   2.8871977e-01  -1.3445970e-03  -4.2030137e-03  -4.1555780e-03
   4.4511731e-02  -5.0895674e-02   2.5704981e-01  -1.7032072e-03  -4.5852690e-03  -4.3100881e-03
   4.6318130e-02  -6.2889488e-02   2.7665707e-01  -1.8249620e-03  -4.7806677e-03  -4.5923552e-03
   4.8636064e-02  -7.7120391e-02   2.7459388e-01  -1.9001354e-03  -4.9631346e-03  -4.8194891e-03
   5.6322937e-02  -8.3976099e-02   2.8911966e-01  -1.9527239e-03  -4.9794391e-03  -4.7300350e-03
   7.5425023e-02  -9.6922651e-02   3.0293525e-01  -2.3185360e-03  -5.2465870e-03  -4.6244720e-03
   9.8102690e-02  -1.0555264e-01   2.8577409e-01  -2.5756587e-03  -5.5711752e-03  -4.6630491e-03
   1.1377368e-01  -1.1975633e-01   2.9916264e-01  -2.5891514e-03  -5.7945192e-03  -4.5034196e-03
   1.2193433e-01  -1.3234113e-01   2.8812708e-01  -2.6979113e-03  -5.6954782e-03  -4.5653163e-03
   1.4181434e-01  -1.4618377e-01   3.2139308e-01  -2.7707318e-03  -6.2389200e-03  -4.1906562e-03
   1.4246398e-01  -1.6034491e-01   3.4986496e-01  -2.6888897e-03  -6.1763009e-03  -3.3441730e-03
   1.5556742e-01  -1.7813502e-01   3.6236308e-01  -2.7419142e-03  -6.1542474e-03  -2.8028937e-03
   1.5649292e-01  -1.9738921e-01   3.8574664e-01  -2.6064345e-03  -6.0837832e-03  -2.8023360e-03
   1.7347428e-01  -2.0016158e-01   4.0912161e-01  -2.6658443e-03  -6.3764298e-03  -2.4564081e-03
   1.8142528e-01  -2.1764072e-01   4.1712525e-01  -2.4606615e-03  -6.3361461e-03  -2.1044726e-03
   1.7984634e-01  -2.3393477e-01   4.4189016e-01  -2.5202588e-03  -6.2123692e-03  -1.7482819e-03
   1.7006269e-01  -2.6419080e-01   4.2764298e-01  -2.4311006e-03  -6.0842137e-03  -1.5436318e-03
   1.5061977e-01  -1.5891280e-01   3.9009775e-01  -3.7057211e-03  -5.9686706e-03  -1.4832400e-03
   1.4714226e-01  -1.4647677e-01   4.1676604e-01  -3.4808945e-03  -6.0000697e-03  -2.0450148e-03
   1.4279135e-01  -1.6689297e-01   4.3062376e-01  -2.5574400e-03  -5.8747271e-03  -2.1762819e-03
   1.3827194e-01  -1.5705451e-01   4.2619857e-01  -2.6492293e-03  -5.4571794e-03  -1.8730444e-03
   1.2802389e-01  -1.3243742e-01   4.0446945e-01  -2.4796018e-03  -5.2939302e-03  -2.2361181e-03
   1.2402821e-01  -1.5270281e-01   4.3339504e-01  -2.0391585e-03  -5.4830848e-03  -2.3064026e-03
   1.1928301e-01  -1.6242480e-01   4.5070146e-01  -2.1166135e-03  -5.3371251e-03  -2.2509257e-03
   1.3505269e-01  -1.7967614e-01   4.1623362e-01  -1.8309838e-03  -5.4431213e-03  -1.8735679e-03
   1.2612508e-01  -1.8412259e-01   4.5000450e-01  -1.9815666e-03  -5.3362295e-03  -2.1938724e-03
   1.2147346e-01  -1.8402417e-01   4.5401820e-01  -1.7797427e-03  -5.0131797e-03  -2.0231889e-03
   1.1884972e-01  -1.6520806e-01   4.3234299e-01  -1.8048107e-03  -5.0033056e-03  -2.1079572e-03
   1.2371309e-01  -2.1075769e-01   4.7193125e-01  -1.6211170e-03  -5.1131904e-03  -2.1311559e-03
   1.2163631e-01  -2.0350516e-01   4.7650232e-01  -1.5337357e-03  -5.2449453e-03  -2.2006677e-03
   1.2797456e-01  -1.7493458e-01   4.5284563e-01  -1.7444163e-03  -5.3456630e-03  -1.8379347e-03
   1.3486842e-01  -1.7703720e-01   5.2581025e-01  -2.6901380e-03  -5.6928129e-03  -1.4486566e-03
   1.6061158e-01  -1.6695810e-01   5.3664489e-01  -3.2423244e-03  -6.4609901e-03  -1.3078253e-03
   1.7833684e-01  -1.7633934e-01   5.2311007e-01  -3.3624913e-03  -6.7795036e-03  -1.2975038e-03
   1.8051783e-01  -1.8966737e-01   5.3865701e-01  -3.3833126e-03  -6.9555283e-03  -1.3618337e-03
   1.9525957e-01  -2.0987523e-01   5.2941603e-01  -3.2537759e-03  -7.1876046e-03  -1.5495880e-03
   1.8624074e-01  -2.2313489e-01   5.4822562e-01  -3.0920050e-03  -7.0781580e-03  -1.8247839e-03
   1.9575073e-01  -2.3796922e-01   5.3898431e-01  -3.1994974e-03  -7.4813274e-03  -2.0492995e-03
   1.9067865e-01  -2.5021291e-01   5.3720917e-01  -3.1153877e-03  -7.4472716e-03  -2.2176948e-03
   2.0112012e-01  -2.6570306e-01   5.0676628e-01  -3.1931220e-03  -7.6374421e-03  -2.3554011e-03
   2.0237115e-01  -2.3563717e-01   4.8795296e-01  -3.5277305e-03  -7.6869162e-03  -2.3481825e-03
   1.9796737e-01  -2.3856367e-01   5.2386537e-01  -3.1858973e-03  -7.6654741e-03  -2.3246711e-03
   2.1018129e-01  -2.5086748e-01   5.1685980e-01  -2.6575479e-03  -7.4071488e-03  -2.2432511e-03
   1.9823532e-01  -2.5797252e-01   5.4686480e-01  -2.8669737e-03  -7.3531922e-03  -2.3205599e-03
   2.0080510e-01  -2.7440547e-01   5.5853402e-01  -2.2620800e-03  -7.4533392e-03  -2.3415206e-03
   2.1203093e-01  -2.6534493e-01   5.3900707e-01  -2.2625304e-03  -7.5441513e-03  -2.2221902e-03
   2.0640584e-01  -2.6887482e-01   5.9379191e-01  -2.5101179e-03  -7.5976953e-03  -2.2783412e-03
   1.8930628e-01  -2.7238264e-01   5.8952677e-01  -2.6806872e-03  -7.2439442e-03  -2.1342371e-03
   1.7806120e-01  -2.9035685e-01   5.4697145e-01  -1.6544824e-03  -7.0187396e-03  -2.4240294e-03
   1.9574498e-01  -2.9269313e-01   5.8834550e-01  -2.0076414e-03  -7.3377890e-03  -2.2907633e-03
   1.9370719e-01  -2.9159043e-01   5.7762918e-01  -1.6079101e-03  -7.3441668e-03  -2.2825776e-03
   1.9142532e-01  -2.7603956e-01   5.5889225e-01  -1.6596745e-03  -7.3743290e-03  -2.5939890e-03
   1.9165100e-01  -2.9520946e-01   6.1875064e-01  -1.4725945e-03  -7.4972333e-03  -2.2760368e-03
   1.8569411e-01  -3.0629728e-01   5.9257092e-01  -1.2547573e-03  -7.2716118e-03  -2.3419144e-03
   1.8135669e-01  -3.2206382e-01   6.2320442e-01  -1.0395362e-03  -7.6895281e-03  -2.7718848e-03
   1.8401857e-01  -2.6670602e-01   6.0579475e-01  -1.3606803e-03  -7.8551655e-03  -2.4046270e-03
   2.0004956e-01  -2.8524809e-01   6.7380006e-01  -1.5225870e-03  -8.3359721e-03  -1.9022140e-03
   2.1249764e-01  -2.9557039e-01   6.8161141e-01  -1.8109637e-03  -8.9435094e-03  -2.1384271e-03
   2.2265754e-01  -3.1147502e-01   6.8288508e-01  -2.0071567e-03  -9.2951512e-03  -2.1840261e-03
   2.2252677e-01  -3.3191431e-01   6.7767263e-01  -2.0085721e-03  -9.4559063e-03  -2.2078531e-03
   2.3186884e-01  -3.4402213e-01   6.7410254e-01  -2.0584727e-03  -9.7212548e-03  -2.3251006e-03
   2.2838598e-01  -3.4675803e-01   6.9234590e-01  -2.1214889e-03  -9.9744836e-03  -2.5912029e-03
   2.3857675e-01  -3.5529307e-01   6.9045367e-01  -1.9941216e-03  -1.0290537e-02  -2.6297106e-03
   2.4327501e-01  -3.5827798e-01   7.0453055e-01  -2.1956077e-03  -1.0877730e-02  -2.8984527e-03
   2.4751999e-01  -3.7175336e-01   7.0184798e-01  -1.9903357e-03  -1.0962606e-02  -2.9300770e-03
   2.5676848e-01  -3.9295672e-01   6.9887057e-01  -1.8926807e-03  -1.1189412e-02  -2.9868474e-03
   2.4441729e-01  -3.9872212e-01   7.1593925e-01  -2.0450225e-03  -1.1266991e-02  -3.0938968e-03
   2.5320009e-01  -4.0959267e-01   6.9986349e-01  -1.9958246e-03  -1.1204584e-02  -3.1169858e-03
   2.5002382e-01  -4.1084289e-01   7.1432554e-01  -1.9815705e-03  -1.1137361e-02  -3.0556446e-03
   2.5599456e-01  -4.2927844e-01   7.0886140e-01  -1.8467528e-03  -1.1388179e-02  -3.0915233e-03
   2.5605091e-01  -4.4054716e-01   7.0863651e-01  -1.7449364e-03  -1.1279378e-02  -3.3739188e-03
   2.5842875e-01  -4.2832720e-01   6.8664148e-01  -2.4718631e-03  -1.1180663e-02  -3.2191529e-03
   2.3695851e-01  -4.0360794e-01   6.6332958e-01  -2.9296633e-03  -1.0283365e-02  -2.2844280e-03
   2.6589307e-01  -4.0217132e-01   6.1359247e-01  -1.7427724e-03  -1.0447963e-02  -2.4432027e-03
   2.4015472e-01  -4.0960214e-01   6.6383578e-01  -1.4245968e-03  -1.0460000e-02  -3.2521483e-03
   2.5135256e-01  -3.8771412e-01   6.1409440e-01  -1.0950507e-03  -1.0532694e-02  -3.0881299e-03
   2.5030847e-01  -3.6168741e-01   6.4088276e-01  -1.5875869e-03  -1.0588976e-02  -3.2248984e-03
   2.4831497e-01  -3.9604585e-01   6.8954805e-01  -1.7151485e-03  -1.0378822e-02  -3.0135939e-03
