   0.0000000e+00   0.0000000e+00   0.0000000e+00   8.6736174e-19  -1.8807910e-37  -2.1684043e-19
  -5.2906586e-04   4.5309458e-02  -2.7575951e-02  -4.8701604e-04  -9.2800525e-05  -1.7840437e-04
   6.7409349e-03   6.2913631e-02  -5.4078120e-02  -6.3872601e-04  -1.5026997e-04  -3.6809988e-04
  -2.0193637e-03  -4.3404461e-02   4.7888643e-03   2.3702643e-04  -2.7172256e-07  -5.1456438e-04
  -2.3195057e-02   4.0994655e-02  -7.9368259e-02  -1.7923850e-04   4.1186203e-04  -1.0779143e-05
  -2.7322763e-02   4.5439618e-02  -1.1342733e-01  -4.2337152e-04   5.9789866e-04   5.7834905e-05
  -2.6291227e-02   5.9191158e-02  -1.1129885e-01  -6.8690931e-04   7.9062839e-04   1.8241532e-04
  -3.6749273e-02   7.5752917e-02  -1.6693299e-01  -6.5547056e-04   7.4168745e-04   2.1994667e-04
  -3.8888690e-02   7.7800017e-02  -1.8192599e-01  -6.5821991e-04   8.3802243e-04   4.8861542e-04
  -3.7185741e-02   6.8878824e-02  -1.5640594e-01  -6.0863883e-04   9.3650522e-04   4.6240828e-04
  -3.1539367e-02   6.0104578e-02  -1.5415367e-01  -4.3906967e-04   8.2515853e-04   4.6915640e-04
  -2.6235562e-02   6.3702758e-02  -1.4452970e-01  -1.8092026e-04   1.0509300e-03   5.2505831e-04
  -1.3385941e-02  -6.2676784e-02  -1.2249227e-01   5.9166675e-04   1.1991091e-03   4.6922933e-04
  -1.7646008e-03   4.4859080e-02  -1.3189245e-01  -8.3375271e-05   1.1672807e-03   9.9065578e-04
   3.5575396e-03   6.9726052e-02  -1.6490201e-01  -3.7852295e-04   7.7636412e-04   9.6814643e-04
   2.1471081e-02  -1.3689146e-02  -1.9142164e-01   4.6529774e-05   1.1660166e-03   1.3144218e-03
   4.8744787e-02   6.8598495e-02  -2.8364533e-01  -7.8185310e-04   2.5792516e-03   2.8863737e-03
   3.4234729e-02   3.7222407e-02  -2.4011245e-01  -8.9110654e-04   2.0953119e-03   2.4522849e-03
   3.0859080e-02   3.1932872e-03  -1.9179974e-01  -8.8877437e-04   1.7102653e-03   2.1650722e-03
   2.2218179e-02   4.9171087e-02  -1.7869926e-01  -1.4319310e-03   1.7899707e-03   2.0979596e-03
   4.0332037e-02   4.2269076e-02  -2.1736344e-01  -1.3418183e-03   1.3843973e-03   1.9229863e-03
   3.4682395e-02  -4.9754457e-02  -1.6180815e-01  -1.1148209e-03   1.4557299e-03   1.8966751e-03
   2.4875706e-02   3.8521641e-02  -1.7125224e-01  -1.8137237e-03   1.4829071e-03   1.7910435e-03
   3.7165103e-02   1.8247199e-02  -1.8690948e-01  -1.6604051e-03   1.1993595e-03   1.5454889e-03
   4.0912987e-02  -1.3120418e-02  -1.7082989e-01  -1.7256869e-03   1.3666000e-03   1.5876234e-03
   4.1754914e-02   6.0993976e-03  -1.7306371e-01  -2.2175663e-03   1.1995964e-03   1.4667980e-03
   4.6567237e-02   2.0458552e-02  -2.0774798e-01  -1.8813769e-03   1.0862346e-03   1.3296445e-03
   4.5373691e-02  -2.1821608e-01  -1.0970063e-01   2.4533668e-03   1.7448045e-03   1.7215111e-03
   2.8675431e-02  -6.5701325e-02  -1.8545113e-01  -2.8958223e-04   1.8062096e-03   1.7840734e-03
   3.4975879e-02  -4.4566729e-02  -1.9233594e-01  -9.5484778e-04   1.7900269e-03   1.9785040e-03
   2.0809190e-02  -1.4037496e-02  -1.9415478e-01  -1.1991574e-03   2.0514972e-03   1.8719762e-03
   2.3068548e-02   7.7020300e-03  -2.5510284e-01  -1.3196456e-03   1.9890271e-03   1.9222808e-03
   1.7821034e-02  -4.4395035e-02  -2.2725898e-01  -1.3333751e-03   2.1994032e-03   1.8925452e-03
   2.5971415e-02  -2.0209876e-02  -2.2411177e-01  -1.3255656e-03   2.0500063e-03   1.8712805e-03
   3.2036138e-02  -4.7282951e-02  -2.2523090e-01  -1.0032915e-03   2.1147559e-03   2.0866689e-03
   3.9388922e-02  -1.0161165e-01  -1.9743367e-01  -1.1597114e-03   2.3562388e-03   2.3425312e-03
   4.1489109e-02  -1.2141786e-01  -2.6557607e-01  -1.3800144e-03   2.1862688e-03   2.2443663e-03
   3.5435224e-02  -8.4674039e-03  -2.3496358e-01  -2.4586116e-03   1.9553633e-03   2.0357735e-03
   5.4378190e-02  -2.3168526e-02  -2.4204955e-01  -1.6840581e-03   2.3227976e-03   2.5497445e-03
   4.6107930e-02  -1.1530826e-01  -1.9378258e-01  -1.4265677e-03   2.2391896e-03   2.1787988e-03
   2.6547075e-02  -6.6588702e-04  -2.4249628e-01  -2.3130520e-03   2.0062473e-03   2.0257960e-03
   2.5680307e-02  -6.8003348e-02  -2.4906551e-01  -2.1376387e-03   2.0771898e-03   2.1598386e-03
   2.4860638e-02  -1.4320274e-02  -2.5741179e-01  -2.5632547e-03   2.1430538e-03   2.1718588e-03
   3.1025169e-02  -3.9124565e-04  -2.8041104e-01  -2.6724757e-03   2.1006517e-03   2.1823607e-03
   2.5903692e-02  -4.4603954e-02  -2.6227049e-01  -2.7461775e-03   2.2518284e-03   2.2284878e-03
   2.6096981e-02  -2.1580900e-02  -2.8271652e-01  -3.1186947e-03   2.2206303e-03   2.0228034e-03
   2.7402633e-02  -4.1463269e-02  -2.8813562e-01  -3.2298831e-03   2.1712270e-03   1.9304075e-03
   1.8710984e-02  -1.0719058e-01  -2.5916626e-01  -2.9430629e-03   2.3896888e-03   1.9880366e-03
   1.4236520e-02  -5.3507014e-02  -2.8065856e-01  -3.4881823e-03   2.2697300e-03   1.9526754e-03
   1.5217631e-02  -4.9414993e-02  -3.0247158e-01  -3.6908706e-03   2.2634835e-03   1.7805107e-03
   1.4304748e-02  -1.0907478e-01  -3.0670276e-01  -3.7219124e-03   2.4463833e-03   1.9980191e-03
   1.9075863e-02  -8.5631659e-02  -3.5221526e-01  -3.8736800e-03   2.1453343e-03   1.8368792e-03
   2.0493073e-02  -7.6108408e-02  -3.1786555e-01  -4.0926573e-03   2.1665521e-03   1.7753234e-03
   2.1937076e-02  -4.0806250e-02  -2.9045092e-01  -4.3238651e-03   2.2759737e-03   1.8312920e-03
   2.5489964e-02  -9.9898004e-02  -2.9658062e-01  -3.9824670e-03   2.0961245e-03   1.7260107e-03
   2.0656373e-02  -7.8479168e-02  -3.1702687e-01  -4.4688227e-03   2.1074830e-03   1.7586512e-03
   9.9150033e-03  -1.0316835e-01  -5.0055324e-01  -6.9927911e-03   1.4448597e-03   1.0932495e-03
   1.2369389e-02  -1.1559493e-01  -4.1896241e-01  -6.6823832e-03   1.6099516e-03   1.1029432e-03
   2.4730187e-02  -1.1753974e-01  -3.9772725e-01  -6.1107555e-03   1.9522236e-03   1.3971903e-03
   3.4828453e-02  -1.8544430e-01  -2.5155390e-01  -4.3745894e-03   2.5530666e-03   1.8881589e-03
   3.0944309e-02  -8.0081546e-02  -3.2444377e-01  -5.7805730e-03   2.1467003e-03   1.8084452e-03
   2.6336418e-02  -1.2751584e-01  -3.3392494e-01  -5.5165786e-03   1.9570984e-03   1.5369312e-03
   5.1954776e-02  -1.6668859e-01  -7.7138861e-01   1.8938988e-03   2.4879235e-03   7.8397553e-04
   5.3626537e-02  -2.4641323e-01  -3.7730571e-01  -7.8681248e-05   2.6638887e-03   1.6020311e-03
   4.9864562e-02  -8.6856359e-02  -3.6303361e-01  -2.4489939e-03   2.5082817e-03   1.4804909e-03
   8.2959304e-02  -1.0749405e-01  -3.7526502e-01  -2.4136042e-03   2.6658265e-03   2.1064084e-03
   5.8863383e-02  -4.1985775e-01  -3.1951772e-01  -1.2096225e-04   3.0782065e-03   1.6746231e-03
   5.6259269e-02  -4.0564569e-01  -4.5140907e-01  -2.2376698e-05   2.5290386e-03   1.6237333e-03
   3.6644498e-02  -1.8163020e-01  -3.5856242e-01  -2.0422931e-03   2.0452411e-03   1.3053199e-03
   1.4120057e-02  -8.7498501e-02  -3.1182340e-01  -2.7278674e-03   2.1063901e-03   1.2347104e-03
   8.0993818e-03  -8.5237545e-02  -2.9658387e-01  -3.0382859e-03   2.1254372e-03   1.3618907e-03
  -4.9391505e-03  -9.8737474e-02  -2.7015763e-01  -2.9620198e-03   2.1561589e-03   1.4413334e-03
   9.2894795e-03  -1.7580344e-01  -2.2197576e-01  -2.7517626e-03   1.9164510e-03   1.4016448e-03
   1.5832083e-02  -1.6627115e-01  -2.2217221e-01  -2.3869446e-03   1.9180046e-03   1.4372080e-03
   1.6502927e-02  -1.5677043e-01  -2.3537257e-01  -2.2545182e-03   2.1946391e-03   1.5971650e-03
   1.8285872e-02  -2.6829942e-01  -2.2776898e-01  -1.8834394e-03   2.7149344e-03   1.9264794e-03
   4.9166269e-03  -2.2442321e-01  -3.0867730e-01  -1.9530806e-03   2.6811548e-03   1.8546587e-03
  -2.7348957e-03  -1.9954945e-01  -2.9935329e-01  -2.3597587e-03   2.9580412e-03   1.8542962e-03
  -4.2180400e-03  -1.7783981e-01  -3.2588881e-01  -2.2987537e-03   2.8341129e-03   1.9587087e-03
  -4.2793061e-03  -1.8775326e-01  -3.2874492e-01  -2.3035708e-03   2.9910935e-03   2.0013248e-03
   3.2931024e-03  -1.8253729e-01  -2.9350285e-01  -2.2207115e-03   3.2669973e-03   2.2356973e-03
   2.6989850e-02  -2.4528955e-01  -3.1163987e-01  -1.3626347e-03   3.3515979e-03   2.5882428e-03
   5.0731244e-02  -2.2966252e-01  -1.6201924e-01  -4.9671038e-04   4.1873895e-03   3.1529235e-03
   5.8882444e-02  -2.0739626e-01  -2.1789689e-01  -8.2397333e-04   4.3485829e-03   3.1947143e-03
   4.2543535e-02  -2.3967525e-01  -1.5053923e-01  -1.0058732e-03   4.0250415e-03   2.7284945e-03
   2.4292915e-02  -2.2573942e-01  -1.0615613e-01  -1.4093596e-03   4.1784081e-03   2.6989098e-03
   2.6352329e-02  -2.5224820e-01  -1.2907809e-01  -1.1463455e-03   3.8414774e-03   2.5734436e-03
   1.0554401e-02  -2.4193026e-01  -6.3219565e-02  -1.4279936e-03   4.0475925e-03   2.4279194e-03
   1.2632589e-02  -2.2576816e-01  -9.5095671e-02  -1.2452758e-03   3.8113702e-03   2.4551248e-03
   5.1445533e-03  -2.7274140e-01  -6.7305139e-02  -1.4096357e-03   3.9627534e-03   2.4679473e-03
  -6.2854653e-04  -2.0943408e-01  -9.0399525e-02  -1.5808832e-03   3.8848476e-03   2.3679705e-03
  -3.9598508e-03  -3.6259692e-01  -3.4432286e-02  -1.0985106e-03   4.0260990e-03   2.1571896e-03
   7.3387784e-03  -3.0247194e-01  -9.1949196e-02  -8.9442940e-04   3.6841161e-03   2.1005815e-03
  -8.5061815e-03  -2.2250385e-01  -4.5270075e-02  -1.9862618e-03   4.1441590e-03   2.2967337e-03
  -6.0775290e-03  -3.0735692e-01  -3.7550841e-02  -1.8159083e-03   4.0797677e-03   2.1325058e-03
  -1.0051234e-02  -2.8416452e-01   4.0324965e-03  -2.2365654e-03   4.1815793e-03   2.1761808e-03
  -1.1820554e-02  -5.4840634e-01  -4.3566855e-02  -2.7310438e-04   4.2580906e-03   2.0881680e-03
   1.6475216e-03  -3.1496632e-01  -5.0958600e-02  -2.2299890e-03   3.9558461e-03   2.2904278e-03
  -6.8301578e-03  -3.5561222e-01  -5.7502372e-02  -2.7916797e-03   4.3153092e-03   2.0866140e-03
  -1.0082200e-02  -3.4978673e-01  -1.0887635e-01  -2.9766667e-03   4.3108418e-03   2.1609194e-03
  -2.1727404e-02  -3.1007718e-01  -1.3036548e-01  -3.3278844e-03   4.4625113e-03   2.2472788e-03
  -3.3323923e-02  -3.5464059e-01  -1.2731829e-01  -3.0856191e-03   4.6449844e-03   2.1299615e-03
  -1.8412924e-02  -3.4284654e-01  -1.4162848e-01  -3.2067288e-03   4.3244410e-03   1.9587291e-03
  -1.5886661e-02  -3.3868475e-01  -1.1789014e-01  -3.3421281e-03   4.3151284e-03   2.0606080e-03
  -8.5782326e-03  -3.2779398e-01  -9.7188081e-02  -3.4702041e-03   4.1635430e-03   1.9981730e-03
  -1.1365533e-02  -4.8723551e-01  -6.5707750e-02  -2.4526853e-03   4.5119444e-03   2.0359345e-03
  -1.5476754e-02  -3.5317427e-01  -1.2609185e-01  -3.8460845e-03   4.3404036e-03   2.1557681e-03
  -2.8091484e-02  -3.1362555e-01  -9.9250826e-02  -4.3409789e-03   4.5249704e-03   2.1126149e-03
  -2.0775741e-02  -2.8049978e-01  -1.2581898e-01  -4.5074786e-03   4.5233042e-03   2.2625579e-03
  -2.0678928e-02  -2.9565634e-01  -1.5103397e-01  -4.6974386e-03   4.6293748e-03   2.3506613e-03
  -3.2161875e-02  -2.7411140e-01  -1.1363471e-01  -4.9248267e-03   4.8589484e-03   2.3142187e-03
  -2.7689317e-02  -2.9810000e-01  -1.2397342e-01  -4.7934421e-03   4.6758676e-03   2.2340547e-03
  -2.8532368e-02  -3.7149033e-01  -8.5465297e-02  -4.6827667e-03   4.8462043e-03   2.2092517e-03
  -5.2181791e-03  -3.6998400e-01  -3.2694140e-01  -5.8786627e-04   5.0391094e-03   1.7584610e-03
   2.5609368e-02  -4.0887842e-01  -5.4059477e-01   1.1110221e-03   5.9019635e-03   1.8190518e-03
   3.6019005e-03  -3.3781890e-01  -2.0110788e-01  -1.2195046e-03   5.7400964e-03   1.7191615e-03
  -1.9204237e-03  -3.4148611e-01  -8.5988958e-02  -1.6094959e-03   5.7228889e-03   1.5291677e-03
   6.1308614e-04  -3.3727616e-01  -9.5026673e-02  -2.0765841e-03   5.1250628e-03   1.1761011e-03
  -7.7354237e-03  -3.4822956e-01  -3.5036207e-02  -2.5243734e-03   5.2858169e-03   1.2825067e-03
  -1.0153536e-02  -3.4950259e-01  -9.0973528e-02  -2.4435496e-03   5.1031891e-03   1.3481392e-03
