   0.0000000e+00   0.0000000e+00   0.0000000e+00   0.0000000e+00  -8.6736174e-19   8.6736174e-19
  -9.5459912e-03  -1.9014914e-02  -4.0774215e-02  -2.0427337e-04   3.2892663e-04  -5.1081618e-05
  -1.2620263e-02  -2.5675538e-02   1.0204579e-02  -7.9038232e-04   5.8310187e-04  -1.3345685e-04
  -1.5163355e-03   3.0930783e-02  -1.0230494e-01  -1.3725052e-03   9.6797995e-04  -1.1934748e-04
  -1.4766096e-02   2.2297215e-02  -1.5174438e-01  -1.6689923e-03   1.2049104e-03  -1.1188352e-04
  -8.6322725e-03   5.2241416e-02  -1.3927902e-01  -1.4184105e-03   8.8275001e-04  -3.1487259e-05
  -1.7116669e-02   2.0608477e-02  -5.3979515e-02  -1.5144191e-03   1.1806617e-03  -1.8029629e-04
  -5.7523504e-03   2.5483360e-02  -5.9653379e-02  -1.6253533e-03   1.0628565e-03  -8.2218321e-05
  -1.4034861e-03   4.7708410e-02  -6.0353826e-02  -1.8925667e-03   1.0067099e-03   7.2092548e-05
  -1.1063558e-02   1.5990968e-02  -6.2184613e-02  -1.9471346e-03   1.1964708e-03  -3.3793593e-05
  -1.7289865e-02   2.4594674e-02  -5.0726832e-02  -1.8578807e-03   1.1493526e-03  -1.1779548e-04
  -2.0603771e-02   5.7656930e-02  -1.2006471e-01  -1.6647026e-03   1.1691384e-03  -4.6511918e-05
  -2.6075911e-02   3.9750354e-02  -7.6347988e-02  -1.7169262e-03   1.2279915e-03  -1.3660596e-04
  -2.2159758e-02   4.7958069e-02  -7.3892887e-02  -2.0038526e-03   1.0954620e-03  -2.5326160e-04
  -1.8254742e-02   5.3733258e-02  -1.0584922e-01  -1.8289130e-03   1.1450633e-03  -1.4921353e-04
  -8.0996151e-03   3.3564461e-02  -1.1020899e-01  -1.6726796e-03   9.5849409e-04  -1.4845073e-04
  -1.0644881e-02   2.5010826e-02  -8.6341653e-02  -1.9565078e-03   9.8216633e-04  -3.5651623e-05
  -1.7218807e-02   3.9180034e-02  -1.0160742e-01  -2.0924402e-03   1.0547676e-03  -5.2049356e-05
  -8.8952110e-03   4.3407749e-02  -8.1508171e-02  -2.3182162e-03   1.1465984e-03  -1.6604623e-05
  -7.0068095e-03   6.0266985e-02  -1.0607314e-01  -2.0585691e-03   1.1060114e-03  -4.2636294e-05
  -2.2589331e-03   3.8317013e-02  -8.9786848e-02  -2.1513392e-03   1.1290885e-03   1.2654681e-04
  -6.9832926e-03   4.8642910e-02  -7.1402230e-02  -2.1885420e-03   1.1603617e-03   2.2569743e-05
  -1.1336795e-02   3.7344470e-02  -7.4327042e-02  -2.3101567e-03   1.2591329e-03  -1.0481869e-05
  -4.9007579e-03   4.2516298e-02  -9.7201824e-02  -2.6355633e-03   1.2081303e-03  -5.0298003e-05
  -1.2170700e-02   5.2761969e-02  -8.6395873e-02  -2.4285731e-03   1.3313892e-03  -5.0389550e-06
  -5.3814348e-03   4.1511100e-02  -1.5590116e-01  -1.0881433e-03   1.1072190e-03  -2.9689751e-05
  -1.8744240e-02   3.1773434e-02  -7.2987624e-02  -3.3559604e-03   1.2435867e-03  -1.5137392e-04
  -1.6781484e-02   7.6680739e-02  -9.3045043e-02  -3.3909624e-03   1.2876012e-03  -2.6999690e-05
  -3.3955546e-03   3.4308084e-02  -7.0980866e-02  -3.1569393e-03   1.2358133e-03   4.5613331e-05
  -1.1874258e-03   3.0036585e-02  -3.4419469e-02  -4.1755457e-03   1.1468652e-03  -2.0221342e-04
   3.4830633e-04   2.7386652e-02  -7.8251647e-02  -3.5751859e-03   1.2452675e-03  -1.2651469e-04
  -5.0585264e-03   3.8840346e-02  -9.6812939e-02  -3.1484111e-03   1.3758617e-03  -3.5798527e-05
   2.2164168e-03   5.7694120e-02  -7.5914729e-02  -3.1119056e-03   1.1595814e-03   2.3657904e-05
   3.6055606e-03   1.2781900e-02  -6.7787029e-02  -2.4708949e-03   1.0455320e-03   5.6173648e-05
   1.7247378e-02   1.9023996e-02  -5.5940874e-02  -2.3853675e-03   6.6760128e-04   2.2564141e-04
   1.1144725e-02   6.7728161e-02  -5.9233510e-02  -3.2258964e-03   9.4445199e-04   1.4533689e-04
   6.5737033e-03   2.4650553e-02  -6.9498871e-02  -2.6450003e-03   1.2747329e-03   7.9341286e-05
   3.9748244e-03   3.1909101e-02  -1.4331746e-02  -2.8991845e-03   1.3745932e-03   2.5589884e-05
   9.7106602e-03   2.3357016e-02  -5.1485994e-02  -3.1405451e-03   1.2559962e-03   8.2968635e-05
   7.3188986e-04   3.7526621e-02  -8.9849994e-02  -3.3043250e-03   1.4388435e-03   2.0451628e-04
   1.0647137e-02   1.9216620e-02  -8.3199788e-02  -3.1008460e-03   1.2496906e-03   2.4422637e-04
   6.4847367e-03   5.1029811e-02  -6.0146540e-02  -3.7331587e-03   1.3159271e-03   8.5548619e-05
  -6.0521086e-03   3.2378674e-02  -7.7041433e-02  -3.1503390e-03   1.6048825e-03   9.9312734e-05
   2.3444405e-03   3.3343785e-02  -8.8225338e-02  -3.0694165e-03   1.5017201e-03   2.1763658e-04
  -6.9689436e-03   2.3949299e-02  -6.4402660e-02  -3.4196244e-03   1.8489868e-03   7.0086131e-05
  -3.9030288e-02  -1.5630622e-01   1.1695922e-01  -3.5549725e-04   1.9823085e-03  -5.4965060e-04
  -2.0099745e-04  -1.1090620e-01  -1.8081366e-01  -1.1382292e-03   1.2135520e-03   2.3153757e-04
  -7.7234428e-03  -8.6681316e-03  -2.5313973e-01  -1.6068305e-03   1.3549055e-03   2.2196260e-04
   2.3632338e-03  -1.0002190e-02  -1.9412327e-01  -1.7981899e-03   1.0383647e-03   1.9489822e-04
   8.6227696e-03  -3.9854945e-03  -1.7837580e-01  -1.5749133e-03   8.6376836e-04   1.8170851e-04
   6.1290834e-03   1.8593675e-02  -9.9181090e-02  -2.9175821e-03   1.0614334e-03   3.2772293e-04
   1.4460488e-02   7.6625678e-03  -9.5205293e-02  -2.9583592e-03   8.9258810e-04   2.9133497e-04
   2.9872277e-02   3.2363116e-02  -9.2357014e-02  -3.2345115e-03   7.7796727e-04   4.6770354e-04
   1.8481109e-02   1.1960296e-02  -1.0355072e-01  -3.4444867e-03   1.0928791e-03   3.5362367e-04
   7.4658054e-03   6.0809215e-03  -4.7046621e-02  -3.9205496e-03   1.2944161e-03   2.0362223e-04
   1.6636284e-02   4.1163037e-02  -1.4313037e-01  -3.4080653e-03   1.2144127e-03   3.6153178e-04
  -1.6339154e-03   3.0996370e-02  -1.6394935e-01  -3.3300010e-03   1.5899524e-03   2.6797506e-04
  -7.2613258e-03   3.5780221e-02  -2.0307395e-01  -3.2933135e-03   1.5267701e-03   2.7191325e-04
  -4.9894447e-03   1.0694331e-02  -1.6527283e-01  -3.2943753e-03   1.6051968e-03   1.1784098e-04
  -3.7453615e-04   4.6776501e-02  -1.8343559e-01  -3.6535870e-03   1.6357178e-03   1.5515737e-04
  -4.6444490e-03   5.4072521e-02  -1.8212802e-01  -3.7217358e-03   1.8759677e-03   1.8723511e-04
  -3.9574486e-04   3.1486436e-02  -1.9643415e-01  -3.2503920e-03   1.7446061e-03   2.0628308e-04
  -4.5766747e-03   1.1580628e-02  -1.8878655e-01  -3.1216357e-03   1.5633256e-03   2.6794095e-04
  -7.7845722e-03   1.2278031e-02  -1.5172181e-01  -3.2090551e-03   1.6142853e-03   2.2706113e-04
  -1.1102813e-02   1.4563566e-02  -1.7637115e-01  -3.2593273e-03   1.6859387e-03   1.6763868e-04
  -4.8663126e-02   3.2414780e-02  -1.8441884e-01  -3.0791558e-03   1.1512628e-03  -9.6185906e-04
  -3.0957859e-02   2.1563713e-02  -1.7323986e-01  -2.9757471e-03   1.1554220e-03  -2.6942048e-04
  -4.0609577e-02   1.8118723e-02  -1.0695261e-01  -3.7382640e-03   1.4302156e-03  -2.3943508e-04
  -3.9714383e-02   2.2539274e-02  -1.4423282e-01  -3.7613488e-03   1.4914919e-03  -1.9612826e-04
  -4.0915667e-02  -1.2746802e-02  -1.4037797e-01  -3.2419083e-03   1.5103160e-03  -9.0700173e-05
  -4.8391294e-02  -2.1379850e-02  -1.3468396e-01  -3.5138994e-03   1.7661640e-03  -1.8826253e-04
  -6.6054006e-02  -2.0957042e-02  -1.6614815e-01  -3.3294269e-03   1.5583704e-03  -3.5351707e-04
  -4.2565407e-02   1.7622054e-02  -2.0443486e-01  -3.5914765e-03   1.5838769e-03  -7.6569470e-05
  -5.3773201e-02   2.0201162e-03  -1.9330385e-01  -3.6515781e-03   1.9640508e-03  -1.9604204e-04
  -2.9534516e-02  -1.6813891e-02  -1.9468245e-01  -3.5204397e-03   1.6539792e-03  -1.2840570e-04
  -1.9665765e-02  -3.5535381e-02  -1.7301207e-01  -2.8538274e-03   1.4809804e-03  -7.5354428e-05
  -2.3666905e-02  -4.1231205e-02  -1.5328027e-01  -3.1775876e-03   1.5436454e-03   2.6023847e-05
  -2.0147329e-02  -4.0577852e-02  -1.5978201e-01  -3.2647124e-03   1.3476020e-03  -8.5634018e-05
  -1.6986761e-02  -2.3295577e-02  -1.6568434e-01  -3.4177145e-03   1.3759696e-03  -1.0203004e-04
  -2.2264641e-02  -1.8338041e-02  -1.7091364e-01  -3.2553765e-03   1.4596557e-03  -3.7429344e-06
  -1.6495065e-02  -8.6483707e-03  -1.6924243e-01  -3.2425860e-03   1.4861569e-03   1.2964180e-04
  -2.5252308e-02   7.2546780e-04  -1.5200938e-01  -3.4178592e-03   1.6601168e-03   3.0135850e-05
  -3.6226031e-02  -6.9629990e-03  -1.3851778e-01  -3.5280802e-03   1.6693616e-03  -1.1227873e-04
  -3.5040578e-02  -1.1092304e-02  -1.7541700e-01  -3.5954595e-03   1.7170377e-03  -1.2852321e-04
  -3.5819428e-02  -3.2484258e-02  -1.9445050e-01  -2.9675980e-03   1.8877809e-03  -8.4720655e-05
  -2.7790268e-02  -2.5120095e-02  -2.0275495e-01  -2.7151960e-03   1.7094602e-03   2.5335604e-05
  -1.9381765e-02  -2.3202169e-02  -1.7187590e-01  -2.9630560e-03   1.6098612e-03  -6.6712963e-06
  -2.3785408e-02  -4.8146211e-02  -1.7197686e-01  -3.2082888e-03   1.6886328e-03   8.5333547e-05
  -2.4232216e-02  -6.3203935e-02  -1.6499753e-01  -3.1262093e-03   1.6777840e-03  -3.3855473e-05
  -1.3565583e-02  -5.1431365e-02  -1.7533687e-01  -3.2510817e-03   1.4010820e-03   4.5438652e-05
  -9.4270238e-03  -3.0827213e-02  -2.0584558e-01  -3.0334336e-03   1.3812725e-03   8.6365442e-05
  -7.6986705e-03  -6.6328814e-02  -1.7599006e-01  -3.2445194e-03   1.4871205e-03   1.3061708e-04
  -4.4546293e-03  -3.0197261e-02  -2.1801225e-01  -3.2939511e-03   1.4508275e-03   1.5170430e-04
  -1.0182960e-02  -4.4510625e-02  -1.9329563e-01  -3.1690198e-03   1.4574032e-03   1.8758612e-04
  -4.5155059e-03  -7.1935145e-02  -1.8222212e-01  -2.9903890e-03   1.5404805e-03   2.6871416e-04
  -1.6331129e-03  -7.5291126e-02  -1.7488884e-01  -2.9122514e-03   1.2093154e-03   3.3300784e-04
  -1.6426115e-02  -7.0229644e-02  -1.2916302e-01  -2.9593303e-03   1.5717482e-03   2.5921078e-04
  -2.4951656e-02  -4.1099026e-02  -1.6861961e-01  -3.2494360e-03   1.7785296e-03   2.3109453e-04
  -1.5842676e-02  -6.3799941e-02  -2.1057694e-01  -1.8585621e-03   1.2637170e-03   1.1110699e-04
  -1.7144046e-02  -9.1683323e-02  -2.2312083e-01  -2.4845654e-03   1.1471928e-03   1.2094404e-04
  -1.0639061e-02  -8.2809469e-02  -1.8098183e-01  -3.6339845e-03   1.2937371e-03   1.8042823e-04
  -4.5160144e-02  -1.2708743e-01   1.6308255e-02  -4.2078779e-03   1.8104652e-03  -3.8174331e-04
  -1.4213608e-02  -3.2399999e-01   3.5134688e-02   5.8465627e-04   1.0469463e-03  -2.8544270e-04
   6.4958743e-03  -1.7503381e-01  -4.5293637e-01  -1.5869492e-03   1.2815374e-03   2.5767636e-04
  -1.0613364e-02  -9.3377747e-02  -3.7730220e-01  -1.7172583e-03   1.9605942e-03   2.2505791e-04
   5.2737268e-03  -1.5744354e-01  -2.9822489e-01  -6.5937386e-04   1.5294344e-03   1.7497134e-04
   1.7437789e-02  -1.1741941e-01  -2.9095188e-01  -1.3068659e-03   1.2931653e-03   3.1710937e-04
   2.1881411e-02  -1.0621926e-01  -2.6365464e-01  -1.8368900e-03   1.4235091e-03   3.8579323e-04
   2.3265404e-02  -9.1976219e-02  -2.6630142e-01  -2.1800138e-03   1.4405039e-03   3.8961735e-04
   2.0058299e-02  -8.9652145e-02  -2.7753722e-01  -2.3458845e-03   1.5766732e-03   4.5306898e-04
   3.2555306e-02  -8.9041134e-02  -3.1496551e-01  -1.9467279e-03   1.5106388e-03   5.5824739e-04
   2.1998858e-02  -1.0348605e-01  -3.1346250e-01  -1.9145300e-03   1.8653491e-03   5.4266766e-04
   1.5827666e-02  -1.0920118e-01  -2.9553006e-01  -2.0084986e-03   2.0336780e-03   4.5448614e-04
   2.3457946e-02  -8.6456353e-02  -3.5059240e-01  -2.2813000e-03   1.7925527e-03   3.6720650e-04
   1.6497651e-02  -6.9137137e-02  -4.0875181e-01  -2.3425232e-03   1.8545625e-03   5.2944930e-04
   1.0040317e-02  -9.3834127e-02  -3.9358304e-01  -1.9415241e-03   1.7782354e-03   3.9971798e-04
   1.2962590e-02  -8.4185491e-02  -3.6246785e-01  -2.0565779e-03   1.7747268e-03   3.3859659e-04
   1.2212777e-02  -8.9286074e-02  -3.7968152e-01  -2.0625294e-03   1.8739821e-03   3.3683339e-04
   1.1699077e-02  -9.5780450e-02  -3.8842734e-01  -1.7049649e-03   1.9578899e-03   3.9114288e-04
   1.0005018e-02  -1.0457781e-01  -3.6659882e-01  -1.7193270e-03   1.9188247e-03   4.9564175e-04
