   0.0000000e+00   0.0000000e+00   0.0000000e+00   0.0000000e+00   0.0000000e+00   0.0000000e+00
   6.6364874e-03   8.1720728e-03   1.8561452e-02  -2.8237353e-04   1.3002363e-04   3.8672377e-05
   1.0824199e-02   5.2954448e-03   4.0071994e-02   2.1172525e-04   3.3097876e-04   1.1236952e-04
   1.9869498e-02   6.2063093e-03   4.4725107e-02   2.0703758e-04   1.5946616e-04   3.3077323e-04
   3.1997439e-02   7.8487253e-03   5.1343887e-02  -1.4211744e-04   1.2349973e-04   5.4004831e-04
   3.6635569e-02   9.3316878e-03  -1.5800391e-03  -2.2275911e-05  -2.5949099e-04   4.5248063e-04
   2.6399884e-02   1.7882314e-02  -1.1720801e-02  -2.1064429e-04  -2.7527470e-04   3.8594029e-04
   1.8131436e-02   2.2341673e-02   3.4321778e-02  -6.9571037e-05  -1.5404181e-04   1.3341564e-04
   2.3035030e-02   5.4541358e-04   2.1275675e-03   3.1254116e-04   2.0895587e-04   3.9183814e-04
   3.9390471e-02  -3.2957645e-04  -3.9857674e-04  -2.5418407e-04   1.3931932e-04   6.2584159e-04
   3.9489799e-02  -1.9756139e-02  -1.9204194e-02   1.2872930e-04  -4.4282056e-05   1.4872173e-04
   3.7831257e-02  -6.6262298e-03   4.2844242e-02   4.1345081e-05  -1.2215143e-05   4.0794895e-04
   3.9648525e-02   1.7505460e-03  -1.4447185e-03  -5.5279657e-05   9.5352569e-05   4.4516531e-04
   4.2183002e-02  -1.0384996e-02  -2.7694547e-02   5.1807440e-04  -9.3361995e-05   8.1014140e-05
   3.7236241e-02  -2.3603197e-02   1.9191289e-02   7.8119055e-04   3.5868067e-05   2.7684991e-04
   3.3931152e-02  -2.9284473e-02   4.1551363e-02   8.3578887e-04  -2.9798396e-05   5.1923911e-04
   4.6509665e-02  -3.7048312e-02   4.5427612e-03   9.9283947e-04  -4.0513558e-04   1.5143597e-04
   4.3143667e-02  -3.4601142e-02  -2.6122692e-02   1.2338157e-03  -4.0930705e-04   1.7299212e-04
   4.3301388e-02  -1.9100250e-02  -1.0204961e-04   1.2004109e-03  -2.2765436e-04   1.4867721e-04
   5.6183397e-02  -2.2144711e-02  -4.1753301e-02   1.4350902e-03  -6.9055673e-04   1.5257733e-04
   4.8745373e-02  -3.7034574e-02  -5.2196187e-02   2.0415174e-03  -3.6402438e-04   3.1035854e-04
   5.9505280e-02  -2.6449899e-02   2.2480554e-02   1.3371444e-03  -4.1760499e-04   4.8874293e-04
   5.7645379e-02  -3.3969759e-02  -4.4495877e-02   1.3286704e-03  -6.4814248e-04   4.3211603e-04
   4.7907608e-02  -2.7049747e-02  -2.2406232e-02   1.3537960e-03  -5.9836674e-04   2.5504256e-04
   4.9119030e-02  -1.6513895e-02   4.0085327e-03   1.3721015e-03  -5.3201134e-04   3.6837607e-04
   5.8432752e-02  -4.1983278e-02  -1.0915797e-02   1.4316978e-03  -7.7778972e-04   4.4275245e-04
   6.7134093e-02  -1.1832219e-03  -5.7267635e-02   6.3385021e-04  -1.2966792e-03   8.3494138e-04
   7.1977302e-02   4.5973933e-03  -6.5749294e-02   1.1720071e-03  -1.4233807e-03   8.1215342e-04
   7.7528627e-02  -9.5895584e-03  -8.6467982e-02   1.6551236e-03  -1.4068358e-03   7.5432799e-04
   8.0387525e-02   2.3090838e-03  -3.5265046e-02   1.5161850e-03  -1.2215764e-03   8.3766725e-04
   9.4992719e-02  -1.7976707e-02  -1.8903389e-02   1.6045425e-03  -1.2757105e-03   8.1911661e-04
   9.8184798e-02  -2.8631848e-02  -6.9779868e-02   1.8991658e-03  -1.1533536e-03   9.2157278e-04
   8.9677545e-02  -3.8578790e-02  -3.1479942e-02   2.1622262e-03  -1.2891248e-03   8.5283807e-04
   8.2372229e-02  -2.1054208e-02   3.3577825e-03   1.4052348e-03  -1.1944443e-03   8.8183976e-04
   8.2582900e-02  -2.0350216e-02  -1.4248078e-02   1.3718447e-03  -1.3459078e-03   7.1811088e-04
   7.9127090e-02  -7.2223133e-03  -2.7171525e-02   1.4153631e-03  -1.2707913e-03   9.8267148e-04
   9.0186881e-02  -6.9185488e-03  -9.7827329e-03   1.6422511e-03  -1.3841924e-03   9.3783061e-04
   1.0066567e-01  -7.1000719e-03   1.0882171e-02   1.9555321e-03  -1.3853676e-03   1.3403364e-03
   1.0127084e-01   1.3696592e-02  -2.6149435e-02   1.3583213e-03  -1.3604133e-03   1.3697233e-03
   1.0913233e-01   4.7029615e-03  -8.1157503e-02   1.5749884e-03  -1.3864716e-03   1.2797519e-03
   1.1508964e-01  -1.0524509e-02   5.6305854e-03   1.3748783e-03  -1.3528490e-03   1.3783144e-03
   1.1362350e-01  -2.2593388e-02  -3.2742671e-03   1.6409916e-03  -1.3732918e-03   1.6278101e-03
   1.0855657e-01  -2.8219655e-02  -8.7861773e-03   1.7163040e-03  -1.4555961e-03   1.5919384e-03
   1.0721384e-01  -2.3106915e-02   4.0292079e-02   1.2024653e-03  -1.6111032e-03   1.5833019e-03
   1.1587213e-01  -2.7633286e-02   3.9820765e-03   1.6044173e-03  -1.4675150e-03   1.9460988e-03
   1.2026677e-01  -2.5147280e-02  -9.4505764e-03   1.8542389e-03  -1.7341140e-03   1.7052894e-03
   1.2187679e-01  -3.1051444e-02   7.6795955e-03   1.5866485e-03  -1.7500696e-03   1.4949344e-03
   1.3256173e-01  -4.6340236e-02   9.9643946e-03   1.8839245e-03  -1.4533981e-03   1.6216355e-03
   1.3188401e-01  -3.0465316e-02   1.2725967e-02   1.7966418e-03  -1.6977925e-03   1.5241189e-03
   1.2814075e-01  -3.8651101e-02  -2.6183420e-02   1.8434820e-03  -1.6161354e-03   1.3216517e-03
   1.4032058e-01  -4.8123164e-02  -4.2693440e-02   1.8259666e-03  -1.9047266e-03   1.7192050e-03
   1.3809882e-01  -3.9011805e-02   2.6671711e-02   1.7940467e-03  -1.8456206e-03   1.8803389e-03
   1.4871541e-01  -4.0351800e-02  -6.0451030e-03   1.4128177e-03  -2.0419309e-03   1.8969084e-03
   1.4104058e-01  -5.3021471e-02  -5.0614348e-02   2.2357524e-03  -1.6463167e-03   1.8365837e-03
   1.5154527e-01  -5.7104516e-02  -8.9757507e-02   1.7544229e-03  -1.9349439e-03   1.8888975e-03
   1.6419169e-01  -5.7628164e-02  -2.4758933e-02   2.0843700e-03  -2.0524839e-03   1.8588490e-03
   1.4270516e-01  -6.3853468e-02  -7.6253519e-03   1.9722485e-03  -1.9378855e-03   1.5932640e-03
   1.2701020e-01  -6.0620807e-02  -2.5061328e-02   2.5975826e-03  -2.3812348e-03   1.3987759e-03
   1.2386214e-01  -3.6055341e-02  -3.6296418e-02   2.4352013e-03  -2.0356763e-03   1.4400253e-03
   1.1129033e-01  -3.0456451e-02  -6.9205696e-02   2.1326900e-03  -1.7621527e-03   1.0360650e-03
   1.1460306e-01  -3.1772491e-02  -3.2525969e-02   2.0429405e-03  -1.9358053e-03   1.3281974e-03
   1.2473382e-01  -3.0096263e-02  -5.5621342e-02   1.7011056e-03  -1.9549536e-03   1.5921340e-03
   1.3706573e-01  -5.8219513e-02  -2.6325267e-02   1.3909802e-03  -2.2303821e-03   1.7516576e-03
   1.1746915e-01  -6.4796923e-02   1.0931286e-02   2.1524837e-03  -1.8893552e-03   1.3669829e-03
   1.2011117e-01  -5.3306276e-02  -3.1003981e-02   1.5154249e-03  -1.9922749e-03   1.6801294e-03
   1.2501349e-01  -5.0245173e-02  -6.0250531e-02   1.6979460e-03  -1.9257104e-03   1.5898207e-03
   1.3672311e-01  -7.1454790e-02  -8.1026932e-02   1.7770676e-03  -2.0580680e-03   1.5337767e-03
   1.3092053e-01  -6.4305667e-02  -5.9654009e-02   1.7927631e-03  -2.1585471e-03   1.3733721e-03
   1.4074735e-01  -6.9776236e-02  -4.0597668e-02   2.2744570e-03  -2.0868289e-03   1.9893325e-03
   1.3444300e-01  -5.5593925e-02  -9.4131395e-02   2.0062524e-03  -2.0375137e-03   1.9363486e-03
   1.1429711e-01  -5.1355119e-02  -1.0490707e-01   1.6750899e-03  -2.0579819e-03   1.4724019e-03
   1.2544347e-01  -6.6651767e-02  -1.1978604e-01   2.0353303e-03  -2.1398106e-03   1.7366967e-03
   1.3553300e-01  -7.0522871e-02  -5.2521190e-02   1.6109607e-03  -2.1454650e-03   1.9518179e-03
   1.3648696e-01  -5.7950764e-02  -8.9354724e-02   2.2419042e-03  -1.9337840e-03   2.0910836e-03
   1.3792829e-01  -5.8756663e-02  -1.1062695e-01   2.1815711e-03  -2.1141012e-03   1.9046474e-03
   1.4293439e-01  -5.4185880e-02  -1.3807742e-01   2.2073047e-03  -2.3169337e-03   2.1367267e-03
   1.4691846e-01  -6.7641167e-02  -1.1667918e-01   2.2412999e-03  -2.3863094e-03   2.2693566e-03
   1.3996139e-01  -4.5602837e-02  -1.5677417e-01   1.9018756e-03  -2.4156173e-03   1.8738949e-03
   1.3423865e-01  -4.0651258e-02  -1.4076095e-01   1.6428736e-03  -2.2342500e-03   2.1193105e-03
   1.3188509e-01  -5.2872754e-02  -1.2077481e-01   1.9069128e-03  -2.1881635e-03   2.2414515e-03
   1.4607392e-01  -8.0911251e-02  -1.4056283e-01   2.4810992e-03  -2.3410898e-03   2.2226093e-03
   1.5426786e-01  -7.0416274e-02  -1.5221307e-01   2.2259991e-03  -2.5133854e-03   2.3792517e-03
   1.5519107e-01  -7.0614063e-02  -1.0199220e-01   2.9268954e-03  -2.5639579e-03   1.9381086e-03
   1.5118056e-01  -8.2092299e-02  -9.8799652e-02   2.9732131e-03  -2.3135579e-03   2.4942573e-03
   1.5629326e-01  -1.0269978e-01  -1.0603304e-01   2.7988445e-03  -2.3856967e-03   2.4966906e-03
   1.7292222e-01  -1.2027865e-01  -8.3735866e-02   2.9538330e-03  -2.6606286e-03   2.5852514e-03
   1.6719139e-01  -9.6866904e-02  -1.1240995e-01   2.8900940e-03  -2.1979549e-03   2.6722347e-03
   1.9223912e-01  -9.0018165e-02  -1.3311131e-01   2.9189106e-03  -2.3517651e-03   2.9597319e-03
   1.8443835e-01  -9.6244548e-02  -1.1504052e-01   2.8767023e-03  -2.8169137e-03   2.7875899e-03
   1.8152188e-01  -1.0530957e-01  -9.5476509e-02   3.2072843e-03  -2.7816762e-03   2.7317530e-03
   1.7378467e-01  -7.0869432e-02  -1.0630932e-01   2.4228783e-03  -2.8901922e-03   2.5528592e-03
   1.7490589e-01  -8.1701969e-02  -2.0840117e-01   3.1710441e-03  -3.6005812e-03   2.5927981e-03
   1.7588738e-01  -7.6423520e-02  -1.6573966e-01   2.8020770e-03  -3.9245302e-03   2.6352292e-03
   1.9257314e-01  -1.0719121e-01  -1.3176345e-01   3.5146744e-03  -3.5000694e-03   3.0392852e-03
   1.9348779e-01  -1.0332145e-01  -1.4042124e-01   2.6724629e-03  -3.4686586e-03   2.8539014e-03
   2.0887867e-01  -1.1126358e-01  -1.3908403e-01   2.2700145e-03  -3.8397802e-03   3.0721102e-03
   1.8335871e-01  -1.1032660e-01  -1.2930607e-01   2.3944316e-03  -3.4668624e-03   2.4519921e-03
   1.8399663e-01  -1.0392376e-01  -1.0360309e-01   2.1250214e-03  -4.2797675e-03   2.4916199e-03
   1.9035268e-01  -8.8975335e-02  -9.4809838e-02   9.5741207e-04  -4.5987691e-03   2.4799332e-03
   2.0187652e-01  -5.5111925e-02  -6.7168366e-02   8.8396017e-04  -5.0592883e-03   2.6949072e-03
   1.9355591e-01  -5.7548779e-02  -1.2734925e-01   8.8929407e-04  -5.0850187e-03   2.2385120e-03
   1.9607332e-01  -6.1689047e-02  -5.1825585e-02   1.1395963e-03  -4.5604232e-03   2.5761568e-03
   1.9626128e-01  -5.3844884e-02  -9.9945387e-02   1.3204807e-03  -4.4347653e-03   3.0366736e-03
   1.9420312e-01  -6.1411720e-02  -1.2435819e-01   8.5052782e-04  -4.4230824e-03   3.0806725e-03
   2.0421798e-01  -8.0985000e-02  -8.8998305e-02   1.2932549e-03  -4.1925533e-03   3.2076191e-03
   2.1614340e-01  -6.6684537e-02  -9.5910674e-02   1.2417637e-03  -4.3055965e-03   3.1794341e-03
   2.0609278e-01  -6.9872178e-02  -1.1362778e-01   1.0060178e-03  -4.0088699e-03   3.2105801e-03
   2.1260563e-01  -6.6840755e-02  -1.4849988e-01   1.1282264e-03  -4.1467091e-03   3.1923971e-03
   2.2961411e-01  -8.2691758e-02  -9.8633028e-02   1.1158615e-03  -4.3338718e-03   3.4630540e-03
   2.2055633e-01  -7.7518133e-02  -8.3762952e-02   1.2150296e-03  -4.4205042e-03   3.2772385e-03
   2.1176808e-01  -6.2252985e-02  -1.8312307e-01   1.1572328e-03  -4.4271828e-03   3.0381794e-03
   2.1493394e-01  -7.0152949e-02  -1.0726766e-01   1.4957935e-03  -4.4264176e-03   3.4075507e-03
   1.9302881e-01  -6.0267058e-02  -6.6464016e-02   1.0237116e-03  -4.3933741e-03   3.4150517e-03
   1.8182287e-01  -6.2852074e-02  -9.7180709e-02   9.3412008e-04  -4.4242362e-03   3.2970871e-03
   1.7763742e-01  -7.0098786e-02  -3.3648963e-02   1.1739113e-03  -4.6815117e-03   3.3034813e-03
   1.7214048e-01  -6.9723515e-02  -6.8473276e-02   9.3904270e-04  -4.3302947e-03   3.4050221e-03
   1.9586067e-01  -6.9646066e-02   8.1771366e-03   8.5766053e-04  -4.5966555e-03   3.4544541e-03
   2.1110749e-01  -6.0456230e-02  -4.4448638e-02   5.1325450e-04  -4.6086169e-03   3.5450639e-03
   2.1663704e-01  -7.9657880e-02  -4.4182878e-02   6.8206539e-04  -4.6129192e-03   3.6829682e-03
   2.1152091e-01  -8.2791585e-02  -4.2062246e-02   4.0268520e-04  -4.6918778e-03   3.7757975e-03
