   0.0000000e+00   0.0000000e+00   0.0000000e+00   0.0000000e+00   0.0000000e+00  -4.7019774e-38
  -2.6408545e-03  -5.3334173e-02   6.1276230e-02  -2.5245297e-04   2.2411143e-04   4.1161167e-05
   5.2359129e-03  -9.7119402e-02   3.7692253e-03   3.3161713e-04  -9.4967342e-05   1.0175385e-04
  -1.4359154e-02   7.7506613e-03   3.2145139e-03  -5.9240863e-04   1.0128316e-04   2.0825206e-04
  -1.1864414e-02  -1.7973482e-01   6.5028378e-02  -3.4978005e-04   4.6349057e-04   1.9964090e-04
   1.2387163e-02  -9.7691689e-02  -1.7215191e-02  -3.6046360e-04  -2.4406769e-04   3.0212150e-04
   3.1586719e-02  -5.0026590e-02   7.5494021e-02   3.3468287e-04   2.7276580e-04   9.9290993e-04
   3.7549139e-02  -2.7611025e-01   1.2761781e-01   2.3705527e-03   5.1970407e-05   1.0325072e-03
   5.4422722e-02  -6.8832846e-02   3.8062973e-02   1.3708331e-04  -1.0932867e-04   1.1077889e-03
   5.1450306e-02  -6.9344116e-03   3.7700034e-02  -7.3119888e-04   2.2812071e-04   1.2626966e-03
   5.2233506e-02  -1.6959395e-02   6.4690656e-02  -9.2218764e-04   2.7029031e-04   1.0634746e-03
   5.9290665e-02   9.7334568e-03  -3.3685192e-02  -1.7106365e-03   1.6798137e-04   1.1127159e-03
   6.6892659e-02  -2.2227012e-02  -1.0068231e+00   3.4627148e-03   9.2779185e-05   2.0470343e-03
   2.5332349e-02  -5.4303829e-02  -8.3255924e-01   4.0241224e-03   6.3356420e-04   1.9906032e-03
   3.8427576e-02  -8.9398564e-02  -9.1655233e-01   4.7463538e-03  -1.3376570e-04   1.7721361e-03
   3.6419296e-02  -2.1746651e-01  -1.0023321e+00   6.7669708e-03   1.1121031e-05   1.5238083e-03
   1.5753344e-02  -1.5747963e-01  -9.8028540e-01   6.3578767e-03   5.5506094e-04   1.5086387e-03
   1.9197675e-02  -2.3187618e-01  -1.0991397e+00   7.8144731e-03   7.1377560e-04   1.5609101e-03
   2.7215724e-02  -2.8094848e-01  -1.0515587e+00   8.2579195e-03   5.9433309e-04   1.8006636e-03
   2.4212306e-02  -1.7820417e-01  -4.4759363e-01   3.7406960e-03   8.6382712e-04   2.5497142e-03
   3.2043526e-02  -1.3457499e-01  -2.2904337e-01   1.6263851e-03   3.0489999e-04   1.9651630e-03
   3.0218193e-02  -1.7110671e-01  -2.9050708e-01   1.9427692e-03  -1.0083880e-04   1.5101939e-03
   2.1727279e-02  -6.0654640e-02  -2.5541729e-01   7.2306768e-04  -1.3074176e-04   1.6461799e-03
   1.5744164e-02  -2.4484887e-01  -2.2797742e-01   9.7882552e-04   1.1786439e-04   1.2901661e-03
   7.4501965e-02  -2.5106903e-01  -5.1030541e-01   5.3232285e-03  -4.9142312e-04   1.1058264e-03
   1.0781459e-01  -1.1930713e-01  -5.0641652e-01   3.4671754e-03  -5.4604236e-04   1.5461534e-03
   6.6962154e-02  -2.3862847e-01  -3.3930344e-01   2.6047276e-03  -4.0067930e-04   1.2193367e-03
   6.0364255e-02  -2.1596788e-01  -8.4500699e-01   4.2354096e-03  -7.2150087e-05   1.2582992e-03
   4.6513611e-02  -2.0759575e-01  -8.6123194e-01   4.4657712e-03  -3.2405463e-04   1.3338778e-03
   4.1267726e-02  -1.9333417e-01  -8.5702163e-01   4.3680833e-03  -2.4224909e-04   1.4591749e-03
   3.4899277e-02  -2.5232713e-01  -8.7847387e-01   5.0428327e-03   4.8228278e-04   1.6462191e-03
   3.8031700e-02  -3.9719344e-01  -8.3517563e-01   8.0963603e-03   6.4418172e-04   2.0598177e-03
   5.8821617e-02  -2.7221018e-01  -9.6666284e-01   7.2291962e-03  -1.2158355e-04   2.5816038e-03
   5.1583387e-02  -3.5445741e-01  -8.7596846e-01   7.4146251e-03   2.5451557e-04   2.1050236e-03
   5.1720626e-02  -2.8076076e-01  -9.4391041e-01   6.6123364e-03   3.1743475e-04   2.3139297e-03
   4.3287733e-02  -2.7319303e-01  -9.2335590e-01   6.1292051e-03   6.2164110e-04   2.4622390e-03
   5.2636513e-02  -2.6054345e-01  -6.2686180e-01   4.3554207e-03   8.4230646e-04   2.9785436e-03
   5.8740713e-02  -2.5167333e-01  -3.3738361e-01   2.8019652e-03   9.1496801e-05   2.5361103e-03
   5.4551473e-02  -1.9100339e-01  -3.0688577e-01   2.2606951e-03   2.5812737e-05   2.4384782e-03
   6.4404161e-02  -2.3998840e-01  -3.2736427e-01   2.2109387e-03   1.3828601e-05   2.4982207e-03
   5.8474495e-02  -1.7703209e-01  -2.8690283e-01   1.0524527e-03   2.2141975e-04   2.6314166e-03
   7.3139082e-02  -2.3359136e-01  -3.2230698e-01   1.0822618e-03   2.2701064e-04   2.8139409e-03
   7.8657103e-02  -1.7908960e-01  -2.7780148e-01   2.9714560e-04   4.7016381e-04   3.2045470e-03
   8.1925451e-02  -1.6277675e-01  -3.0378561e-01  -7.4820716e-05   1.4376546e-04   3.2191048e-03
   8.1790554e-02  -2.1439898e-01  -2.8118237e-01  -5.3173610e-04  -6.9762176e-05   2.7486643e-03
   8.1869560e-02  -1.7378568e-01  -2.7431212e-01  -1.0479190e-03  -1.1342977e-04   2.5558308e-03
   9.0924115e-02  -1.6172738e-01  -2.8014518e-01  -1.4034371e-03  -2.9621005e-04   1.9996266e-03
   9.5600044e-02  -4.8995610e-01  -2.1949340e-01   8.4200842e-04  -2.8854444e-05   1.6476280e-03
   9.9179981e-02  -3.4264226e-01  -4.2410396e-01  -1.9110276e-04  -7.6742036e-05   2.6363394e-03
   9.3433712e-02  -1.4682075e-01  -3.6857785e-01  -1.9204995e-03  -1.4153331e-04   2.9517154e-03
   7.7470663e-02  -1.6502993e-01  -3.2736530e-01  -2.8283600e-03  -1.0910159e-04   2.6059227e-03
   6.9643686e-02  -1.5603025e-01  -3.0979579e-01  -3.7333226e-03   1.2844735e-04   2.5039752e-03
   8.1691657e-02  -2.1095029e-01  -3.5539894e-01  -3.2444505e-03  -2.5542468e-05   2.7068197e-03
   1.1017698e-01  -1.4986256e-01  -3.9599070e-01  -3.3511380e-03  -2.7774204e-04   2.5262778e-03
   1.2089478e-01  -2.9164340e-01  -7.5037876e-01  -1.1218812e-03  -5.4275358e-04   2.3678614e-03
   1.1681754e-01  -2.5600203e-01  -6.4614215e-01  -1.0466145e-03  -5.4109118e-04   2.8472969e-03
   1.0038556e-01  -2.2515061e-01  -6.9567323e-01  -1.3654059e-03   4.7372015e-05   2.8878954e-03
   8.5380861e-02  -2.6967976e-01  -7.1850376e-01  -3.1620272e-04   6.2092392e-04   3.0798379e-03
   7.4842061e-02  -2.3486544e-01  -8.0257756e-01  -4.0941400e-04   6.2511651e-04   3.4899558e-03
   8.1393894e-02  -2.8894041e-01  -7.9699283e-01  -1.6495795e-04   3.3295394e-04   3.2714607e-03
   6.4798756e-02  -2.3325878e-01  -7.6559395e-01  -2.1535127e-04   4.6030310e-04   3.3324953e-03
   5.6896585e-02  -2.8638073e-01  -7.3719413e-01  -6.6806428e-04   8.8545296e-04   3.1197361e-03
   5.0643188e-02  -2.2621872e-01  -8.7510339e-01  -5.9822920e-04   8.4625695e-04   3.4092011e-03
   5.5523063e-02  -2.8998792e-01  -8.4971157e-01   3.1171557e-04   4.8219164e-04   3.4600890e-03
   5.2108007e-02  -2.7413866e-01  -7.8355473e-01  -1.2793666e-04   7.6223963e-04   3.4409279e-03
   5.2087539e-02  -3.4047738e-01  -8.3677572e-01   5.9452975e-04   9.2480751e-04   3.3114079e-03
   5.6271491e-02  -2.7302483e-01  -8.8697536e-01   2.7199888e-04   5.8075156e-04   3.6170649e-03
   5.9523591e-02  -2.7345620e-01  -9.0374193e-01   3.3837859e-04   8.2999363e-05   3.8288148e-03
   3.9613868e-02  -2.6887413e-01  -8.3585680e-01  -2.9448387e-04   6.8041875e-04   3.6912088e-03
   3.4254876e-02  -2.4821625e-01  -6.3159118e-01  -1.9303774e-03   1.2027001e-03   4.1432902e-03
   6.4077064e-02  -2.9911916e-01  -3.9058986e-01  -1.7994129e-03   4.0336613e-04   3.7170672e-03
   6.2358311e-02  -2.4464644e-01  -3.1401900e-01  -2.6465636e-03   4.9359199e-04   3.7764375e-03
   6.5522990e-02  -4.1357867e-01  -3.4406330e-01  -9.7048740e-04  -1.5848186e-05   3.3531955e-03
   7.9240668e-02  -2.2471267e-01  -3.5096499e-01  -2.2493015e-03   1.1979360e-04   3.7807300e-03
   8.2218096e-02  -2.2371481e-01  -3.0146743e-01  -2.6884316e-03  -1.7627365e-04   3.5231546e-03
   6.4520563e-02  -3.6455275e-01  -1.5465023e-01  -3.1899344e-03   2.8164457e-04   2.9742392e-03
   9.1727536e-02  -3.5996811e-01  -2.9223652e-01  -2.9412052e-03  -2.4529778e-04   3.2762830e-03
   7.4019444e-02  -2.0208553e-01  -2.1947314e-01  -4.6406811e-03  -1.1421183e-04   3.4644340e-03
   6.7450174e-02  -3.2600285e-01  -1.7891678e-01  -4.3299831e-03   1.3497508e-04   3.2822089e-03
   7.5899244e-02  -2.4692962e-01  -3.4809523e-01  -4.6503971e-03  -3.0870511e-04   2.9557489e-03
   5.6133233e-02  -2.7045447e-01  -5.8442871e-01  -3.6817346e-03   2.7114725e-04   3.3198564e-03
   6.2173499e-02  -2.7144667e-01  -5.9173831e-01  -3.4760516e-03  -3.6093179e-04   3.4676880e-03
   4.9685642e-02  -2.6187469e-01  -5.6964309e-01  -3.9128238e-03   3.2540216e-06   3.0673378e-03
   5.7530020e-02  -2.7012559e-01  -5.8881832e-01  -4.1287036e-03   1.7580850e-04   3.2409783e-03
   6.7980598e-02  -2.7020029e-01  -6.7920745e-01  -3.8144908e-03  -1.6352093e-04   3.4933645e-03
   6.9447077e-02  -3.0415671e-01  -6.6957670e-01  -3.4278838e-03  -3.3395295e-04   3.3976713e-03
   5.3648304e-02  -3.0085397e-01  -6.2320588e-01  -3.7397678e-03   1.8402748e-04   3.3774340e-03
   4.8586715e-02  -2.9891760e-01  -6.7329683e-01  -4.0468870e-03   5.1226539e-04   3.6794921e-03
   4.8652816e-02  -2.7710745e-01  -7.6689259e-01  -3.5981973e-03   4.4451269e-04   3.8604866e-03
   5.4516000e-02  -4.0185037e-01  -7.2620658e-01  -2.2997264e-03   1.7763110e-04   3.6410496e-03
   4.1139243e-02  -3.3310460e-01  -7.4857543e-01  -2.9667127e-03   3.2468837e-04   3.5715384e-03
   3.6334687e-02  -3.3374860e-01  -8.2611285e-01  -2.7575312e-03   3.9584033e-04   3.7518778e-03
   3.2989734e-02  -5.0539388e-01  -8.1134599e-01   4.5574825e-03   8.4701754e-04   3.5961034e-03
   6.7299145e-02  -4.9579184e-01  -5.8132546e-01   4.1795788e-03   6.8297103e-05   4.0751581e-03
   8.4135550e-02  -3.6518113e-01  -3.7772583e-01   3.5823755e-05   1.9398092e-04   4.1176469e-03
   8.8761605e-02  -3.5262273e-01  -4.0390315e-01  -5.0497779e-05  -2.0190431e-04   3.8934093e-03
   6.8971279e-02  -3.4915934e-01  -3.3501095e-01  -8.1928013e-04  -2.3441847e-04   3.6074355e-03
   6.2063636e-02  -3.1932816e-01  -3.1348676e-01  -6.4924546e-04   1.8054862e-05   3.6039181e-03
   9.7638457e-02  -7.1139861e-01  -3.1976383e-01   6.1559273e-03   2.7252504e-05   3.5778448e-03
   1.4920423e-01  -5.2080841e-01  -7.2637504e-01   2.8649918e-03   9.2684262e-04   5.9573550e-03
   1.2087359e-01  -3.1309085e-01  -6.3023367e-01  -5.4264263e-04   1.1720073e-03   5.8368341e-03
   1.0252390e-01  -3.8787452e-01  -4.7022974e-01  -1.2999115e-03   9.4303215e-04   5.1618965e-03
   9.5180813e-02  -3.5865075e-01  -7.6616605e-01  -5.2617786e-04   1.0668495e-03   4.3746612e-03
   1.0278889e-01  -3.8022127e-01  -8.9523992e-01  -2.5223357e-04   1.4512495e-04   3.9657603e-03
   9.6108202e-02  -4.1781942e-01  -7.8718763e-01  -8.3868592e-04  -9.7688220e-05   3.1976548e-03
   1.0180637e-01  -4.0357132e-01  -8.3989111e-01  -1.6675483e-03  -1.2207814e-04   3.0011755e-03
   1.1393445e-01  -4.1825017e-01  -9.1884439e-01  -1.5859160e-03  -4.7919101e-04   3.0564735e-03
   1.2633622e-01  -4.1534875e-01  -9.9207278e-01  -1.6305903e-03  -1.0421845e-03   3.1874952e-03
   1.2184813e-01  -5.4305788e-01  -8.4940587e-01  -8.5725797e-04  -8.8396860e-04   2.5750868e-03
   1.3273682e-01  -4.6530520e-01  -8.7351243e-01  -1.8018425e-03  -1.1151421e-03   2.8942290e-03
   1.3360952e-01  -4.5269393e-01  -9.1573168e-01  -2.1518089e-03  -1.3196817e-03   3.0126060e-03
   1.4403820e-01  -4.2069982e-01  -9.9408271e-01  -1.8733478e-03  -1.7860856e-03   3.1421082e-03
   1.3787385e-01  -4.9317828e-01  -9.9772800e-01  -1.5703280e-03  -1.8449827e-03   2.6470419e-03
   1.4082784e-01  -4.2756034e-01  -1.0517727e+00  -2.2948099e-03  -1.6726014e-03   3.0173236e-03
   1.3525777e-01  -4.3402993e-01  -1.0554007e+00  -1.6948496e-03  -1.4540373e-03   3.2163124e-03
   1.4995021e-01  -4.3922769e-01  -1.0782553e+00  -1.6809502e-03  -2.0949240e-03   3.2448722e-03
   1.4170794e-01  -4.6769281e-01  -9.6411239e-01  -2.0316959e-03  -2.1614700e-03   2.9164846e-03
   1.2466091e-01  -4.0065862e-01  -9.2192239e-01  -2.7562936e-03  -1.2432740e-03   3.1632411e-03
   1.7551093e-01  -4.7874173e-01  -7.7748143e-01   1.0041212e-03  -1.8450361e-03   3.2830719e-03
   1.8894899e-01  -4.1392140e-01  -8.3458295e-01   1.6679914e-03  -1.3360124e-03   2.7365089e-03
