   0.0000000e+00   0.0000000e+00   0.0000000e+00   0.0000000e+00   0.0000000e+00   4.3368087e-19
   5.8724168e-03  -2.1757078e-02   2.9164389e-02   2.4361919e-04   1.5571262e-04  -7.4063447e-05
   9.1698802e-03  -1.9416405e-02   3.0928134e-02   4.1575591e-05   2.3666603e-04   3.8361284e-05
   1.1730343e-02  -2.0043921e-02   1.1470015e-03   6.1440756e-04   3.0011708e-04   1.1788709e-04
   1.6438234e-02  -3.7320653e-02   5.0893049e-02   2.0327190e-04   3.1627043e-05   2.1026293e-04
   2.2421881e-02  -4.5461443e-02   3.7322722e-02   5.6042673e-04  -1.6124888e-04   3.7990164e-04
   2.4548986e-02  -4.6284814e-02  -1.0821765e-03   4.3947431e-04  -3.4460406e-04   6.8023746e-04
   1.3171005e-02  -2.3950326e-02  -2.0734418e-02   1.2721735e-03  -4.1786574e-04   8.6653680e-04
   7.8721453e-03  -3.2641116e-02  -3.2249219e-02   8.7570530e-04  -4.4096802e-04   8.1201752e-04
   1.5491740e-03  -4.7268194e-02  -4.9647884e-03   5.1648488e-04  -4.0633411e-04   6.8946022e-04
   5.6066275e-03  -4.7731176e-02   3.8472373e-03   9.4480677e-04  -5.9424579e-04   6.9431169e-04
   3.2015819e-03  -4.2410174e-02  -3.9316263e-03   1.4669054e-03  -3.4560738e-04   5.6800885e-04
   1.0531829e-02  -4.9023761e-02  -2.0823352e-02   1.0885812e-03  -6.9517967e-04   7.8307451e-04
   1.0330333e-02  -5.5551850e-02   8.2312874e-03   9.8619240e-04  -6.8680339e-04   9.4294564e-04
   9.1890742e-03  -4.1812554e-02  -4.3333589e-03   1.0665716e-03  -5.1747201e-04   1.0103317e-03
   8.2030418e-03  -5.5441425e-02  -2.5562178e-02   1.8542457e-03  -5.3085753e-04   9.0652303e-04
   1.7819340e-03  -7.2497138e-02   1.7823860e-02   2.0263924e-03  -5.1900117e-04   1.0133580e-03
  -7.4559576e-03  -8.9906282e-02   4.6432533e-02   2.1833742e-03  -2.9758956e-04   8.7609546e-04
  -2.0456743e-05  -1.0200122e-01   3.4744939e-02   2.9036792e-03  -6.1963084e-04   1.0940499e-03
   1.5199767e-03  -1.0294076e-01   4.5214070e-02   3.5186012e-03  -5.5320640e-04   1.1892033e-03
   4.2737147e-02   1.6311750e-01   4.7562200e-01   1.4136645e-02  -2.0894224e-03   5.3655772e-03
  -2.2483119e-01   5.9668664e-01   1.9091262e+00   3.1909221e-02  -1.4889366e-02  -6.3004873e-04
   2.3144732e-02   2.2480955e-02  -2.0624551e-01  -1.1387290e-02  -7.4968447e-03   3.5927833e-03
   2.9008260e-02  -2.5526790e-03  -3.9023829e-01  -1.2581320e-02  -7.7916398e-03   4.2016189e-03
   1.8152139e-02   1.8453799e-03  -3.4118860e-01  -9.9161429e-03  -7.5721920e-03   3.8771046e-03
   1.4376294e-02  -7.0567206e-03  -2.7774355e-01  -8.1233328e-03  -7.2703877e-03   3.9217165e-03
   1.1624733e-02  -8.8457336e-03  -1.6392031e-01  -8.2582554e-03  -6.8194611e-03   3.8935484e-03
   2.0638570e-02   2.5979063e-02  -2.8031146e-01  -5.8456880e-03  -6.6019498e-03   3.8031878e-03
   3.4187640e-02   4.0310047e-02  -3.1200370e-01  -4.8954353e-03  -6.4986490e-03   4.0385836e-03
   3.1144707e-02   3.2780136e-02  -2.7771236e-01  -5.1909868e-03  -6.3991086e-03   4.0029555e-03
   3.0691833e-02   3.0888871e-02  -3.3951257e-01  -4.8054632e-03  -6.6655325e-03   4.1501540e-03
   3.0083477e-02   3.4061440e-02  -3.5538189e-01  -4.6538167e-03  -6.6267339e-03   4.0414188e-03
   3.0176566e-02   2.4362324e-02  -3.3805317e-01  -4.0386638e-03  -6.7774628e-03   3.7497485e-03
   6.9690878e-03   3.5292693e-03  -3.5002345e-01  -2.7557024e-03  -6.3093038e-03   3.0018047e-03
   7.0826282e-03   8.4350042e-03  -4.0082513e-01  -1.4333481e-03  -6.7811571e-03   3.2547970e-03
   1.9909385e-02   1.1776910e-03  -3.7716704e-01  -2.1525533e-03  -6.4131529e-03   3.2333552e-03
   2.2767918e-02   1.1682465e-02  -3.8949799e-01  -2.5410576e-03  -6.5233492e-03   3.3309380e-03
   2.8931547e-02  -4.7640544e-03  -3.5957174e-01  -2.0999751e-03  -5.7209593e-03   3.6725267e-03
   3.5049217e-02  -2.5563118e-02  -3.0497728e-01  -3.6855537e-03  -5.2479919e-03   3.8839689e-03
   3.0598671e-02  -1.5984670e-02  -2.8794230e-01  -3.6853401e-03  -4.6638862e-03   3.9332119e-03
   3.9787831e-02   2.6129480e-02  -3.5481365e-01  -3.5164938e-03  -5.2555567e-03   4.5349196e-03
   3.9250472e-02   2.3907556e-02  -3.0844102e-01  -3.8452154e-03  -5.3151372e-03   4.5483680e-03
   4.2661875e-02   1.7462866e-02  -2.9665293e-01  -3.8143110e-03  -5.0791852e-03   4.3949728e-03
   5.8069588e-02   5.4830563e-03  -3.1242508e-01  -2.9484064e-03  -5.4860417e-03   4.4254838e-03
   5.8439862e-02  -2.3973841e-02  -2.8312695e-01  -3.3806417e-03  -5.3188194e-03   4.3037793e-03
   5.7213645e-02  -1.8089386e-02  -2.7425243e-01  -3.6006190e-03  -5.2487009e-03   4.3910150e-03
   6.0984055e-02   3.3762223e-03  -3.2921676e-01  -3.3065061e-03  -5.2698126e-03   4.8151481e-03
   5.7717021e-02   6.4902939e-03  -3.2121732e-01  -3.2065192e-03  -5.3871430e-03   4.7757214e-03
   4.7165647e-02  -5.0876263e-03  -2.8609242e-01  -3.1952705e-03  -5.3226893e-03   4.6066635e-03
   4.5892232e-02  -3.1689059e-02  -2.7886392e-01  -3.0973754e-03  -5.1841964e-03   4.5014263e-03
   6.2484789e-02   3.1282186e-02  -5.1981280e-01  -1.3400179e-03  -5.5297178e-03   4.2285288e-03
   7.8084157e-02   4.8636237e-02  -5.9023699e-01   1.5654136e-03  -4.1447137e-03   5.2231720e-03
   1.5755509e-01   2.4677419e-02  -9.5071203e-01  -2.2038440e-03  -3.4594943e-03   5.7831861e-03
   1.5467089e-01   3.4499138e-02  -9.2947503e-01   6.2193849e-04  -3.2090897e-03   5.8144419e-03
   1.6342071e-01   1.4421781e-02  -8.7846862e-01   2.0039609e-03  -3.1998752e-03   5.6029866e-03
   1.5972980e-01   3.9120071e-03  -8.4309645e-01   2.3014996e-03  -3.2179532e-03   5.4977421e-03
   1.5267178e-01   2.3021237e-02  -8.7112946e-01   2.5715112e-03  -2.8132177e-03   5.8129497e-03
   1.4459187e-01   3.7049238e-03  -8.0057621e-01   1.7604231e-03  -2.6926969e-03   5.1609879e-03
   1.4450534e-01   4.3233183e-02  -8.5741986e-01   2.5522761e-03  -2.8593416e-03   5.4526165e-03
   1.4193127e-01   3.1367782e-02  -8.1404284e-01   2.1128352e-03  -2.7506689e-03   5.3935964e-03
   1.5346624e-01   1.5596760e-02  -7.4380867e-01   1.8309064e-03  -2.2883801e-03   5.8087951e-03
   1.5636289e-01   3.2441323e-02  -8.0085736e-01   1.9911213e-03  -2.4123933e-03   5.8775465e-03
   1.5756849e-01   3.3377008e-02  -7.7595247e-01   2.0951708e-03  -2.4709453e-03   5.9474494e-03
   1.6317390e-01   2.9433143e-02  -7.6484947e-01   1.8912743e-03  -2.3045195e-03   6.0503153e-03
   1.6863966e-01   1.8454491e-02  -7.7395264e-01   2.5672888e-03  -2.5722587e-03   6.0500246e-03
   1.6984379e-01  -1.0996866e-02  -7.6114137e-01   3.5380064e-03  -2.6104471e-03   6.0074530e-03
   1.7436859e-01  -3.1308912e-02  -7.1280651e-01   3.1662628e-03  -2.6205826e-03   5.9770352e-03
   1.6825681e-01  -3.0645062e-02  -7.3212807e-01   3.3910897e-03  -2.4747620e-03   6.0570040e-03
   1.7695054e-01  -2.6636515e-02  -7.4648013e-01   4.0157796e-03  -2.7736830e-03   5.9154674e-03
   1.6891631e-01  -2.3187478e-02  -7.5955319e-01   4.6383769e-03  -2.6097147e-03   6.1245620e-03
   1.6483770e-01  -3.0328017e-02  -7.3265130e-01   4.4651696e-03  -2.2576890e-03   5.7603169e-03
   1.6036243e-01  -2.4160388e-02  -7.1886344e-01   4.8219942e-03  -2.6032631e-03   5.8941615e-03
   1.5211930e-01  -1.2206675e-02  -7.3120129e-01   5.4708996e-03  -2.4371853e-03   6.0245761e-03
   1.6485996e-01  -1.5792713e-02  -6.9455884e-01   5.8021162e-03  -1.7991952e-03   5.9930955e-03
   1.6321060e-01   5.0658716e-02  -9.0983652e-01   6.4398467e-03  -1.6186787e-03   5.3795867e-03
   3.4570056e-01   5.1753242e-01  -1.3167803e+00   2.2121997e-02   1.1486297e-03   5.8511389e-03
   2.4463749e-01   1.7605485e+00   1.3220678e-01   6.3642285e-02  -8.6921824e-03  -3.6752849e-03
   2.8668613e-01   2.1685292e-01  -2.1226429e+00   4.3102234e-02   4.2316336e-03  -7.1816313e-03
   3.5034895e-01   1.3685487e-01  -1.7532306e+00  -2.8591357e-03   1.2592902e-02   1.8149140e-03
   3.6752200e-01   1.6382493e-02  -1.6647774e+00  -6.5534880e-03   1.3127579e-02   2.7644551e-03
   3.6154160e-01   2.9947718e-02  -1.6474900e+00  -5.4349795e-03   1.3875639e-02   2.9412076e-03
   3.5396875e-01   9.2931201e-03  -1.5511795e+00  -5.0901529e-03   1.5200970e-02   3.1395269e-03
   3.5671751e-01   1.1028544e-02  -1.5813139e+00  -4.8122403e-03   1.6032287e-02   2.9983712e-03
   3.7947374e-01  -2.8483553e-02  -1.4599873e+00  -4.9177679e-03   1.6026175e-02   3.9165987e-03
   3.8728664e-01  -1.2033049e-02  -1.7634435e+00  -5.7099391e-03   1.4894623e-02   4.0620200e-03
   4.0746639e-01   1.9341030e-02  -1.6506114e+00  -4.1430917e-03   1.5449017e-02   4.5163926e-03
   4.1583905e-01   1.7836883e-03  -1.5977329e+00  -3.5135514e-03   1.5826464e-02   4.5636850e-03
   4.0205964e-01  -2.1598547e-02  -1.5616027e+00  -2.8664992e-03   1.6579618e-02   4.7630736e-03
   3.9305679e-01  -6.0042887e-03  -1.5323294e+00  -1.7054869e-03   1.6566643e-02   4.7977490e-03
   3.7991320e-01   1.2089269e-02  -1.5570632e+00  -1.1891977e-03   1.7235336e-02   4.6706210e-03
   3.8132422e-01   2.6059274e-02  -1.6065629e+00  -7.1320044e-04   1.7164196e-02   4.9023269e-03
   3.7904714e-01   1.0312209e-02  -1.5655997e+00  -1.3438453e-03   1.7185880e-02   4.6891557e-03
   3.5908725e-01   1.3743747e-02  -1.5260168e+00  -1.0824056e-03   1.7761628e-02   4.6143160e-03
   3.4470517e-01   1.0909053e-03  -1.5096768e+00  -1.1094050e-03   1.7895266e-02   4.5134168e-03
   3.3894852e-01  -1.3320672e-02  -1.5107494e+00  -1.3486011e-03   1.7999546e-02   4.4664805e-03
   3.1822151e-01  -7.1736367e-03  -1.4956465e+00  -1.1735915e-03   1.8305682e-02   4.4163442e-03
   3.1662604e-01  -1.8286788e-02  -1.4734391e+00  -1.7020906e-03   1.8772399e-02   4.4053054e-03
   3.1514911e-01  -2.0931585e-02  -1.4932986e+00  -1.0469188e-03   1.8785079e-02   4.3801678e-03
   3.1109324e-01  -3.4988159e-02  -1.4841507e+00  -1.0566459e-03   1.8898618e-02   4.3861645e-03
   2.9051429e-01  -2.7941412e-02  -1.4675612e+00  -1.4906822e-03   1.9473597e-02   4.3197151e-03
   2.8097274e-01  -3.4676153e-02  -1.4774237e+00  -1.0722101e-03   1.9702296e-02   4.3579056e-03
   2.7843044e-01  -3.6754672e-02  -1.4906426e+00  -7.6674240e-04   1.9651421e-02   4.4921333e-03
   2.7512353e-01  -4.9592645e-02  -1.4510598e+00  -1.6900972e-03   1.9826122e-02   4.3610930e-03
   3.1954735e-01  -3.5376700e-02  -1.6969897e+00  -2.8003704e-03   1.7940978e-02   3.9658464e-03
   4.3500797e-01  -2.2381189e-02  -1.9920726e+00  -2.2138010e-03   1.5103190e-02   4.6213039e-03
   4.2434364e-01  -7.5617408e-03  -1.8678904e+00  -6.1209650e-03   1.5485781e-02   4.6614203e-03
   4.2352386e-01   1.1119099e-02  -1.9300439e+00  -3.7577592e-03   1.5423716e-02   4.5283224e-03
   4.1151733e-01  -2.7050403e-02  -1.8213717e+00  -4.5234304e-03   1.5961547e-02   4.3370578e-03
   4.0653191e-01  -1.7707871e-02  -1.7920472e+00  -4.6837707e-03   1.6424933e-02   4.4263835e-03
   4.0922372e-01  -2.2172297e-02  -1.7831695e+00  -4.3214809e-03   1.6553406e-02   4.8823573e-03
   4.2042332e-01  -4.3563718e-02  -1.7750458e+00  -4.6727055e-03   1.6837638e-02   5.3910379e-03
   4.1524258e-01  -4.1560478e-02  -1.7599534e+00  -5.1165170e-03   1.7001059e-02   5.2665034e-03
   4.0510074e-01  -3.4827239e-03  -1.7816044e+00  -4.6120074e-03   1.7320314e-02   5.3692550e-03
   4.0017896e-01  -1.9283336e-02  -1.7689516e+00  -4.4751738e-03   1.7363019e-02   5.5769382e-03
   3.8687147e-01  -3.7857828e-02  -1.7194921e+00  -4.4237511e-03   1.7673629e-02   5.2819571e-03
   3.8478605e-01  -6.5686156e-02  -1.7148969e+00  -4.2461009e-03   1.7866151e-02   5.0468897e-03
   4.1416417e-01  -4.6844492e-02  -2.1143237e+00  -2.5399387e-03   1.6614718e-02   4.6285720e-03
   4.0846312e-01  -7.8241462e-02  -1.8098600e+00  -4.1865084e-03   1.7964629e-02   5.1711456e-03
   4.1190273e-01  -8.5995794e-02  -1.8209190e+00  -3.7744340e-03   1.8083013e-02   4.9132873e-03
   4.0349364e-01  -9.1210580e-02  -1.8413349e+00  -3.5226919e-03   1.8307950e-02   4.8218538e-03
