   0.0000000e+00   0.0000000e+00   0.0000000e+00   0.0000000e+00   0.0000000e+00  -1.7347235e-18
   7.4577126e-02   1.7174705e-03  -6.7279891e-02   1.1615889e-04   5.2946048e-04   1.4506568e-03
   1.5209100e-01   4.7151866e-02  -1.4152627e-01   6.6686788e-04   1.4124301e-03   3.4546800e-03
   1.5818026e-01  -2.3724307e-02   7.8573071e-03  -4.7529737e-04   1.0950359e-03   3.6095274e-03
   1.6534064e-01   1.6769359e-02  -9.8578719e-02  -5.0667721e-06   1.6148219e-03   4.0620844e-03
   1.6704673e-01   5.3639007e-02  -1.1236981e-01   5.3658285e-05   1.3333462e-03   4.1077321e-03
   1.8491201e-01  -1.5869845e-02  -1.9595379e-02  -3.8509543e-04   1.0615574e-03   4.1357050e-03
   1.8559569e-01   3.1443567e-02  -1.4181873e-01   6.9238268e-05   1.4640519e-03   4.5072840e-03
   2.0035499e-01   9.4677347e-03  -9.1211849e-02   1.5847244e-05   8.5076154e-04   4.4827442e-03
   2.1895413e-01  -4.0735207e-02  -9.4060939e-03  -1.5849371e-03   7.8507382e-04   4.4979978e-03
   2.3576856e-01   2.0715107e-02  -1.6606483e-01  -3.7703746e-05   4.3890816e-04   5.0867754e-03
   2.3779484e-01   1.6646752e-02  -1.5968504e-01   1.1417796e-04   3.1310734e-04   5.1319370e-03
   2.4405154e-01  -2.9315284e-02  -2.4698826e-02  -9.5477206e-04   4.9720652e-04   5.1152017e-03
   2.5274122e-01  -1.7688138e-02  -8.1609651e-02  -8.5185054e-04   7.5953143e-04   5.2505135e-03
   2.6870721e-01   2.2380706e-02  -1.1733259e-01  -7.8732201e-04   5.1502681e-04   5.7232318e-03
   2.8714957e-01  -3.9089812e-02  -1.3773776e-02  -1.3979194e-03   5.4214198e-04   5.7785024e-03
   2.9874500e-01  -1.5239193e-02  -1.0704385e-01  -5.5118186e-04   9.3160042e-04   6.1221512e-03
   2.9870449e-01  -2.8786511e-04  -1.3607754e-01  -6.4972037e-04   1.0980794e-03   6.1054140e-03
   3.0402347e-01  -4.3574707e-02  -1.9475740e-02  -1.6854366e-03   8.6325213e-04   5.9410520e-03
   3.2491530e-01  -3.9050985e-02  -9.5803278e-02  -1.2698654e-03   9.3248777e-04   6.1540299e-03
   3.2956204e-01  -6.7976112e-03  -1.8159558e-01  -4.5204090e-04   1.2920078e-03   6.5805916e-03
   3.4332153e-01  -3.6280998e-02  -1.0096670e-01  -9.5439674e-04   1.2400023e-03   6.8030948e-03
   3.5924194e-01  -8.9087259e-02  -3.8559766e-02  -1.8954184e-03   1.0289823e-03   6.7041929e-03
   3.5332725e-01  -3.6620457e-02  -1.5121691e-01  -7.1670992e-04   1.2169247e-03   6.8930103e-03
   3.6548276e-01  -5.3298383e-02  -1.0839685e-01  -9.5191966e-04   1.1414702e-03   6.9390008e-03
   3.7773884e-01  -9.7772518e-02  -5.2708717e-02  -1.7352485e-03   1.1880972e-03   6.9054714e-03
   3.6469304e-01  -3.7109580e-02  -1.8603876e-01  -6.5343514e-04   1.0500966e-03   6.7405724e-03
   3.9369669e-01  -4.9521937e-02  -9.3491950e-02  -1.3396779e-03   7.2733847e-04   7.0133642e-03
   3.9097974e-01  -8.3617354e-02  -1.0504367e-01  -1.4454741e-03   5.5967178e-04   6.8986636e-03
   3.7060913e-01  -6.3806055e-02  -1.9784227e-01  -7.0544828e-04   8.1631982e-04   6.9609972e-03
   3.8005135e-01  -1.1051859e-01  -5.1833864e-02  -1.4427282e-03   4.7359537e-04   6.9352736e-03
   3.9896776e-01  -1.0842298e-01  -6.8881752e-02  -1.9325082e-03   7.6513386e-04   7.1349769e-03
   4.1158567e-01  -5.0760829e-02  -2.0044322e-01  -9.9794809e-04   9.5826403e-04   7.4480980e-03
   4.2023000e-01  -8.9344156e-02  -8.5234122e-02  -1.9475657e-03   6.0261518e-04   7.3876017e-03
   4.1545991e-01  -1.0017614e-01  -1.4530304e-01  -1.3895456e-03   8.3747097e-04   7.1756876e-03
   4.2412668e-01  -7.5153199e-02  -1.5953690e-01  -1.5364954e-03   6.3513802e-04   7.1735762e-03
   4.3369991e-01  -1.2976225e-01  -7.0484884e-02  -2.1273625e-03   7.3339197e-04   7.0570812e-03
   4.3441480e-01  -8.6949522e-02  -1.9798637e-01  -1.1199825e-03   8.8070150e-04   7.2077230e-03
   4.5376717e-01  -1.2153428e-01  -8.3841481e-02  -1.9377893e-03   6.9398678e-04   7.1663464e-03
   4.4134517e-01  -1.0693705e-01  -1.7173882e-01  -1.7277545e-03   8.5151282e-04   7.2524497e-03
   4.5755974e-01  -1.2464175e-01  -1.0905851e-01  -1.8554124e-03   6.0676632e-04   7.4059218e-03
   4.5658007e-01  -1.4777152e-01  -1.2924803e-01  -1.5889733e-03   1.0615519e-03   7.3793941e-03
   4.5381720e-01  -8.3918374e-02  -2.4626171e-01  -1.4498365e-03   1.1305343e-03   7.6926115e-03
   4.7863063e-01  -1.3079363e-01  -1.6123906e-01  -1.5751316e-03   9.1761885e-04   7.9189206e-03
   4.8459026e-01  -1.8397181e-01  -8.0140497e-02  -2.3143323e-03   1.0756911e-03   7.7646403e-03
   4.8235769e-01  -1.1746577e-01  -1.9449843e-01  -1.8751552e-03   1.1269438e-03   7.7331292e-03
   4.8319320e-01  -1.4295477e-01  -1.3337542e-01  -1.9441295e-03   1.1380547e-03   7.9247748e-03
   4.8894961e-01  -1.7378618e-01  -1.4480218e-01  -1.6135274e-03   8.3930043e-04   8.0000335e-03
   4.8465583e-01  -1.5441092e-01  -1.5495658e-01  -1.7311697e-03   8.7980474e-04   8.3048374e-03
   4.9383265e-01  -2.0469016e-01  -5.1258108e-02  -2.6121495e-03   8.6644138e-04   8.1040098e-03
   4.8015263e-01  -1.6008589e-01  -1.6050485e-01  -2.2780004e-03   7.9304344e-04   8.2033245e-03
   4.8127111e-01  -1.6706949e-01  -1.2299910e-01  -2.4676037e-03   8.4853159e-04   8.0631989e-03
   4.9738929e-01  -1.7782990e-01  -1.2412754e-01  -2.4989449e-03   1.2454811e-03   8.3549889e-03
   4.9990619e-01  -1.5954523e-01  -1.4454779e-01  -2.2264021e-03   9.0905060e-04   8.2325204e-03
   5.0305979e-01  -2.0371636e-01  -8.1254273e-02  -3.1478558e-03   8.5927096e-04   8.0613662e-03
   5.1472103e-01  -1.5556485e-01  -2.1244762e-01  -2.5150383e-03   1.2565231e-03   8.2748997e-03
   5.2498267e-01  -1.9836482e-01  -1.0095011e-01  -3.1352534e-03   9.9518561e-04   8.1708907e-03
   5.2654410e-01  -2.1935766e-01  -1.2595702e-01  -3.1439996e-03   1.1962990e-03   8.2769294e-03
   4.9133583e-01  -1.5428637e-01  -2.4294332e-01  -2.4010728e-03   9.5372010e-04   7.9649526e-03
   5.0016645e-01  -2.0715684e-01  -1.1370533e-01  -3.1587201e-03   5.6524110e-04   7.8368772e-03
   5.0022873e-01  -2.3589380e-01  -1.5390222e-01  -2.8041371e-03   4.3333079e-04   7.7514836e-03
   4.9085751e-01  -1.7737641e-01  -2.8345838e-01  -2.1808126e-03   6.4656701e-04   7.9922563e-03
   5.1555975e-01  -2.1994886e-01  -1.5528453e-01  -2.9428594e-03   5.3527876e-04   7.9947046e-03
   5.0894268e-01  -2.0530531e-01  -2.3664451e-01  -2.4056672e-03   5.7269985e-04   8.0086724e-03
   5.4531461e-01  -2.3368931e-01  -1.5400444e-01  -3.2041105e-03   2.7385176e-04   8.0897652e-03
   5.2232054e-01  -2.3674895e-01  -2.0665494e-01  -2.9688613e-03   6.5411832e-04   7.9592639e-03
   5.3402529e-01  -2.2479914e-01  -2.1110691e-01  -2.8845144e-03   6.8263239e-04   8.1607835e-03
   5.3548459e-01  -2.5706060e-01  -1.5578435e-01  -3.1717827e-03   4.1867351e-04   8.0909797e-03
   4.9411091e-01  -2.2825963e-01  -2.3670790e-01  -2.3851149e-03   3.8614881e-04   7.9584536e-03
   4.9776917e-01  -2.6460696e-01  -1.5807621e-01  -2.8646259e-03   1.2771988e-04   7.7067111e-03
   4.7684402e-01  -2.1587103e-01  -3.0084293e-01  -2.3464606e-03   3.7498463e-04   7.8463147e-03
   4.8423647e-01  -2.6629556e-01  -1.9029647e-01  -2.4135887e-03  -4.6910432e-05   7.7217670e-03
   4.7551282e-01  -2.6360068e-01  -2.3947566e-01  -2.6978591e-03   6.3944718e-05   7.6948433e-03
   4.7936606e-01  -2.3605136e-01  -3.0744693e-01  -2.0954535e-03  -9.4620882e-05   7.7831502e-03
   4.8843105e-01  -2.8923097e-01  -2.0429954e-01  -3.0014658e-03  -2.8215357e-04   7.5438373e-03
   5.0161658e-01  -2.4092936e-01  -3.2163042e-01  -2.5321201e-03   2.8443466e-04   8.0478052e-03
   5.0272899e-01  -2.4717457e-01  -3.3091468e-01  -2.5392299e-03   5.5691464e-04   8.2892909e-03
   4.9253229e-01  -2.7959531e-01  -2.6147696e-01  -3.3725209e-03   2.8783880e-06   8.0578619e-03
   4.8799757e-01  -2.4741734e-01  -3.1416867e-01  -3.1757208e-03  -7.4691971e-06   7.8031058e-03
   4.7344537e-01  -3.0888917e-01  -2.0259632e-01  -3.5882073e-03  -9.9642123e-04   7.4048629e-03
   4.5929030e-01  -2.6033473e-01  -3.3865211e-01  -3.1818697e-03  -4.4891238e-04   7.7112923e-03
   5.0386282e-01  -3.0489870e-01  -2.5807765e-01  -3.5941374e-03  -5.0925167e-04   8.0351300e-03
   5.1502455e-01  -2.8692315e-01  -3.1998552e-01  -3.4282599e-03  -3.5398279e-04   8.2266143e-03
   5.3175313e-01  -2.8937187e-01  -2.8416333e-01  -3.8222788e-03  -5.0490282e-04   8.4357405e-03
   5.0835681e-01  -2.8752095e-01  -3.2179323e-01  -3.3750228e-03  -2.5188554e-04   8.1438634e-03
   5.2971463e-01  -3.0887890e-01  -2.7991726e-01  -3.1549721e-03  -1.0436168e-03   8.2050876e-03
   5.2646749e-01  -3.0935823e-01  -3.5881531e-01  -3.5138365e-03  -1.3025067e-03   8.1398314e-03
   5.0193652e-01  -2.8946534e-01  -3.5333124e-01  -3.7024908e-03  -2.3013264e-03   8.1534143e-03
   4.9133050e-01  -2.9446458e-01  -2.6151648e-01  -4.9413270e-03  -2.6802480e-03   7.7663951e-03
   4.6846637e-01  -3.0410076e-01  -2.5737886e-01  -5.3509138e-03  -2.4498382e-03   7.5260997e-03
   4.6191137e-01  -2.8179709e-01  -2.0976710e-01  -5.8624312e-03  -2.6210817e-03   7.4294400e-03
   4.6296287e-01  -3.1022797e-01  -1.5174168e-01  -6.7689331e-03  -3.0938628e-03   7.0710188e-03
   4.5536190e-01  -2.6779052e-01  -2.3431629e-01  -6.5089239e-03  -3.0907898e-03   7.0991144e-03
   4.3810480e-01  -2.9966593e-01  -1.4762521e-01  -7.3402249e-03  -3.5927683e-03   6.4246721e-03
   4.3140752e-01  -2.8062307e-01  -2.4599171e-01  -6.4745422e-03  -3.6545159e-03   6.6046207e-03
   4.3416962e-01  -2.9971246e-01  -1.8211087e-01  -6.8244583e-03  -3.6355542e-03   6.4042827e-03
   4.3394336e-01  -3.4648211e-01  -9.6972387e-02  -7.5166730e-03  -4.0808932e-03   6.2160726e-03
   4.3342895e-01  -2.9607343e-01  -2.3181683e-01  -7.1693846e-03  -3.8939108e-03   6.3970379e-03
   4.1983324e-01  -2.9614831e-01  -2.2274892e-01  -6.8681517e-03  -4.0964319e-03   6.2229243e-03
   4.2175427e-01  -3.6455589e-01  -9.9790245e-02  -7.6689235e-03  -4.2891532e-03   6.0768909e-03
   4.1922493e-01  -3.0485635e-01  -2.4276038e-01  -7.1159134e-03  -3.9124843e-03   6.1026509e-03
   4.2044688e-01  -3.0310338e-01  -2.1289573e-01  -7.2374584e-03  -4.1471991e-03   6.1399050e-03
   4.2973800e-01  -3.4256411e-01  -1.5331502e-01  -7.6365782e-03  -4.0950615e-03   6.2706320e-03
   4.3146807e-01  -3.3583984e-01  -1.9608032e-01  -7.1696020e-03  -4.3692808e-03   6.2814291e-03
   4.2620049e-01  -3.9409530e-01  -8.2057274e-02  -7.9418905e-03  -4.6560137e-03   5.9332909e-03
   4.0900302e-01  -3.5435510e-01  -1.7869785e-01  -7.3999312e-03  -4.4305926e-03   5.9225441e-03
   4.2249434e-01  -3.2066245e-01  -2.4179532e-01  -6.8014547e-03  -4.5154910e-03   6.2717315e-03
   4.3251439e-01  -3.7631823e-01  -1.3202634e-01  -7.5878174e-03  -4.4236103e-03   6.2899833e-03
   4.2602338e-01  -3.6017580e-01  -2.2040227e-01  -6.9092253e-03  -4.2674627e-03   6.3537538e-03
   4.4203792e-01  -3.5669316e-01  -2.0026738e-01  -7.0818349e-03  -4.4338962e-03   6.5862899e-03
   4.5736100e-01  -4.0882362e-01  -1.2357054e-01  -7.6977850e-03  -4.2949845e-03   6.3676577e-03
   4.4116472e-01  -3.5531616e-01  -2.4683236e-01  -6.8673567e-03  -4.0991810e-03   6.3686254e-03
   4.5114262e-01  -3.7920722e-01  -1.6660398e-01  -7.3748358e-03  -4.1211563e-03   6.3830867e-03
   4.3775958e-01  -4.1100329e-01  -1.6972001e-01  -7.1521623e-03  -4.3961612e-03   6.1703141e-03
   4.3260388e-01  -3.7238130e-01  -2.4553568e-01  -6.9657223e-03  -4.0635306e-03   6.4446649e-03
   4.4523158e-01  -4.2744462e-01  -1.3804654e-01  -7.3813434e-03  -4.1135858e-03   6.5152268e-03
   4.5968112e-01  -4.2452095e-01  -1.6841065e-01  -7.4773188e-03  -4.2680126e-03   6.4820194e-03
   4.5322517e-01  -3.8283616e-01  -2.7643890e-01  -6.9532572e-03  -4.4558184e-03   6.5767651e-03
   4.6665094e-01  -4.4604914e-01  -1.5226057e-01  -7.2195408e-03  -4.6805219e-03   6.5949883e-03
   4.4743115e-01  -4.2487648e-01  -2.5984502e-01  -6.7074463e-03  -4.3040062e-03   6.5489157e-03
