   0.0000000e+00   0.0000000e+00   0.0000000e+00   0.0000000e+00   0.0000000e+00   0.0000000e+00
   4.2492062e-03   1.7244232e-02  -2.0083174e-02  -1.6840210e-04   4.0719165e-06   2.0333127e-04
  -9.1851590e-03  -3.8836092e-02   6.2294923e-03  -5.8255695e-04  -2.6174638e-05   1.5551237e-04
   1.5319581e-02  -6.2335351e-03  -2.2006322e-02  -2.3762825e-03  -3.6898812e-04   1.0619696e-03
   2.6878679e-02  -1.4875031e-02   2.8359189e-02   1.8273909e-03   4.2451168e-04   8.7816433e-04
   2.4696059e-02  -2.2483935e-02  -6.1286545e-02  -4.9662877e-03  -9.2762019e-04   1.0369313e-03
   2.9661699e-02  -5.4299688e-03  -8.7351796e-02  -4.0657158e-03  -1.0174211e-03   1.3161766e-03
   3.7789319e-02  -2.1118461e-04  -1.2231785e-01  -3.3172575e-03  -9.7912673e-04   9.6917318e-04
   3.1248632e-02  -1.6903639e-02  -5.9289663e-02  -3.4951989e-03  -5.7394230e-04   1.5512483e-03
   4.6878608e-02  -2.4746183e-02  -5.6039976e-02  -5.9342228e-03  -1.0665562e-03   2.1330562e-03
   2.1086991e-02  -2.6048859e-02  -2.0494172e-02  -5.2084517e-03  -2.9981000e-04   1.2734558e-03
   2.0018273e-02  -2.0604801e-02  -3.6878950e-02  -5.0873175e-03  -4.9352687e-05   9.0074488e-04
   2.7929283e-02  -1.9658127e-02  -1.1603676e-01  -1.1308759e-03   1.3593554e-05   1.1745000e-03
   7.9447098e-02   4.6343884e-03  -1.0370927e-01   9.3716001e-04  -2.3681566e-04   1.9492843e-03
   1.0913221e-01   2.1776498e-02  -7.0550614e-02   2.8674109e-03  -4.0344170e-04   2.5494874e-03
   1.0854366e-01   1.8007050e-02  -1.4340118e-01   6.8043423e-03  -3.5304042e-04   2.7697021e-03
   1.0650696e-01  -1.5933483e-02  -1.3487822e-01   8.8882986e-03  -8.1884037e-04   2.8008461e-03
   1.2169246e-01  -4.4812868e-02  -1.2573247e-01   1.2330675e-02  -5.8023715e-04   3.2013657e-03
   1.4029082e-01  -1.1818923e-02  -1.6511485e-01   1.4177686e-02  -5.2009755e-04   3.4476485e-03
   1.4002630e-01  -1.1169256e-02  -1.6824982e-01   1.4354534e-02  -1.1346356e-03   3.5011890e-03
   1.1155957e-01  -3.0420042e-02  -1.2853265e-01   1.4092555e-02  -8.0221799e-04   2.7918447e-03
   1.1440014e-01  -3.9371375e-02  -1.1307046e-01   1.3492007e-02  -1.1679520e-03   2.6620854e-03
   1.2143683e-01  -3.7719907e-02  -1.3193037e-01   1.3326952e-02  -1.0923427e-03   2.4952968e-03
   1.2774305e-01  -3.1339151e-02  -1.6236541e-01   1.3147259e-02  -1.0261536e-03   2.5177041e-03
   1.0542152e-01  -4.2425931e-02  -1.2871946e-01   1.2814174e-02  -7.4975333e-04   2.2073960e-03
   1.1041032e-01  -5.6217622e-02  -1.3714033e-01   1.2500244e-02  -1.0755632e-03   2.1369634e-03
   1.2322996e-01  -5.4180942e-02  -1.2670300e-01   1.2177891e-02  -1.1058668e-03   2.4806748e-03
   9.9839111e-02  -5.0510446e-02  -1.4814694e-01   1.1903131e-02  -5.1261023e-04   2.1600874e-03
   1.1572213e-01  -7.0417760e-02  -1.5077396e-01   1.2964418e-02  -8.1365984e-04   2.5099292e-03
   1.3007481e-01  -5.9682061e-02  -7.7890426e-03   1.2805601e-02  -8.4957042e-04   2.8694966e-03
   1.3865753e-01  -5.0694235e-02   1.6840173e-02   1.2604166e-02  -1.1318473e-03   3.1101507e-03
   1.5477919e-01  -5.0890821e-02  -2.2178954e-01   1.4961588e-02  -1.3320254e-03   3.4862351e-03
   1.4708022e-01  -5.4053335e-02  -1.9881679e-01   1.5348350e-02  -1.3213237e-03   3.2093281e-03
   1.3371535e-01  -6.7302226e-02  -8.3207493e-02   1.4553318e-02  -9.5992667e-04   3.1101683e-03
   1.3443284e-01  -7.9790685e-02  -8.8458674e-02   1.5251070e-02  -9.6556393e-04   3.1808041e-03
   1.3029711e-01  -7.9701660e-02  -8.4685907e-02   1.5055475e-02  -1.1205101e-03   3.2048806e-03
   1.4976844e-01  -7.1045886e-02  -5.9229221e-02   1.4692509e-02  -1.3821620e-03   3.3701316e-03
   1.4299803e-01  -6.1008093e-02  -8.8184832e-02   1.4931738e-02  -1.2170826e-03   3.5391008e-03
   1.2184883e-01  -7.8922876e-02  -6.1328924e-02   1.4807176e-02  -1.2578335e-03   3.2255553e-03
   1.0896609e-01  -9.6586249e-02  -1.4902613e-02   1.4293708e-02  -9.2934929e-04   3.0939018e-03
   1.2174531e-01  -7.7412480e-02  -2.5089303e-02   1.3015356e-02  -1.1539354e-03   3.3806472e-03
   1.1112517e-01  -7.7637399e-02  -1.0654718e-02   1.2182398e-02  -1.1938567e-03   3.2780949e-03
   1.1303573e-01  -9.4703289e-02   1.7490752e-02   1.2047874e-02  -9.5885072e-04   3.2650409e-03
   1.1823013e-01  -8.5298338e-02   2.3422692e-02   8.3378616e-03  -8.9647727e-04   3.5259966e-03
   1.7435179e-01  -9.6443619e-02  -5.7777112e-02   1.0779573e-03   3.4494579e-04   5.5042892e-03
   1.8206892e-01  -1.2429849e-01  -5.4687694e-02   2.1924145e-03   1.4935839e-05   6.1913330e-03
   1.6600440e-01  -1.4047038e-01  -6.7700211e-02   4.2387352e-03   7.9557531e-05   6.3110230e-03
   1.3541203e-01  -1.9426142e-01  -6.8202806e-02   1.7752699e-03   1.8457011e-04   5.1312734e-03
   1.3820754e-01  -1.2255003e-01  -1.0113585e-01  -4.8114459e-03  -1.2330691e-03   4.5079444e-03
   1.1729550e-01  -1.5521797e-01  -2.6950913e-02  -5.2437042e-03  -3.6409784e-04   4.3515886e-03
   1.4240352e-01  -1.5937596e-01   9.5165714e-03  -5.3096486e-03  -9.4625841e-04   4.2942843e-03
   1.2974073e-01  -2.3847503e-01  -1.8686142e-01  -1.4861256e-03  -7.1798632e-04   4.1331618e-03
   1.5221981e-01  -1.9115188e-01  -1.0094794e-01  -2.7507180e-03  -7.7283704e-04   4.2807397e-03
   1.5218149e-01  -1.4977450e-01  -8.6259599e-02  -3.4648308e-03  -7.7673001e-04   4.2668354e-03
   1.5316178e-01  -1.6257880e-01  -1.1859273e-01   5.0233497e-04  -8.7487539e-04   4.7783577e-03
   1.7021419e-01  -1.3578916e-01  -6.6123178e-02   3.2032967e-04  -7.9118860e-04   5.3570030e-03
   1.8141453e-01  -1.0082506e-01  -1.2044645e-01   8.1539392e-04  -8.8547588e-04   5.3505198e-03
   1.7327852e-01  -1.3840717e-01  -6.9958412e-02   3.9120453e-03  -1.0190839e-03   5.4969818e-03
   1.7740037e-01  -1.4489442e-01   2.4193209e-03   5.0077522e-03  -1.1761037e-03   6.3513585e-03
   1.8646486e-01  -1.2787689e-01  -7.8772292e-02   4.9697264e-03  -1.0051023e-03   6.0034613e-03
   1.7424327e-01  -1.4123164e-01   2.7291071e-03   4.8551701e-03  -1.0961519e-03   5.4567435e-03
   1.7172962e-01  -1.4839090e-01  -1.0195432e-01   6.1740480e-03  -1.1346901e-03   5.4023116e-03
   1.6791799e-01  -1.5900209e-01  -1.0764143e-02   6.7361820e-03  -9.4114774e-04   5.3564329e-03
   1.7149551e-01  -1.3496932e-01  -9.8409568e-02   2.4857557e-03  -1.6575958e-03   5.4121691e-03
   1.6647261e-01  -1.4513467e-01  -9.7258914e-02   4.8015376e-03  -8.9053325e-04   5.0810152e-03
   1.6426977e-01  -1.4826210e-01  -7.8871314e-02   5.1679101e-03  -8.4853450e-04   4.9353818e-03
   1.5588796e-01  -1.6030845e-01  -3.0737494e-02   5.0961209e-03  -8.4301140e-04   5.3663116e-03
   1.7098428e-01  -1.5935432e-01  -1.0336434e-01   4.6128110e-03  -1.0677158e-03   5.1593647e-03
   1.6749324e-01  -1.3460446e-01  -8.1767743e-02   4.7995061e-03  -1.0289901e-03   4.9482009e-03
   1.6195430e-01  -1.5923782e-01   6.5845444e-02   1.7960319e-03  -1.0512282e-03   4.7227487e-03
   1.6301218e-01  -1.5870298e-01  -4.2829558e-02   2.7640283e-03  -1.2995141e-03   5.0283768e-03
   1.5803972e-01  -1.6787908e-01  -3.0548976e-02   3.0800370e-03  -8.6093575e-04   5.1183561e-03
   1.5583115e-01  -1.7190178e-01  -6.9950431e-02   2.6840273e-03  -7.1777040e-04   5.0573204e-03
   1.5556051e-01  -1.8574669e-01  -1.5531159e-02   2.3874604e-03  -4.0369840e-04   4.8684339e-03
   1.5031490e-01  -1.9751630e-01   1.4056963e-02   2.8970490e-05  -5.1791831e-04   4.8903415e-03
   1.4507685e-01  -2.0273183e-01   5.2068027e-02  -2.9303247e-03   1.3839053e-04   4.4008920e-03
   1.2288765e-01  -1.9206932e-01   1.0392311e-01  -7.0802669e-03   1.1453586e-03   4.1714134e-03
   1.1542292e-01  -2.5789434e-01   9.1640867e-02  -4.3061845e-03   5.1489190e-04   3.6129647e-03
   6.3801329e-02  -2.8929202e-01   9.8432250e-02  -7.3302562e-04   1.1488416e-03   2.7604025e-03
   9.8477811e-02  -2.3472700e-01   7.3743496e-02  -1.7284756e-03   8.9975262e-04   4.0291365e-03
   1.3025029e-01  -2.1917511e-01   7.4777305e-03  -1.1800023e-03   3.3582656e-04   4.3220006e-03
   9.9899706e-02  -2.3646297e-01   6.0374108e-02  -9.0522525e-04   2.7635458e-04   4.1039885e-03
   9.8822485e-02  -3.0810143e-01   8.1798524e-02  -2.2406092e-03   4.8111766e-04   3.5000197e-03
   1.4068728e-01  -1.9184221e-01   1.3344123e-02  -4.3221292e-03   2.3066680e-04   3.6884335e-03
   1.5162193e-01  -2.3767464e-01  -1.0236186e-01  -8.0547856e-04   2.5266289e-04   4.0204242e-03
   1.4599057e-01  -2.3497804e-01   3.5069986e-02   3.5440628e-04  -6.2851880e-05   4.0269478e-03
   1.4142268e-01  -2.6325324e-01   6.9374557e-02  -1.2655339e-03  -1.6748546e-05   3.9031603e-03
   1.5439776e-01  -2.6508954e-01   2.6057844e-02   4.3200813e-04   1.3858206e-05   4.3240760e-03
   1.4841510e-01  -2.6487598e-01  -2.5537869e-02   1.2741084e-03  -1.2882795e-04   4.2844107e-03
   1.6365161e-01  -2.3394210e-01  -5.1730727e-02   2.0659330e-03  -6.1021118e-04   4.5866418e-03
   1.6672104e-01  -2.6691369e-01   2.8408738e-03   1.5532218e-03  -6.3514876e-04   4.6599490e-03
   1.6746211e-01  -2.4211907e-01  -4.1923657e-02   1.0359448e-03  -3.5057003e-04   4.8359693e-03
   1.6384002e-01  -2.4198753e-01  -7.4909106e-02   1.1505107e-03  -8.4441204e-04   4.7233665e-03
   1.5511984e-01  -2.4835668e-01   6.8103882e-02  -1.4444476e-03  -6.7315677e-04   4.2391802e-03
   1.4255814e-01  -2.6315904e-01  -3.3895579e-02  -9.3604517e-05  -7.7983900e-04   3.9848365e-03
   1.2791689e-01  -2.8047509e-01  -1.4379336e-04  -1.2839033e-04  -3.7979555e-04   3.9347535e-03
   1.3092052e-01  -2.6731712e-01   3.0665347e-03  -6.6808753e-04  -3.6548821e-04   3.9390174e-03
   1.2362257e-01  -2.7995334e-01  -5.5425818e-03  -9.7503085e-04  -8.5436286e-05   3.7996557e-03
   1.1831734e-01  -2.8986550e-01   5.5410033e-02  -1.6355117e-03  -8.1257351e-05   3.9149971e-03
   1.1984736e-01  -3.0759959e-01   8.1929280e-02  -4.5288655e-03  -1.2060320e-04   4.0122946e-03
   1.3236350e-01  -3.4032876e-01   1.1315066e-01  -7.1944695e-03   2.9249362e-05   4.2381590e-03
   1.3804598e-01  -3.3952323e-01   8.6148690e-02  -3.9183546e-03   5.2634694e-04   5.1204968e-03
   1.4223115e-01  -3.3951857e-01   1.5061332e-01  -6.0948117e-03   5.9216791e-04   4.7335082e-03
   1.3705692e-01  -3.1309722e-01   2.7129194e-01  -8.6669179e-03   4.4951445e-04   5.1762597e-03
   1.1595070e-01  -3.0077146e-01   1.6557918e-01  -9.1624410e-03   5.7188542e-04   5.5103579e-03
   1.1948095e-01  -3.8695703e-01  -4.5138168e-02  -2.2017651e-03   6.9725665e-04   5.7258845e-03
   1.2316028e-01  -3.0695884e-01   1.0045857e-01  -8.0473443e-03   1.0554643e-03   4.9998086e-03
   1.2967039e-01  -3.1691087e-01  -2.6269649e-02  -4.8535011e-03   1.4504915e-03   5.0532438e-03
   1.4838560e-01  -3.1961633e-01  -6.3038604e-02  -5.1047811e-03   4.5459684e-04   5.1752618e-03
   1.5756774e-01  -3.5081706e-01   8.6281519e-02  -4.2137221e-03   1.3689513e-04   6.1291922e-03
   1.4719713e-01  -3.1933237e-01   8.7394468e-02  -3.0584846e-03   2.5824745e-04   6.2109879e-03
   1.5454846e-01  -3.1150063e-01  -4.9106706e-02  -1.8606912e-03   9.6258727e-05   6.1916740e-03
   1.4374646e-01  -3.3996874e-01   1.0521178e-01   6.9897461e-04   3.7384404e-04   5.8902252e-03
   1.4897147e-01  -3.3451872e-01   1.5381029e-01   9.7428497e-04   5.7841473e-04   5.8253068e-03
   1.5311332e-01  -3.1809831e-01   9.8305205e-02   2.1869065e-03   6.4132353e-04   6.2170598e-03
   1.6649293e-01  -2.7296967e-01  -6.1223539e-03   2.2234342e-03   3.2199576e-04   6.3717857e-03
   1.5849162e-01  -3.0118156e-01   1.6087113e-02   3.1838814e-03   1.2115415e-04   6.0098021e-03
   1.5785675e-01  -3.3877946e-01   6.1206202e-02   4.2349557e-03  -1.3144727e-04   5.9798987e-03
   1.8335000e-01  -3.1717749e-01   1.1281265e-02   3.2547899e-03  -4.2106733e-04   6.3550597e-03
   1.7060254e-01  -3.0440364e-01  -2.5264843e-02   3.3472212e-03   1.3831173e-04   6.1827802e-03
