   1.2686463e-14   0.0000000e+00  -3.5128568e-15   0.0000000e+00  -8.3523897e-53  -3.7615819e-37
  -7.4039116e-03   2.8542641e-02  -1.5158127e-02   3.3697364e-04   9.2455975e-05   2.3533600e-04
   5.8810493e-03  -1.8558135e-02  -2.9601442e-02   8.3507713e-04  -5.1579278e-04   4.8298381e-04
   1.1409967e-02   4.1174638e-02   7.1953853e-03   6.4059600e-04  -5.0128604e-04   4.8743036e-04
   3.1496898e-02   1.6574569e-02   5.2127501e-04   1.4146820e-03  -8.3781195e-04   5.0876804e-04
   1.7419958e-02   1.2313592e-02   3.2111431e-02   2.8068945e-04  -6.0831418e-04   2.2914306e-04
   1.1007186e-02   6.1548359e-02   7.8152895e-02  -1.0173069e-03  -5.2067685e-04   7.6795639e-06
   3.1668748e-03   4.0557657e-02   7.7086489e-02  -5.6697164e-04  -5.7112181e-04  -7.2305420e-05
   9.9784605e-03  -2.4386205e-03   5.4039107e-02   2.3911180e-04  -9.6821086e-04  -1.4059273e-05
  -3.2196242e-03   1.2731907e-02   3.0397309e-02   4.6851238e-04  -8.1839917e-04  -2.3787361e-04
  -1.7921493e-02  -1.5250001e-01  -6.2762991e-02   3.9803778e-03  -2.4507852e-04   1.0094337e-04
  -2.8664864e-02  -7.2346055e-03  -3.4866027e-02   2.9538881e-03  -4.1083297e-04  -1.5040595e-04
  -2.7764607e-02   4.7590161e-02   1.7802936e-02   5.8517285e-04  -3.5496466e-04   7.8404032e-05
  -2.7503972e-02   7.2436403e-02  -1.4458955e-01   5.3870783e-05  -3.8061071e-04  -2.1884096e-04
  -1.2282601e-02   8.1001985e-02  -1.8777333e-01  -7.8701179e-04  -4.4017680e-04  -4.4610590e-05
  -1.0976996e-02   8.5503375e-02  -2.3681618e-01  -1.4218237e-03  -3.6092188e-04  -2.3694101e-04
  -1.3988851e-02   9.4119901e-02  -2.7202820e-01  -2.0497182e-03  -6.4385729e-04  -1.7749937e-04
  -2.6899752e-02   1.1468330e-01  -3.3519169e-01  -1.5519165e-03  -1.6294510e-03  -6.6017417e-04
  -1.8906787e-02   1.2314492e-01  -4.3171565e-01  -8.5166605e-04  -1.9017271e-03  -5.9964382e-04
   2.1070097e-02   1.0133052e-01  -4.0076376e-01  -2.2238734e-03  -6.9660341e-04   1.8236705e-03
   2.7734317e-02   7.1489367e-02  -5.6667103e-01   7.8464284e-04  -1.9311205e-03   1.1373123e-03
   2.3068497e-02   7.9531816e-02  -5.6226251e-01   6.6107254e-04  -2.5423236e-03   7.8555240e-04
   3.1185441e-02   1.1168898e-01  -5.6775911e-01   6.9816280e-04  -2.9384035e-03   8.8793212e-04
   2.9655899e-02   7.0456335e-02  -5.8481671e-01  -2.1120619e-04  -3.1870499e-03   8.0780484e-04
   4.0221912e-02   1.2525362e-01  -6.1372757e-01   1.4443923e-04  -3.7571918e-03   1.6272104e-03
   3.6284250e-02   8.3813641e-02  -6.0259748e-01   2.0957088e-04  -3.8219582e-03   1.8511753e-03
   3.6399853e-02   6.4427342e-02  -5.7125262e-01  -5.9949450e-04  -3.7935262e-03   1.9036465e-03
   1.5947045e-02   1.0653832e-01  -7.2470180e-01  -1.2383631e-04  -3.9990087e-03   1.3969807e-03
  -2.8728052e-03   1.3738548e-01  -7.8885205e-01  -1.5773793e-03  -4.1649739e-03   5.9967767e-04
  -2.0670384e-02   1.9556458e-01  -7.1286477e-01  -4.0552035e-03  -4.3042288e-03   1.8882034e-04
  -1.2626831e-02   2.1736183e-01  -7.9911851e-01  -2.5854305e-03  -5.1740622e-03  -2.8960491e-04
  -1.2194439e-02   2.1707089e-01  -7.5356777e-01  -2.0050500e-03  -5.7711100e-03   4.5128378e-04
  -6.4874485e-03   2.1616131e-01  -8.4400065e-01  -5.9448339e-04  -6.2368420e-03   2.9969474e-05
  -8.8048011e-03   2.2979145e-01  -9.2497504e-01   1.7753234e-03  -6.3506204e-03   1.5350930e-04
   1.2354635e-02   2.2353819e-01  -1.0335662e+00   5.3684600e-03  -7.6268468e-03   3.8126027e-04
   2.5277222e-02   1.7995848e-01  -1.0562108e+00   6.7160484e-03  -8.0638464e-03   8.8545991e-04
   4.2533326e-02   2.1169505e-01  -9.6946878e-01   2.7735575e-03  -6.0880506e-03   2.0248559e-03
   2.7338201e-02   2.1203135e-01  -9.1218156e-01   1.6550365e-03  -5.9424378e-03   2.1801342e-03
   2.8041697e-02   2.0301869e-01  -9.5198180e-01   2.3728262e-03  -6.1143341e-03   1.9139796e-03
  -2.7327790e-03   1.7155042e-01  -8.9954145e-01   1.6468383e-03  -5.7951643e-03   1.6411225e-03
   5.7324558e-03   1.9429762e-01  -9.3343385e-01   2.5195548e-03  -6.3675358e-03   1.6872479e-03
  -4.7292149e-03   2.0151147e-01  -9.1808477e-01   2.0810455e-03  -6.6053522e-03   1.4623467e-03
  -1.0150193e-02   1.8686800e-01  -9.4090831e-01   2.6568177e-03  -6.8899453e-03   1.3803021e-03
  -1.2348804e-02   2.2244571e-01  -9.0645718e-01   1.0928688e-03  -7.6399740e-03   9.4431167e-04
   3.8827003e-04   2.3047424e-01  -9.0488248e-01   1.8949857e-03  -8.0131668e-03   7.8186107e-04
   1.2446877e-03   2.4503195e-01  -8.6195832e-01  -2.1439118e-04  -8.2318870e-03   3.8198878e-04
  -7.1754618e-03   1.8104737e-01  -8.4370772e-01   1.7897104e-04  -7.3007457e-03   7.2067199e-04
   9.7724645e-03   2.1422421e-01  -9.1092305e-01   1.6663451e-03  -7.7310136e-03   6.7537886e-04
   9.2247190e-03   1.6529818e-01  -8.9603259e-01   1.6920762e-03  -7.4467568e-03   3.7802952e-04
   1.4219495e-02   2.1865014e-01  -1.0050787e+00   2.8623455e-03  -7.5139513e-03   2.6901282e-04
   2.2922071e-02   1.8884759e-01  -9.5478524e-01   2.0969784e-03  -8.0556886e-03   1.1008823e-04
   1.4795756e-02   2.0359346e-01  -9.3810450e-01   2.7442356e-03  -8.1775066e-03   1.0913210e-04
   1.3055091e-02   2.1679423e-01  -9.5324808e-01   3.7178662e-03  -8.3937459e-03  -2.0617297e-04
   1.0813617e-02   1.8569207e-01  -8.1959546e-01   2.1185425e-03  -8.5487435e-03  -5.0952470e-05
  -1.0527140e-02   2.2046660e-01  -9.0090836e-01   1.7388511e-03  -8.3628387e-03  -4.0901004e-04
  -3.4986078e-02   2.5352337e-01  -9.1698466e-01   1.2526538e-03  -8.2654471e-03  -1.2712132e-03
  -2.6332910e-02   2.5211929e-01  -9.6097997e-01   2.1894334e-03  -8.4552114e-03  -1.6176019e-03
  -4.5202543e-02   2.5274735e-01  -1.0048455e+00   4.2772955e-03  -9.1329729e-03  -2.4514246e-03
  -5.9600271e-02   2.5383892e-01  -1.0520392e+00   4.2723568e-03  -9.8832504e-03  -3.1779212e-03
  -6.1853262e-02   2.3809575e-01  -1.0321781e+00   5.7893194e-03  -1.0018399e-02  -3.1363412e-03
  -6.3278182e-02   2.8028667e-01  -1.0371111e+00   5.9021208e-03  -9.8919110e-03  -3.4672836e-03
  -6.6889686e-02   2.8057052e-01  -1.1243877e+00   8.9724188e-03  -1.0288792e-02  -3.7507333e-03
  -6.6471007e-02   2.8529512e-01  -1.1048577e+00   9.3588231e-03  -1.0231725e-02  -3.6688862e-03
  -7.6865316e-02   2.9627343e-01  -1.0304436e+00   9.2922102e-03  -1.0180970e-02  -3.9482283e-03
  -7.7432590e-02   3.3001723e-01  -1.0119976e+00   9.3990459e-03  -1.0341229e-02  -4.1978059e-03
  -8.2121612e-02   3.1919978e-01  -1.0676820e+00   9.6894088e-03  -1.0306706e-02  -4.1871144e-03
  -6.9144669e-02   3.4172604e-01  -1.0287249e+00   8.4931387e-03  -9.9418057e-03  -4.0650976e-03
  -7.4356518e-02   3.3619860e-01  -1.0594178e+00   8.6128532e-03  -9.9159839e-03  -4.1925614e-03
  -7.4817999e-02   3.0704359e-01  -1.1053386e+00   1.1347678e-02  -1.0282640e-02  -4.1704857e-03
  -4.8420719e-02   2.8804050e-01  -1.0744968e+00   7.5160000e-03  -8.8892226e-03  -3.0573533e-03
  -2.2988074e-02   1.7653941e-01  -9.2835939e-01   5.7803260e-03  -7.4811051e-03  -1.8870376e-03
  -4.6869056e-02   2.0736924e-01  -9.5084194e-01   5.5758324e-03  -6.3195646e-03  -2.1357971e-03
  -6.0994324e-02   2.2518826e-01  -9.2558438e-01   4.7816009e-03  -6.8312625e-03  -2.9390316e-03
  -6.8554210e-02   2.1373129e-01  -9.2128201e-01   5.5429600e-03  -6.6800091e-03  -3.0949540e-03
  -6.9116201e-02   1.7949141e-01  -8.9137643e-01   5.4288296e-03  -6.7503541e-03  -3.2858698e-03
  -7.2345962e-02   2.3333436e-01  -8.6236982e-01   4.5164617e-03  -6.4599793e-03  -3.2861175e-03
  -5.8822438e-02   1.5540706e-01  -8.6676604e-01   5.2368275e-03  -6.0018594e-03  -2.8143746e-03
  -6.3767207e-02   2.1891336e-01  -7.0794687e-01   3.7865205e-03  -5.5025120e-03  -2.5831033e-03
  -4.0791357e-02   1.2748082e-01  -6.3970146e-01   4.7723165e-03  -5.3298808e-03  -1.4439172e-03
  -4.0168034e-02   2.0675078e-01  -7.7820380e-01   5.0439581e-03  -6.1950125e-03  -2.2311168e-03
  -5.8519494e-02   1.8171474e-01  -9.6306369e-01   5.9172859e-03  -7.1274391e-03  -4.0074924e-03
  -3.9817706e-02   2.3252542e-01  -1.0654225e+00   8.9926288e-03  -8.3095708e-03  -4.4906234e-03
  -5.7895219e-02   2.2746331e-01  -1.0823957e+00   7.9872120e-03  -7.9540273e-03  -4.5535364e-03
  -5.6807339e-02   1.9968905e-01  -1.0454015e+00   8.7865941e-03  -8.0906498e-03  -4.4355956e-03
  -7.2113733e-02   2.3433228e-01  -9.8911317e-01   9.1278499e-03  -8.4257915e-03  -4.3358023e-03
  -8.8912216e-02   2.4110187e-01  -1.0261916e+00   1.0433380e-02  -8.3590693e-03  -4.7124677e-03
  -9.1498626e-02   2.4307234e-01  -1.0138165e+00   1.0382066e-02  -8.5244473e-03  -4.8258587e-03
  -9.1247179e-02   2.4987073e-01  -1.0204992e+00   1.0923135e-02  -8.7972664e-03  -5.0710878e-03
  -9.8057810e-02   2.4774423e-01  -9.7481508e-01   1.1343017e-02  -8.9526794e-03  -5.2880406e-03
  -1.1760213e-01   3.1209104e-01  -9.7515552e-01   9.7403226e-03  -8.3811279e-03  -5.6091382e-03
  -1.2600823e-01   2.7197129e-01  -1.0121071e+00   1.0426297e-02  -8.7102421e-03  -5.7744107e-03
  -1.3915359e-01   2.9093965e-01  -9.7404118e-01   9.6783004e-03  -8.7338475e-03  -5.9977610e-03
  -1.3835585e-01   3.1158891e-01  -9.7021087e-01   1.0017930e-02  -8.6546811e-03  -5.9340745e-03
  -9.4819378e-02   2.7892959e-01  -1.0694820e+00   8.4091530e-03  -7.4977170e-03  -4.7852357e-03
  -4.6192857e-02   2.1815823e-01  -9.4712382e-01   7.2197775e-03  -7.0923093e-03  -3.2768568e-03
  -4.2048230e-02   2.2539268e-01  -9.2132060e-01   8.7696913e-03  -6.9307108e-03  -2.7154773e-03
  -4.0544982e-02   2.5106323e-03  -1.1141164e+00   1.1627650e-02  -5.5375644e-03  -1.7664719e-03
  -3.1680717e-02   1.9713443e-01  -1.0465613e+00   1.0127456e-02  -5.4408635e-03  -1.6967649e-03
  -4.9913254e-02   2.5454485e-01  -9.9968525e-01   8.5152360e-03  -5.1749057e-03  -2.0274266e-03
  -5.8249723e-02   2.4622032e-01  -9.7650156e-01   7.7460239e-03  -5.5812693e-03  -2.3355614e-03
  -4.8580516e-02   1.5112162e-01  -8.6703730e-01   6.1911463e-03  -5.7242558e-03  -2.6563624e-03
  -2.9111870e-02   2.2973497e-01  -8.8154035e-01   4.8403421e-03  -5.3012907e-03  -1.5288932e-03
  -3.8333217e-02   1.9907991e-01  -9.6504222e-01   4.1025379e-03  -5.3707853e-03  -2.0390279e-03
  -4.2547290e-02   2.3199249e-01  -1.0415932e+00   4.0430969e-03  -6.2405647e-03  -2.6152696e-03
  -5.2533701e-02   2.7557391e-01  -1.1140367e+00   5.5402651e-03  -6.8057119e-03  -3.5444718e-03
  -6.5820769e-02   2.7725218e-01  -1.1414574e+00   5.3890283e-03  -7.6042073e-03  -4.5078988e-03
  -7.6556081e-02   2.5432552e-01  -1.1788155e+00   6.3706621e-03  -7.9296491e-03  -4.9867789e-03
  -9.0423158e-02   2.5555390e-01  -1.1639132e+00   7.2241056e-03  -8.5560570e-03  -5.3926724e-03
  -8.8374813e-02   2.7623277e-01  -1.1471060e+00   8.9204074e-03  -8.6285232e-03  -4.9000242e-03
  -9.5029050e-02   2.8242546e-01  -1.1275027e+00   1.0507727e-02  -8.8833835e-03  -4.5479149e-03
  -8.0259209e-02   2.5479816e-01  -1.1901741e+00   1.2812558e-02  -9.4060689e-03  -4.8837082e-03
  -9.9785399e-02   2.5093922e-01  -1.1881625e+00   1.1755891e-02  -9.1420919e-03  -4.8910450e-03
  -1.0831603e-01   2.9378166e-01  -1.1691134e+00   1.1400011e-02  -8.7826962e-03  -5.0594692e-03
  -1.0164638e-01   3.1539853e-01  -1.1806732e+00   1.2087373e-02  -8.4280476e-03  -4.8623901e-03
  -9.4856347e-02   2.9114540e-01  -1.1744053e+00   1.2237132e-02  -8.7153157e-03  -4.5838429e-03
  -1.0732427e-01   3.0891234e-01  -1.1230699e+00   1.2402430e-02  -8.9979714e-03  -4.7160242e-03
  -9.7528596e-02   3.3124797e-01  -1.1423610e+00   1.2110413e-02  -8.7176683e-03  -4.7966542e-03
  -8.6162907e-02   3.0628430e-01  -1.1134726e+00   9.3884667e-03  -7.4582162e-03  -3.9070443e-03
  -6.0339488e-02   2.6902090e-01  -9.9496250e-01   5.5317539e-03  -7.0431552e-03  -3.0448093e-03
  -5.2231352e-02   2.0546943e-01  -1.0141402e+00   9.1551748e-03  -6.8814523e-03  -2.8108615e-03
