   0.0000000e+00   0.0000000e+00  -1.7763568e-15   1.3877788e-17   0.0000000e+00   0.0000000e+00
   1.2630156e-02  -6.7982430e-02   1.0254097e-01   5.4514322e-04  -5.0147958e-04  -7.1475418e-05
   2.9081733e-02  -6.9637869e-02   8.7591684e-02   3.5112629e-04  -5.1207887e-04   1.8536071e-04
   2.2292007e-02   1.0598448e-02   8.9674948e-02  -9.3252010e-04  -5.9815652e-04   7.4623992e-04
   1.2685682e-03  -2.7779350e-02   1.3900665e-01  -4.6108397e-04   3.0678946e-04   8.1991698e-04
   2.0970049e-02   3.7386131e-02   7.7574940e-02  -1.4097796e-03   4.1968071e-04   1.2149782e-03
   2.0190097e-02   3.6656923e-02   9.4707257e-02  -1.4392436e-03   4.0496170e-04   1.3998048e-03
  -4.2143924e-03   2.3431495e-02   1.4815741e-01  -1.6634044e-03   6.4345082e-04   1.2990827e-03
   1.1425355e-02   7.6540036e-02   6.1919606e-02  -2.5862114e-03   6.4135039e-04   1.2997003e-03
   9.0179149e-03   6.0164610e-02   9.7887876e-02  -2.8060515e-03   8.9709002e-04   1.5943588e-03
   2.2007193e-02   5.1536280e-02   4.9119070e-02  -2.3538929e-03   6.6974430e-04   1.4276972e-03
   4.4645530e-03   7.2685611e-02   1.0263409e-01  -2.6998032e-03   9.1231781e-04   1.5288744e-03
   1.9001455e-02  -1.3418770e-01   2.0206079e-01  -2.0062539e-03   7.0443177e-04   1.2066627e-03
  -1.2545317e-02  -9.3417718e-02   1.7654754e-01  -1.9867533e-03   7.8580077e-04   1.2426340e-03
  -1.3422503e-02   5.0931361e-03   1.4513481e-01  -3.4470361e-03   5.8831258e-04   1.3349432e-03
  -3.1665413e-02  -3.8039375e-02   1.9642014e-01  -3.0779317e-03   1.1837293e-03   8.6528294e-04
  -2.9211248e-02  -1.2438787e-02   1.2993128e-01  -2.9735208e-03   7.8815876e-04   6.8678892e-04
  -3.5602466e-02   2.2558074e-02   1.2728129e-01  -2.7770735e-03   1.3252912e-03   1.1218673e-03
  -3.4732326e-02  -4.2257783e-03   1.5876443e-01  -3.1963411e-03   1.6660045e-03   8.7571954e-04
  -3.3215135e-02   6.4785392e-02   1.2857613e-01  -3.3768400e-03   1.7393021e-03   1.7899711e-03
  -4.6031071e-02   2.4796878e-02   1.6235706e-01  -3.8045337e-03   1.6661308e-03   1.8067653e-03
  -4.8739942e-02   5.4030516e-02   1.3786111e-01  -3.8843924e-03   1.6294865e-03   1.8453235e-03
  -4.1144689e-02   1.3032185e-02   1.6337656e-01  -3.6525954e-03   1.5309714e-03   1.7952911e-03
  -4.3502185e-02   7.1178157e-02   1.2865582e-01  -4.3370758e-03   1.7509364e-03   2.2509839e-03
  -4.5474610e-02   3.8802857e-02   1.5830837e-01  -4.0067951e-03   1.8488875e-03   2.3264443e-03
  -4.4409690e-02   5.8358776e-02   1.2629617e-01  -4.2003264e-03   1.5212019e-03   2.2996816e-03
  -5.7269108e-02   8.1115067e-02   1.2885490e-01  -4.5415571e-03   1.8405926e-03   2.4763140e-03
  -4.2250701e-02   5.0932492e-02   1.5450721e-01  -3.9594608e-03   1.8283184e-03   2.4136744e-03
  -4.4162089e-02   8.5722115e-02   1.1092133e-01  -4.2287935e-03   2.1775013e-03   2.6259306e-03
  -4.3653669e-02   4.4812436e-02   1.4410454e-01  -4.2855048e-03   2.0250688e-03   2.4727512e-03
  -3.8535615e-02   6.2229317e-02   9.9379101e-02  -3.9228577e-03   1.9998145e-03   2.2210444e-03
  -4.1269860e-02   6.3366226e-03   1.1770991e-01  -4.4906548e-03   2.1949681e-03   2.5458443e-03
  -3.6659002e-02   6.1251969e-02   9.5115999e-02  -5.0713641e-03   2.0277421e-03   3.5233840e-03
  -4.3328752e-02   6.7665514e-02   9.4871062e-02  -4.6640716e-03   2.4178541e-03   3.7940517e-03
  -4.8537018e-02   5.3239490e-02   1.1207851e-01  -4.6502525e-03   2.4814825e-03   3.1145625e-03
  -5.0582027e-02   7.2823427e-02   1.2034230e-01  -4.6446188e-03   2.4574159e-03   3.4055798e-03
  -5.5713617e-02   4.4095466e-02   1.5573905e-01  -5.0730134e-03   2.4316246e-03   3.3863392e-03
  -4.9824844e-02   7.2560884e-02   9.9928839e-02  -4.9722653e-03   2.7455080e-03   4.0530196e-03
  -5.8174332e-02   3.8372004e-02   1.3255676e-01  -5.2400478e-03   2.5856606e-03   3.8512360e-03
  -5.6412712e-02   2.3922925e-02   8.8928516e-02  -4.7209367e-03   2.3862253e-03   3.8646355e-03
  -6.0447843e-02   5.6600953e-02   1.1291187e-01  -4.8380925e-03   2.1984638e-03   4.1044252e-03
  -6.0282494e-02   3.7756730e-02   1.5252662e-01  -5.1897737e-03   2.3120085e-03   3.9673128e-03
  -6.3065039e-02   5.8871509e-02   1.0293030e-01  -4.9724582e-03   2.4206183e-03   4.2578036e-03
  -7.2316865e-02   4.7839708e-02   1.4554841e-01  -4.9417311e-03   2.7733217e-03   4.1380994e-03
  -6.1816475e-02   3.8520275e-02   1.0654652e-01  -4.4951582e-03   2.5333690e-03   3.8382017e-03
  -7.0508311e-02   3.7154217e-02   1.1812316e-01  -4.7493634e-03   2.5649212e-03   3.7045721e-03
  -6.8941425e-02   3.4608246e-03   1.2315132e-01  -5.1335277e-03   2.1897157e-03   3.7230777e-03
  -6.1535462e-02   4.8620647e-02   8.9746691e-02  -5.0008594e-03   2.2247698e-03   4.0195303e-03
  -4.9572135e-02   3.4569351e-02   9.4246710e-02  -4.6781185e-03   2.3490850e-03   4.2117764e-03
  -6.7004379e-02   1.2099691e-02   8.7205367e-02  -4.8999041e-03   2.5084409e-03   4.0663057e-03
  -7.5037600e-02   4.7109126e-02   7.6624756e-02  -5.0939069e-03   3.0023560e-03   4.6002138e-03
  -6.1893527e-02  -5.5051734e-03   1.5676571e-01  -4.7589910e-03   2.7738220e-03   4.2277732e-03
  -6.3722921e-02   2.8865779e-02   9.6413374e-02  -4.5852332e-03   2.6878821e-03   4.2982649e-03
  -6.4269968e-02   5.2008784e-02   9.3598785e-02  -4.8997160e-03   2.6958094e-03   4.5178925e-03
  -7.8383628e-02   7.1536362e-03   1.3778198e-01  -4.5883865e-03   2.9227071e-03   4.5580702e-03
  -7.2611271e-02   4.0678442e-02   7.7065464e-02  -4.7643802e-03   3.1165955e-03   4.8348110e-03
  -6.3584363e-02   4.7199175e-02   8.1943469e-02  -4.9354673e-03   3.0940360e-03   5.1123058e-03
  -7.4040943e-02  -3.7157856e-03   1.5929801e-01  -4.7764682e-03   3.1809585e-03   4.5477297e-03
  -7.1127525e-02   1.1283434e-02   7.4050491e-02  -5.1746426e-03   3.2061968e-03   4.7352273e-03
  -8.6851873e-02   5.5519698e-02   5.4574054e-02  -5.4222528e-03   3.6964995e-03   5.3327900e-03
  -8.2270154e-02  -2.7068281e-03   1.1502678e-01  -5.2509932e-03   3.5730360e-03   5.1795982e-03
  -8.7530137e-02   7.7651632e-03   6.5816261e-02  -4.9370096e-03   3.5177369e-03   5.0847333e-03
  -8.8861370e-02   1.2722576e-03   6.4357535e-02  -5.0694295e-03   3.7908342e-03   5.3061286e-03
  -9.5837599e-02  -1.5929697e-04   4.8944971e-02  -4.6327616e-03   3.9420848e-03   5.0389155e-03
  -9.3450901e-02   2.2043542e-02   3.6948665e-02  -4.9836902e-03   3.8750311e-03   5.0711413e-03
  -9.1870805e-02  -3.9233051e-02   1.1553845e-01  -5.0567076e-03   4.0864931e-03   4.9275487e-03
  -9.2563728e-02  -1.8140787e-02   8.0202901e-02  -5.0571144e-03   3.8981132e-03   4.7740912e-03
  -1.0132309e-01   1.9519752e-03   8.5895852e-02  -4.9809213e-03   4.1707317e-03   4.8894708e-03
  -7.5599213e-02  -1.9073465e-01   2.1468349e-01  -4.6047268e-03   3.3020461e-03   4.1940722e-03
  -7.7626104e-02  -2.1906098e-01   3.1287083e-01  -4.9023646e-03   3.0251954e-03   3.7373474e-03
  -1.1030709e-01  -2.1597344e-02   2.1921567e-01  -6.2660016e-03   3.4565430e-03   3.0237972e-03
  -1.1547011e-01  -2.3135230e-02   2.5307438e-01  -6.2768665e-03   3.8869675e-03   3.3332152e-03
  -1.1383040e-01  -1.2599885e-01   2.5933024e-01  -5.5785804e-03   4.3631675e-03   3.5706673e-03
  -9.8178395e-02  -6.4550632e-02   2.4296483e-01  -5.6736463e-03   4.1163110e-03   4.1825088e-03
  -1.0405809e-01  -1.1714115e-01   3.2531233e-01  -6.1947941e-03   3.9303545e-03   3.2477883e-03
  -1.0210380e-01  -1.1796944e-01   2.5043879e-01  -5.8144053e-03   4.0421966e-03   2.7905680e-03
  -8.7087928e-02  -7.7502214e-02   2.7074516e-01  -6.1504121e-03   3.7000710e-03   3.2231973e-03
  -8.3369831e-02  -1.9917768e-01   3.6146193e-01  -5.6609100e-03   3.4895108e-03   3.1426825e-03
  -9.1117434e-02  -1.8207731e-01   3.0126076e-01  -4.5633000e-03   3.9758070e-03   3.4971368e-03
  -1.1898542e-01  -1.1097536e-01   3.0214696e-01  -5.4959491e-03   4.2657450e-03   3.4289178e-03
  -9.6451909e-02  -1.4003323e-01   3.0903977e-01  -5.5961396e-03   4.1563980e-03   3.9094848e-03
  -1.1131616e-01  -9.7322891e-02   2.4309328e-01  -5.0621320e-03   4.1966997e-03   3.9028076e-03
  -1.1602497e-01  -6.3015302e-02   2.8180950e-01  -5.7458039e-03   4.1719812e-03   3.5722585e-03
  -7.5524077e-02  -1.3947707e-01   3.3692755e-01  -5.7473702e-03   3.3338181e-03   3.6491269e-03
  -1.0489804e-01  -5.5558313e-02   2.4012090e-01  -6.3731699e-03   4.0381325e-03   4.3370977e-03
  -1.0916000e-01  -1.6448479e-02   2.3225638e-01  -7.1144031e-03   4.2416210e-03   4.3652965e-03
  -9.7314909e-02  -1.0048729e-01   2.9670268e-01  -6.8351006e-03   4.1719332e-03   3.8917146e-03
  -1.0239701e-01  -8.5977103e-02   2.2170242e-01  -6.5103175e-03   3.8971165e-03   3.7250572e-03
  -1.1591000e-01  -7.2218941e-02   2.5703740e-01  -6.8694399e-03   3.9843269e-03   3.8948106e-03
  -1.0738835e-01  -1.3425729e-01   2.3799083e-01  -6.9075046e-03   3.7955014e-03   3.9347223e-03
  -1.0116694e-01  -9.4826424e-02   2.3649425e-01  -6.6254102e-03   3.6135273e-03   4.2825857e-03
  -1.2011699e-01  -1.1097218e-01   2.8409740e-01  -6.9891769e-03   3.3964401e-03   3.7770743e-03
  -1.1661068e-01  -9.2151166e-02   2.5900694e-01  -6.7287333e-03   3.4949964e-03   3.8606390e-03
  -1.1630626e-01  -1.1085599e-01   3.3028304e-01  -6.7385684e-03   3.6354026e-03   4.0296385e-03
  -1.2485561e-01  -1.2099400e-01   2.8444905e-01  -6.5221308e-03   3.6866861e-03   3.5226422e-03
  -1.4922100e-01  -9.9307896e-02   2.6801611e-01  -6.6765338e-03   4.1772647e-03   3.2793999e-03
  -1.2227654e-01  -1.4794002e-01   3.3406973e-01  -6.5359744e-03   3.3006903e-03   2.8064653e-03
  -1.1257339e-01  -1.2782138e-01   2.5310506e-01  -6.1828680e-03   3.2560849e-03   2.9499333e-03
  -1.2786294e-01  -1.1098762e-01   2.7313487e-01  -6.1556913e-03   3.8314112e-03   3.3278688e-03
  -1.2265130e-01  -1.8322449e-01   3.4294593e-01  -5.8348148e-03   3.7131074e-03   3.0715981e-03
  -1.2088220e-01  -9.4809931e-02   2.2980789e-01  -7.7301199e-03   3.3487447e-03   2.0767778e-03
  -1.0221503e-01  -8.6602831e-02   2.4668360e-01  -9.1066116e-03   3.2934427e-03   1.6320390e-03
  -1.0822795e-01  -1.3307452e-01   2.4092964e-01  -8.3771582e-03   3.2618445e-03   1.9062881e-03
  -1.2451650e-01  -1.0451368e-01   2.7923873e-01  -7.8730675e-03   3.4103406e-03   2.0504410e-03
  -9.1439019e-02  -1.5276379e-01   2.7254060e-01  -7.8060573e-03   3.1780892e-03   2.0248080e-03
  -9.6426111e-02  -7.4822177e-02   2.4582964e-01  -8.4475652e-03   3.4654618e-03   2.5007681e-03
  -1.0589579e-01  -1.3299074e-01   3.2153537e-01  -8.1697119e-03   3.6650396e-03   2.2846688e-03
  -9.4835219e-02  -1.0998481e-01   2.5034852e-01  -8.1591247e-03   3.5704483e-03   2.5663009e-03
  -8.5162984e-02  -9.1648717e-02   2.5897266e-01  -8.5324568e-03   3.5568466e-03   2.7184399e-03
  -7.3869605e-02  -1.4791631e-01   3.2792536e-01  -8.6975071e-03   3.2031437e-03   2.3149532e-03
  -8.3074319e-02  -1.5760521e-01   2.7483701e-01  -8.4695577e-03   3.2157953e-03   2.3331212e-03
  -9.1051136e-02  -1.2116676e-01   2.5076126e-01  -8.4701683e-03   3.4421444e-03   2.6590814e-03
  -8.1634776e-02  -1.7664751e-01   3.1214688e-01  -8.2838237e-03   3.2142146e-03   2.5155675e-03
  -1.0090864e-01  -1.2641374e-01   2.5075456e-01  -8.5610634e-03   3.3914368e-03   2.6481210e-03
  -9.4370896e-02  -1.2132472e-01   2.4920524e-01  -8.7390635e-03   3.3433427e-03   2.6136244e-03
  -1.0054424e-01  -1.7317116e-01   2.5800395e-01  -8.6789920e-03   3.4292336e-03   2.0642470e-03
  -1.0822512e-01  -1.0643367e-01   2.2763988e-01  -8.9549160e-03   3.4120101e-03   2.1402307e-03
  -1.0635276e-01  -1.2311305e-01   2.4945735e-01  -8.4936731e-03   3.6499448e-03   2.5776715e-03
  -1.0595655e-01  -1.7981704e-01   2.9689424e-01  -8.1508457e-03   3.4808541e-03   2.1762194e-03
  -1.1535906e-01  -1.4847777e-01   2.5195413e-01  -7.9583769e-03   3.5074378e-03   2.2629511e-03
