   0.0000000e+00   0.0000000e+00   0.0000000e+00   0.0000000e+00   0.0000000e+00   0.0000000e+00
   8.4001304e-03   5.6965408e-02  -3.6628718e-02  -1.1964948e-04  -1.2538111e-04   3.5144349e-04
  -2.3172979e-03   1.4859748e-01  -2.7921506e-02  -4.9291375e-04   2.1691166e-04   5.5020248e-04
  -5.9408634e-03   2.9647154e-02   6.5935629e-02  -6.1208577e-04   1.9868433e-04   4.0561059e-04
   1.1852272e-02   1.0778967e-01   6.9144114e-03  -1.2919222e-03  -1.5323674e-04   8.8466068e-04
  -2.0886929e-03   2.1475349e-01  -1.0589765e-02  -1.8526522e-03   2.0710322e-04   8.2414745e-04
   6.6597487e-03   6.9165513e-02   1.0669499e-01  -9.3917105e-04  -1.0279793e-04   7.9497500e-04
   2.0441854e-02   1.3916035e-01   2.9204476e-02  -1.5478732e-03  -9.9693858e-05   9.7947255e-04
   1.7869431e-02   2.2091782e-01   2.4433350e-02  -1.7843670e-03   1.3445857e-04   1.1664230e-03
   1.6326314e-02   1.0629202e-01   1.2593238e-01  -1.3670386e-03  -2.1288857e-05   9.3569170e-04
   1.5880001e-02   1.8875986e-01   3.9921885e-02  -1.6466987e-03   1.0027071e-04   1.1065233e-03
   1.9907659e-02   1.5762795e-01   8.9042788e-02  -1.7025971e-03   1.0738896e-04   1.1619268e-03
   2.2836474e-02   1.5056252e-01   5.5160839e-02  -1.4537362e-03   1.4962386e-04   1.2825312e-03
   1.7514423e-02   2.0988120e-01   3.0584744e-02  -1.5651141e-03   3.6286149e-04   1.2250036e-03
   1.9001068e-02   8.5184966e-02   1.0355059e-01  -1.4146569e-03   1.2484289e-04   1.3074473e-03
  -5.7816779e-03   9.6947508e-02  -1.5240771e-03  -1.9979319e-03   9.2428387e-05   1.4707171e-03
   2.5565608e-02   8.3744112e-02  -1.1215029e-02   2.6137857e-04   4.3598192e-04   2.3811007e-03
   3.6455712e-02   1.0117632e-01   1.2478806e-01   6.0484915e-04   4.8732714e-04   2.0593699e-03
   1.9161760e-02   5.8741758e-02   2.1459730e-01   5.8940480e-04  -2.8400868e-05   1.7344093e-03
  -3.3684804e-03   1.7416935e-01   1.7746918e-01   4.1719614e-04   6.0607718e-04   1.7882164e-03
   1.6624513e-03   1.2767729e-01   2.9111357e-01   1.3232018e-03   9.0151626e-04   1.9476756e-03
   3.7692419e-03   7.4274271e-02   3.3164061e-01   1.7462680e-03   5.2073242e-04   2.2595776e-03
  -4.6983403e-03   2.1754621e-01   1.9964515e-01   1.0774270e-03   8.9749478e-04   1.9966351e-03
  -1.8907989e-02   1.8083852e-01   3.1243971e-01   1.6136180e-03   1.1369917e-03   2.1881773e-03
   7.2036712e-03   1.4751951e-01   2.7164705e-01   1.5439580e-03   6.7582055e-04   2.7113178e-03
  -3.2795208e-03   2.8532375e-01   1.9303902e-01   3.4690881e-04   1.3638960e-03   2.5332705e-03
  -1.5339036e-03   2.1628465e-01   2.8517141e-01   2.8484300e-04   1.1217839e-03   3.0764194e-03
   7.9003404e-03   2.6385315e-01   2.1844895e-01  -1.4503100e-04   9.3330086e-04   3.1951919e-03
   1.1738454e-02   2.9439897e-01   2.6293014e-01  -7.2691869e-04   1.0077882e-03   2.6487768e-03
   2.9381413e-02   1.6823352e-01   3.6352362e-01  -2.8121217e-05   4.0188942e-04   2.4349734e-03
   3.2281752e-02   2.3065764e-01   2.9002815e-01   1.5008589e-04   4.2570445e-04   2.4378122e-03
   2.9863978e-02   2.5810566e-01   3.2318488e-01   5.0725528e-04   5.9955938e-04   2.4373399e-03
   2.5245039e-02   1.6428730e-01   3.8775613e-01   6.2066799e-04   2.8426517e-04   2.6222547e-03
   2.1817615e-02   2.4752624e-01   2.9951042e-01   5.5588987e-04   5.9942668e-04   2.6574814e-03
   4.5762797e-02   2.7785120e-01   3.1724711e-01  -2.5329723e-04   5.1408986e-04   2.8430687e-03
   9.8007196e-02   2.8641503e-01   2.9305231e-01  -1.8159639e-03   2.2010837e-04   2.2389887e-03
   1.4192148e-01   4.3440980e-01   2.8984430e-01  -7.4829336e-03   4.3216376e-04   8.4346148e-04
   1.3162687e-01   3.7220787e-01   4.5268999e-01  -8.0346906e-03   2.9093421e-04   1.5929097e-03
   1.1743155e-01   2.7955930e-01   4.9812661e-01  -5.6050312e-03  -5.4466186e-05   1.3785976e-03
   7.4749084e-02   3.7258005e-01   4.2445347e-01  -4.7642404e-03   8.0331549e-04   1.4910050e-03
   9.9920141e-02   2.0787267e-01   5.5118803e-01  -2.9056472e-03   6.8963181e-05   1.7200459e-03
   9.5744419e-02   2.5389903e-01   4.6044774e-01  -2.9232519e-03  -5.3636531e-05   2.2616806e-03
   7.4524694e-02   3.0119572e-01   4.3155444e-01  -1.6303932e-03   2.1674969e-04   2.3933616e-03
   8.8547134e-02   1.7109967e-01   5.1300019e-01  -9.1156027e-04  -3.1520353e-05   2.5017465e-03
   8.0848914e-02   2.0856455e-01   4.7748636e-01  -5.8640563e-04   1.4750788e-05   2.6606510e-03
   4.6574470e-02   2.6908508e-01   4.7345331e-01  -7.9371426e-04   5.2962968e-04   2.7675420e-03
   5.3880935e-02   1.4862943e-01   5.4467633e-01   1.2315156e-04   2.7893391e-04   2.7808757e-03
   3.9685825e-02   2.2105851e-01   4.8333610e-01  -3.8947904e-05   5.7012136e-04   2.8104827e-03
   4.8625268e-02   2.3976069e-01   4.9169627e-01  -5.5496015e-05   4.6204594e-04   2.9761118e-03
   5.4353037e-02   1.9216011e-01   5.0809013e-01  -2.4199207e-05   4.8303344e-04   3.2213755e-03
   6.0067767e-02   3.0316896e-01   4.2824764e-01  -1.3202631e-03   7.9172467e-04   2.4984874e-03
   6.4051337e-02   2.0519802e-01   5.5231393e-01  -4.8097889e-04   2.7474825e-04   2.7912184e-03
   6.4827125e-02   1.7234270e-01   5.4277675e-01   1.3340827e-04   2.0180763e-04   2.8417650e-03
   5.5151300e-02   2.8755472e-01   4.6918468e-01  -1.0154245e-04   6.0741115e-04   2.8748442e-03
   5.0798569e-02   1.9160680e-01   5.8154218e-01   8.0045876e-05   7.5676815e-04   2.8526031e-03
   6.0037661e-02   2.0265313e-01   5.2525269e-01   4.5290820e-04   6.2164118e-04   2.9401965e-03
   7.0488440e-02   2.9876652e-01   4.6906329e-01  -7.5586602e-04   7.9181428e-04   2.8558562e-03
   7.5278856e-02   2.2517551e-01   5.6187917e-01  -6.2587649e-04   9.3698261e-04   2.6376460e-03
   6.1145525e-02   2.9659949e-01   5.2306135e-01  -1.4297701e-03   9.7451355e-04   2.6766498e-03
   6.1234029e-02   2.3143047e-01   5.7602697e-01  -9.1735126e-05   7.7963961e-04   2.7554153e-03
   5.3517653e-02   2.0524483e-01   5.7863189e-01   3.5340522e-04   8.4708023e-04   2.9041505e-03
   4.4254025e-02   2.7605150e-01   5.5384854e-01   6.3924729e-04   9.7111361e-04   2.7829233e-03
   4.1135663e-02   1.4297167e-01   6.6135198e-01   1.3242265e-03   7.6883476e-04   3.1601449e-03
   4.1618918e-02   1.7039863e-01   5.8034250e-01   1.6168098e-03   9.1947531e-04   3.2009631e-03
   2.7396011e-02   2.2773785e-01   5.6703877e-01   1.1211880e-03   1.3675261e-03   2.9881909e-03
   3.0728799e-02   1.8918100e-01   5.9484116e-01   8.6255203e-04   1.4799430e-03   3.4429571e-03
   4.8215471e-02   2.9361871e-01   5.2094549e-01  -7.8951744e-04   1.9215558e-03   3.1649016e-03
   8.7998087e-02   3.6439756e-01   5.1847182e-01  -3.3678557e-03   2.0302069e-03   3.1424271e-03
   1.0628253e-01   2.5615269e-01   6.1210460e-01  -2.5856835e-03   1.5752930e-03   3.3642422e-03
   8.8341996e-02   2.9870404e-01   5.5363584e-01  -1.4466344e-03   1.6010072e-03   3.2130326e-03
   6.8378279e-02   2.3977600e-01   6.2681396e-01  -1.0374887e-03   1.8208700e-03   3.1545074e-03
   4.0478283e-02   2.3265950e-01   5.7460439e-01  -1.2077474e-03   2.1016792e-03   3.5354770e-03
   2.6212121e-02   2.9561142e-01   5.3398094e-01  -1.2181596e-03   2.5078947e-03   3.4625669e-03
   4.2831536e-02   1.6755462e-01   6.4864321e-01  -9.1208014e-04   1.9722830e-03   3.2540149e-03
   3.1317803e-02   1.7722153e-01   4.6246449e-01   1.6180705e-04   1.5950494e-03   3.1061676e-03
   3.8504446e-02   1.4766434e-01   4.4189789e-01   3.0625322e-03   1.2322281e-03   3.9001992e-03
   5.2850091e-02   3.5366621e-02   6.6589773e-01   3.3066109e-03   7.6312349e-04   4.0190574e-03
   2.5254976e-02   1.1749026e-01   5.7521984e-01   3.9380110e-03   1.0480622e-03   3.8243670e-03
  -2.7327615e-02   2.2875525e-01   4.9252994e-01   2.8187837e-03   1.3475961e-03   3.8430280e-03
  -1.5506305e-02   1.1652477e-01   6.1066748e-01   3.7791303e-03   1.0445927e-03   4.2973422e-03
   1.4415825e-02   2.3443771e-01   4.7211716e-01   2.5976572e-03   1.3088254e-03   4.0570347e-03
   7.2410804e-02   3.3511167e-01   3.5514928e-01  -3.8606704e-04   1.4990798e-03   3.3825908e-03
   6.5042172e-02   2.3932297e-01   4.7617097e-01  -3.3379217e-04   1.3087767e-03   3.7675842e-03
   4.8189792e-02   2.8078865e-01   3.6103108e-01  -1.1298777e-03   2.3629821e-03   4.7437209e-03
   7.8557016e-02   4.1141139e-01   1.5993257e-01  -4.6248775e-03   3.2050165e-03   3.7792537e-03
   6.7790233e-02   2.8761211e-01   4.1645398e-01  -3.4427820e-03   2.7810855e-03   3.3040318e-03
   6.6207901e-02   3.2540557e-01   4.3282803e-01  -1.7750873e-03   2.4847755e-03   3.5877977e-03
   4.8636948e-02   3.3953303e-01   4.2147258e-01  -7.4058813e-04   2.7293764e-03   3.7738130e-03
   5.7314468e-02   1.6697386e-01   5.8520794e-01   9.3276999e-04   1.8403015e-03   4.0670116e-03
   4.4737093e-02   1.9755709e-01   5.3620698e-01   1.2781244e-03   2.0670261e-03   4.2519549e-03
   2.1326013e-02   2.4396917e-01   5.1504594e-01   1.3338620e-03   2.7081920e-03   3.9491489e-03
   3.0897797e-02   1.7695330e-01   5.9281252e-01   5.4536122e-04   2.9306270e-03   4.6813506e-03
   4.0100297e-02   2.6868533e-01   5.1984310e-01   9.1042723e-05   2.7943262e-03   4.0984725e-03
   4.3331211e-02   2.1298821e-01   6.1746626e-01   1.8137065e-04   2.7372162e-03   4.5672203e-03
   8.9256317e-02   3.0441747e-01   4.3889117e-01  -3.1540828e-03   3.1474014e-03   3.6412640e-03
   1.0083720e-01   3.9294210e-01   4.3885279e-01  -7.4577902e-03   3.9026973e-03   2.5161194e-03
   8.9639778e-02   2.6619455e-01   6.5562589e-01  -6.1925311e-03   3.4537766e-03   3.3324495e-03
   9.5698926e-02   2.3749744e-01   5.7662962e-01  -3.3958166e-03   3.0202491e-03   3.8850587e-03
   7.6688794e-02   3.3730363e-01   4.7160816e-01  -2.9093726e-03   3.1136234e-03   4.2177158e-03
   8.0344782e-02   2.1076861e-01   5.3000030e-01  -1.1289024e-03   2.9312641e-03   4.0513163e-03
   9.5965446e-02   3.3334122e-01   4.2583055e-01  -4.0777393e-03   3.4710114e-03   3.4877541e-03
   1.1912709e-01   4.2504593e-01   3.7303204e-01  -8.4925005e-03   3.2383149e-03   2.8810121e-03
   1.7089875e-01   4.8569128e-01   2.1173469e-01  -1.0973889e-02   4.0890985e-03   1.8157609e-03
   1.8230694e-01   4.3624552e-01   2.9898341e-01  -9.4461689e-03   4.0933240e-03   3.0971528e-03
   1.6987590e-01   3.1967743e-01   4.8246206e-01  -7.8136912e-03   3.6986897e-03   3.6823536e-03
   1.6753332e-01   4.9856998e-01   2.5557604e-01  -1.1267361e-02   4.2238835e-03   2.6751328e-03
   1.7329959e-01   4.0651723e-01   5.9228516e-01  -1.1545495e-02   4.2110885e-03   2.7470621e-03
   1.6209255e-01   4.3576861e-01   5.7885483e-01  -1.0305351e-02   4.4742841e-03   3.1531581e-03
   1.5108896e-01   3.8620446e-01   4.9624453e-01  -9.6413021e-03   5.1892466e-03   3.2956916e-03
   1.4617013e-01   5.0943850e-01   3.3230524e-01  -1.1955033e-02   5.4895309e-03   3.3985574e-03
   1.8867095e-01   5.3486023e-01   3.7784757e-01  -1.3450241e-02   5.2668769e-03   2.7208758e-03
   1.8948574e-01   3.9578980e-01   5.8886082e-01  -1.1132360e-02   4.8615702e-03   3.2821055e-03
   1.6207428e-01   4.5702441e-01   4.8876845e-01  -1.1754258e-02   5.6470937e-03   2.5463266e-03
   1.7503432e-01   3.4538388e-01   5.8662248e-01  -9.5423487e-03   5.1786041e-03   3.2612785e-03
   1.6008639e-01   3.7307734e-01   4.8425061e-01  -8.1927863e-03   5.2603199e-03   3.9317355e-03
   1.6425169e-01   2.2449732e-01   7.5635324e-01  -6.0808048e-03   3.7369576e-03   4.0414198e-03
   1.3755517e-01   2.8956019e-01   6.2942710e-01  -5.3387306e-03   4.3831744e-03   4.1288405e-03
   1.1488292e-01   2.6728123e-01   6.7071167e-01  -4.8871343e-03   4.9450056e-03   3.7741603e-03
   1.0076051e-01   2.4760723e-01   5.6380549e-01  -4.7330020e-03   4.6353232e-03   3.8792623e-03
   1.4109586e-01   3.9931176e-01   5.7021757e-01  -1.0749176e-02   5.4096612e-03   3.0568269e-03
