   0.0000000e+00   0.0000000e+00   0.0000000e+00   0.0000000e+00   0.0000000e+00   8.6736174e-19
   2.8538009e-02   4.5498506e-02  -7.0230662e-02  -1.3618421e-03   8.4774185e-05  -2.8373667e-05
   3.7756155e-02   2.7617383e-02  -1.0371312e-01  -1.5994712e-03   1.7262423e-04   4.8630261e-04
   4.1075944e-02   4.8016368e-02  -1.2427653e-01  -1.8230102e-03   2.7753671e-04   9.7710614e-04
   4.2892895e-02   6.4244589e-02  -1.9565992e-01  -1.2973346e-03   5.9627401e-04   7.8184494e-04
   6.7943789e-02   2.5548981e-02  -1.6317572e-01  -2.5916890e-04   1.8938771e-03   5.8307665e-04
   9.0096782e-02   2.9939121e-02  -1.5307602e-01  -2.3632185e-04   1.8398948e-03   5.1942146e-04
   1.0466937e-01  -8.8717345e-04  -1.3894842e-01   5.3766921e-04   2.5010252e-03   1.0923698e-03
   1.2453213e-01  -9.0243573e-03  -1.4188963e-01   7.4441780e-04   2.5408921e-03   1.3542096e-03
   1.4342636e-01  -2.6887095e-02  -1.3753919e-01   6.4520867e-04   2.3460943e-03   1.4974863e-03
   1.3654756e-01  -3.6403329e-02  -1.2729390e-01   8.6787358e-04   2.4847591e-03   1.5526360e-03
   1.5292341e-01  -4.6638884e-02  -1.3160714e-01   1.6553347e-03   2.6036846e-03   1.8685448e-03
   1.5138995e-01  -5.1992244e-02  -1.0674558e-01   2.2715685e-03   3.2950950e-03   2.2741486e-03
   1.7218055e-01  -9.0065355e-02  -3.9569312e-02   3.3765761e-03   2.8173859e-03   2.8153797e-03
   1.7939491e-01  -4.1286365e-02  -6.4224158e-02   3.1258930e-03   3.3014419e-03   3.1154175e-03
   1.8257024e-01  -7.6904856e-02  -5.0902355e-02   4.4900240e-03   3.4539888e-03   3.6883696e-03
   1.6248553e-01  -6.0281608e-02  -4.4375961e-02   2.8938567e-03   2.9357110e-03   3.3740970e-03
   1.6361202e-01  -3.7605289e-02  -6.2837892e-02   3.0779846e-03   3.6246092e-03   3.3083577e-03
   1.4840357e-01  -6.5045051e-02  -6.6834999e-02   3.4774737e-03   4.0506791e-03   3.3402190e-03
   1.5430390e-01  -5.1419630e-02  -4.2544796e-02   3.2082964e-03   3.8727605e-03   3.3626155e-03
   1.2813166e-01  -7.5663364e-02  -1.0580588e-01   3.6008712e-03   2.6956509e-03   2.7504425e-03
   1.1042615e-01  -7.8568300e-02  -3.1623922e-02   3.7875173e-03   2.4552836e-03   2.4443793e-03
   9.6964302e-02  -2.7057663e-02  -8.2492923e-02   2.0636620e-03   3.7214760e-03   2.2764536e-03
   8.7480166e-02  -1.4815111e-02  -6.2435170e-02   1.4221699e-03   4.0742014e-03   2.1888381e-03
   9.8549118e-02  -5.0471051e-02   4.5058401e-02   2.3247953e-03   3.9958073e-03   1.9786582e-03
   1.0772156e-01  -1.9490510e-02  -4.7201250e-02   1.9123765e-03   4.2969975e-03   1.9052980e-03
   1.0676986e-01  -5.4622524e-02   1.8229058e-02   2.3375790e-03   5.1980763e-03   1.6587725e-03
   1.0628110e-01  -3.4353940e-02   1.9679763e-02   1.6487082e-03   5.5116946e-03   1.1596153e-03
   1.0518945e-01  -1.4431908e-02  -3.7180622e-02   1.0408733e-03   5.3636553e-03   1.3622272e-03
   1.0589759e-01  -5.5662603e-02  -5.2989742e-03   1.5557942e-03   5.7976725e-03   1.1282714e-03
   1.0937526e-01  -2.8936686e-02  -7.0564053e-03   1.2092415e-03   6.1287513e-03   1.1094151e-03
   1.1911884e-01  -6.2128106e-02  -4.3964196e-02   1.7151488e-03   6.3125703e-03   9.9899158e-04
   1.2546708e-01  -4.9970425e-02  -5.4371996e-02   1.1105977e-03   6.3169898e-03   8.7677000e-04
   1.0433789e-01  -3.7855686e-02  -1.0797763e-01   1.3435714e-03   6.4206917e-03   6.9316347e-04
   8.3379719e-02  -6.5084211e-02  -9.0493866e-02   1.9866032e-03   6.1765884e-03   5.3806626e-04
   8.0214006e-02  -5.9273892e-02  -8.0224820e-02   1.8334782e-03   6.5564135e-03   3.9083420e-04
   7.0460362e-02  -5.1869571e-02  -6.1836642e-02   2.1446274e-03   6.5157215e-03   2.9368248e-04
   6.9631853e-02  -4.9652700e-02  -3.0575743e-02   2.7172786e-03   6.9417711e-03   3.9572520e-04
   6.6992833e-02  -7.5669989e-02   5.6366187e-02   3.7090897e-03   6.9636847e-03   5.6425636e-04
   7.5119326e-02  -6.9827925e-02   4.1944789e-02   4.3640391e-03   6.6735915e-03   8.7132157e-04
   7.7094597e-02  -8.1145599e-02   7.9133357e-02   4.9048836e-03   6.4490160e-03   1.4830875e-03
   7.4381553e-02  -8.9926102e-02   1.1070812e-01   5.2821316e-03   6.1251611e-03   1.4489913e-03
   8.1769880e-02  -7.9283895e-02   1.0677970e-01   5.2487637e-03   5.9864804e-03   1.7754767e-03
   8.7660837e-02  -1.3077403e-01   1.8194434e-01   5.7046242e-03   5.6481054e-03   1.9787693e-03
   8.8608535e-02  -1.1980678e-01   1.2717793e-01   6.0442173e-03   5.1116939e-03   1.9088605e-03
   8.7397685e-02  -1.5308748e-01   1.5197536e-01   6.0822982e-03   4.7515412e-03   1.5597846e-03
   8.2002229e-02  -1.5201398e-01   1.8088610e-01   5.5212235e-03   4.5224710e-03   1.4443529e-03
   8.4207068e-02  -1.5157883e-01   1.7149073e-01   5.8463696e-03   4.3271565e-03   1.5462756e-03
   7.8914153e-02  -1.7207618e-01   1.8291497e-01   5.8231328e-03   3.6247227e-03   1.5268362e-03
   7.8519406e-02  -1.3650858e-01   1.4944250e-01   5.3972133e-03   3.4384128e-03   1.5074943e-03
   8.2723276e-02  -1.6569243e-01  -1.0344680e-02   6.1436160e-03   2.0831937e-03   1.2305137e-03
   1.5048204e-01  -2.4595165e-01  -9.9901685e-02   5.6316798e-03   1.0570916e-03   3.4096869e-03
   8.6386353e-02  -2.1459377e-01  -1.3468119e-01   6.0325172e-03   3.4879754e-04   4.0335044e-03
   4.3708376e-02  -1.7017107e-01  -1.0153773e-01   5.1516262e-03   3.7451185e-04   3.2895384e-03
   4.5025639e-02  -1.0297058e-01  -1.0623539e-01   4.6003279e-03  -2.9114568e-04   3.3862102e-03
   5.8387689e-02  -1.2748715e-01  -6.7374384e-02   4.1052799e-03  -3.1938647e-05   3.4100083e-03
   5.4007665e-02  -9.6975799e-02  -5.2254268e-02   3.2232243e-03  -5.9939535e-05   3.1065917e-03
   5.0521201e-02  -9.5282848e-02  -4.6568750e-02   3.4804368e-03   8.7534093e-05   2.7667023e-03
   5.4228375e-02  -1.1800851e-01   1.6951962e-02   3.5223949e-03   3.7183974e-04   2.5868064e-03
   5.2226205e-02  -8.8375770e-02   2.2655816e-02   3.9935739e-03   7.0769474e-04   2.4625679e-03
   3.6352003e-02  -1.3378452e-01   1.1020984e-01   4.2800518e-03   1.4842104e-03   2.8277902e-03
   2.5597812e-02  -1.5675619e-01   9.5257793e-02   4.2413564e-03   1.5721240e-03   2.6511609e-03
   3.8586579e-02  -1.5559243e-01   1.3290631e-01   4.0682244e-03   1.7223644e-03   2.6835920e-03
   3.5149556e-02  -1.5668124e-01   1.3383950e-01   4.1582259e-03   2.4198403e-03   2.4959126e-03
   4.3151215e-02  -1.6005788e-01   1.3677614e-01   3.7211887e-03   2.7328484e-03   2.9300388e-03
   6.1043779e-02  -1.6495759e-01   1.1595886e-01   3.0408890e-03   3.2599579e-03   3.0558323e-03
   5.8484572e-02  -1.8214330e-01   1.1777099e-01   3.2451454e-03   3.7811942e-03   2.9446722e-03
   6.2108118e-02  -1.5018576e-01   7.9114488e-02   3.0748420e-03   3.6152420e-03   3.0192724e-03
   7.6219440e-02  -1.8421694e-01   1.1094251e-01   3.8228860e-03   3.6981586e-03   3.4669691e-03
   7.6633707e-02  -1.5200694e-01   7.8714333e-02   4.1878853e-03   4.2072439e-03   3.6999672e-03
   7.7701544e-02  -1.5336630e-01   4.5642074e-02   4.1651020e-03   4.2993639e-03   3.8343301e-03
   8.1549043e-02  -1.6852820e-01   7.1643259e-02   4.1480750e-03   4.3378227e-03   3.5714277e-03
   7.7407045e-02  -1.4577394e-01   6.7214710e-03   4.2607123e-03   4.5285147e-03   3.5677478e-03
   9.9785996e-02  -1.9172773e-01   1.2156574e-03   5.2346677e-03   4.5168292e-03   3.8474882e-03
   1.1036700e-01  -2.0918331e-01  -1.2411887e-02   5.2073933e-03   3.4865138e-03   3.6914874e-03
   1.0759188e-01  -1.7657508e-01  -1.2605490e-01   4.7905308e-03   1.5958335e-03   2.6303520e-03
   1.1155150e-01  -1.9398464e-01  -1.3591174e-01   4.1836819e-03   2.0166323e-03   2.6049514e-03
   9.8817782e-02  -2.0246003e-01  -1.6236705e-02   4.1001098e-03   2.9480374e-03   2.4536292e-03
   9.0754934e-02  -1.6925995e-01  -4.4390436e-02   3.5189988e-03   3.0966944e-03   2.8148507e-03
   7.8205033e-02  -2.0796966e-01  -4.1378808e-02   3.4466395e-03   3.3758084e-03   2.3690241e-03
   6.9259757e-02  -1.8286406e-01  -4.9187046e-02   2.8387438e-03   3.7857652e-03   2.0086280e-03
   7.1490538e-02  -1.3768137e-01  -1.1008220e-01   3.2631697e-03   2.4877502e-03   2.1687400e-03
   3.7102899e-02  -1.4883241e-01  -1.5705110e-01   2.8567697e-03   3.3288866e-03   1.7859421e-03
   2.2904137e-02  -1.5300135e-01  -1.3996301e-01   3.1294911e-03   4.0368400e-03   1.2382138e-03
   1.6223635e-02  -1.7185883e-01  -1.4148023e-01   3.2011006e-03   3.6867872e-03   9.0615279e-04
   3.0529658e-03  -2.1709033e-01  -7.8651164e-02   4.3528467e-03   4.0927041e-03   1.1600561e-03
  -2.7678494e-02  -2.1064848e-01  -3.3725152e-02   4.5720725e-03   5.2207150e-03   1.1634088e-03
  -2.8093519e-02  -1.9608144e-01  -5.6062021e-02   4.7311415e-03   5.3265763e-03   1.1868573e-03
  -1.6783118e-02  -2.1279727e-01  -3.6572552e-02   5.1074588e-03   5.6246117e-03   1.7303388e-03
  -1.9508092e-03  -1.8146161e-01  -3.8359007e-02   4.8220058e-03   5.7282340e-03   2.0990835e-03
   2.6377783e-03  -2.4169394e-01  -1.7477042e-02   5.8164218e-03   5.7994109e-03   2.5259100e-03
   1.1126330e-02  -2.3718717e-01  -1.6430413e-04   6.1523876e-03   5.6071088e-03   2.3805143e-03
   1.9387362e-02  -2.5026300e-01   9.1821317e-03   7.1166995e-03   5.5889677e-03   2.8012710e-03
   1.4725294e-02  -2.9401285e-01   1.0842865e-01   8.2160039e-03   4.9646464e-03   3.2978862e-03
   2.4099506e-02  -2.7492811e-01   9.8831604e-02   8.1678174e-03   4.7680041e-03   3.9781657e-03
   2.4558927e-02  -2.7130479e-01   1.1959006e-01   8.6074568e-03   4.7697805e-03   4.4474505e-03
   1.4685671e-02  -3.0505063e-01   2.1493826e-01   8.7380354e-03   4.0110805e-03   4.5166350e-03
   1.0189038e-02  -2.5655252e-01   2.4664339e-01   8.1998585e-03   3.6390301e-03   4.4416695e-03
   4.0086835e-03  -2.9559882e-01   2.6214799e-01   8.8371222e-03   3.5873210e-03   5.1323643e-03
  -9.9945144e-04  -2.9803545e-01   2.1352169e-01   8.2762514e-03   3.4468372e-03   4.7833580e-03
  -1.3793948e-02  -2.9905088e-01   2.6226451e-01   8.8014102e-03   3.2445957e-03   4.6505686e-03
  -4.1381457e-03  -2.9949791e-01   3.2454942e-01   8.2013074e-03   3.4698977e-03   4.9800051e-03
  -3.2375207e-03  -3.2512506e-01   4.2625698e-01   7.6179284e-03   3.4562856e-03   4.7592170e-03
   1.7669769e-02  -3.0951771e-01   1.3434493e-01   5.9172093e-03   1.8967612e-03   2.8448804e-03
   5.3787058e-02  -3.9124904e-01   1.2017107e-01   5.8298674e-03   1.8080252e-03   4.7950132e-03
   8.0038663e-02  -3.6314238e-01  -1.0308743e-01   5.4110687e-03   8.4639153e-04   5.4897348e-03
   3.8917026e-02  -3.0215609e-01   3.5741836e-02   7.1702848e-03  -5.3544572e-04   5.1185881e-03
   4.9075895e-02  -2.4595711e-01   1.0871631e-02   6.2667339e-03  -6.6083748e-04   4.8659692e-03
   4.3395955e-02  -2.4175066e-01   8.1953038e-04   6.6014056e-03  -1.0519904e-03   4.8399301e-03
   2.0828434e-02  -2.9361719e-01   6.2487909e-02   6.7358141e-03  -2.3712240e-04   4.5991643e-03
   3.2131268e-02  -2.8625840e-01   7.2014308e-02   7.2110126e-03   2.2068428e-04   4.3761306e-03
   3.2442568e-02  -3.3259643e-01   3.0073469e-02   8.7698724e-03   1.1300268e-03   4.0836803e-03
   3.0213631e-02  -3.2453288e-01   5.7021381e-02   1.0052740e-02   2.7282178e-03   4.5537139e-03
   4.0693047e-02  -3.2227504e-01   6.3937713e-02   1.0279920e-02   2.5758541e-03   4.6831420e-03
   4.3901380e-02  -3.4980539e-01   1.2135078e-01   9.9914230e-03   3.0736968e-03   4.8702353e-03
   3.5027427e-02  -3.5883730e-01   1.3595810e-01   9.7660637e-03   3.1302195e-03   4.5530032e-03
   2.4773164e-02  -3.7932312e-01   1.6712508e-01   8.9085607e-03   3.0238465e-03   3.2690762e-03
   2.2580571e-02  -3.6892270e-01   1.5134383e-01   9.0908290e-03   3.1328940e-03   3.1052065e-03
   2.6102602e-02  -3.4885330e-01   1.3258790e-01   7.8815729e-03   3.6638295e-03   2.8619094e-03
   2.0529955e-02  -3.7180128e-01   5.9671372e-02   6.9643811e-03   3.1936761e-03   3.0611058e-03
